 # X Y T Z 
   0.00000000       0.00000000       3.5470878027767799E-008
   3.33333351E-02   0.00000000       3.4446159472532878E-008
   6.66666701E-02   0.00000000       3.2583018560474429E-008
  0.100000001       0.00000000       3.0224380105354880E-008
  0.133333340       0.00000000       2.7801042316671042E-008
  0.166666672       0.00000000       2.5725912457274548E-008
  0.200000003       0.00000000       2.4326727571374537E-008
  0.233333334       0.00000000       2.3813162825740003E-008
  0.266666681       0.00000000       2.4270717488301258E-008
  0.300000012       0.00000000       2.5689598083999607E-008
  0.333333343       0.00000000       2.7989802611500664E-008
  0.366666675       0.00000000       3.1053479892769256E-008
  0.400000006       0.00000000       3.4610025819239998E-008
  0.433333337       0.00000000       3.8070743313065036E-008
  0.466666669       0.00000000       4.0940644628357364E-008
  0.500000000       0.00000000       4.3176870292852346E-008
  0.533333361       0.00000000       4.4018959661140319E-008
  0.566666663       0.00000000       4.3450636773474660E-008
  0.600000024       0.00000000       4.0715172162572588E-008
  0.633333325       0.00000000       3.5089872218400237E-008
  0.666666687       0.00000000       2.8722590051169505E-008
  0.699999988       0.00000000       2.2456744514301463E-008
  0.733333349       0.00000000       1.6911206163292697E-008
  0.766666651       0.00000000       1.2474893740840182E-008
  0.800000012       0.00000000       9.1748695719810758E-009
  0.833333313       0.00000000       6.8361793331174481E-009
  0.866666675       0.00000000       5.2336146722821442E-009
  0.899999976       0.00000000       4.1670536097236643E-009
  0.933333337       0.00000000       3.4845449290756003E-009
  0.966666639       0.00000000       3.0819399757936461E-009
   1.00000000       0.00000000       2.8956092384957444E-009
   0.00000000       3.33333351E-02   3.4446159472532878E-008
   3.33333351E-02   3.33333351E-02   3.3328545527675120E-008
   6.66666701E-02   3.33333351E-02   3.1291912072476703E-008
  0.100000001       3.33333351E-02   2.8704138407094001E-008
  0.133333340       3.33333351E-02   2.6019984901296325E-008
  0.166666672       3.33333351E-02   2.3668217810006269E-008
  0.200000003       3.33333351E-02   2.1978384195063538E-008
  0.233333334       3.33333351E-02   2.1162681037049588E-008
  0.266666681       3.33333351E-02   2.1328486067995894E-008
  0.300000012       3.33333351E-02   2.2510364521390394E-008
  0.333333343       3.33333351E-02   2.4718001404369638E-008
  0.366666675       3.33333351E-02   2.7931419902893842E-008
  0.400000006       3.33333351E-02   3.1935201781846737E-008
  0.433333337       3.33333351E-02   3.5957562107523378E-008
  0.466666669       3.33333351E-02   3.8880896099718551E-008
  0.500000000       3.33333351E-02   4.2563137706615878E-008
  0.533333361       3.33333351E-02   4.5274420774682120E-008
  0.566666663       3.33333351E-02   4.7832235880018031E-008
  0.600000024       3.33333351E-02   4.6136102923276245E-008
  0.633333325       3.33333351E-02   3.8086254602366643E-008
  0.666666687       3.33333351E-02   3.0618183149023342E-008
  0.699999988       3.33333351E-02   2.3308105992578959E-008
  0.733333349       3.33333351E-02   1.6806896175995678E-008
  0.766666651       3.33333351E-02   1.1869582261948147E-008
  0.800000012       3.33333351E-02   8.4353350597934917E-009
  0.833333313       3.33333351E-02   6.1486219687760524E-009
  0.866666675       3.33333351E-02   4.6602545351361047E-009
  0.899999976       3.33333351E-02   3.7084484662795736E-009
  0.933333337       3.33333351E-02   3.1170547310811758E-009
  0.966666639       3.33333351E-02   2.7751868919220768E-009
   1.00000000       3.33333351E-02   2.6188347939867795E-009
   0.00000000       6.66666701E-02   3.2583018560474429E-008
   3.33333351E-02   6.66666701E-02   3.1291912072476703E-008
   6.66666701E-02   6.66666701E-02   2.8932273525637646E-008
  0.100000001       6.66666701E-02   2.5917714092178919E-008
  0.133333340       6.66666701E-02   2.2749282853232015E-008
  0.166666672       6.66666701E-02   1.9881324768889104E-008
  0.200000003       6.66666701E-02   1.7636783482656918E-008
  0.233333334       6.66666701E-02   1.6230104323651171E-008
  0.266666681       6.66666701E-02   1.5807734888651295E-008
  0.300000012       6.66666701E-02   1.6413992031229577E-008
  0.333333343       6.66666701E-02   1.8212119458132711E-008
  0.366666675       6.66666701E-02   2.1275414582638472E-008
  0.400000006       6.66666701E-02   2.5728322604334775E-008
  0.433333337       6.66666701E-02   3.1695648022639009E-008
  0.466666669       6.66666701E-02   3.4224967058755357E-008
  0.500000000       6.66666701E-02   4.5648211028856411E-008
  0.533333361       6.66666701E-02   5.5037609980991900E-008
  0.566666663       6.66666701E-02   6.8025579448918738E-008
  0.600000024       6.66666701E-02   6.3072909078747130E-008
  0.633333325       6.66666701E-02   4.3409566869920257E-008
  0.666666687       6.66666701E-02   3.4912515834480823E-008
  0.699999988       6.66666701E-02   2.5557581909748522E-008
  0.733333349       6.66666701E-02   1.6410498285789055E-008
  0.766666651       6.66666701E-02   1.0312042930064186E-008
  0.800000012       6.66666701E-02   6.7066343624466729E-009
  0.833333313       6.66666701E-02   4.6419693453675359E-009
  0.866666675       6.66666701E-02   3.4602163924944696E-009
  0.899999976       6.66666701E-02   2.7796020459283644E-009
  0.933333337       6.66666701E-02   2.3898579070563697E-009
  0.966666639       6.66666701E-02   2.1775238287849441E-009
   1.00000000       6.66666701E-02   2.0838772400375016E-009
   0.00000000      0.100000001       3.0224380105354880E-008
   3.33333351E-02  0.100000001       2.8704138407094001E-008
   6.66666701E-02  0.100000001       2.5917714092178919E-008
  0.100000001      0.100000001       2.2340524552045063E-008
  0.133333340      0.100000001       1.8543523847090043E-008
  0.166666672      0.100000001       1.5000126786296128E-008
  0.200000003      0.100000001       1.2005031645428293E-008
  0.233333334      0.100000001       9.7766149926171303E-009
  0.266666681      0.100000001       8.5637012737192764E-009
  0.300000012      0.100000001       8.0930297593692635E-009
  0.333333343      0.100000001       8.8923792426753856E-009
  0.366666675      0.100000001       1.1004680815478868E-008
  0.400000006      0.100000001       1.2959989341898223E-008
  0.433333337      0.100000001       3.1634440812548792E-008
  0.466666669      0.100000001       6.1658447529557708E-008
  0.500000000      0.100000001       1.3852182382525710E-007
  0.533333361      0.100000001       1.7137796959310579E-007
  0.566666663      0.100000001       1.8560321980243613E-007
  0.600000024      0.100000001       9.9922566780498087E-008
  0.633333325      0.100000001       4.0633565621603362E-008
  0.666666687      0.100000001       4.3556934011413501E-008
  0.699999988      0.100000001       3.2369507527076763E-008
  0.733333349      0.100000001       1.5194064742485303E-008
  0.766666651      0.100000001       6.8762575798284042E-009
  0.800000012      0.100000001       3.4328083934470621E-009
  0.833333313      0.100000001       2.0720620826780722E-009
  0.866666675      0.100000001       1.5573288813033881E-009
  0.899999976      0.100000001       1.3801718093051085E-009
  0.933333337      0.100000001       1.3327063753780510E-009
  0.966666639      0.100000001       1.3289991386035427E-009
   1.00000000      0.100000001       1.3335947103565449E-009
   0.00000000      0.133333340       2.7801042316671042E-008
   3.33333351E-02  0.133333340       2.6019984901296325E-008
   6.66666701E-02  0.133333340       2.2749282853232015E-008
  0.100000001      0.133333340       1.8543523847090043E-008
  0.133333340      0.133333340       1.4050861364385894E-008
  0.166666672      0.133333340       9.7481076919304216E-009
  0.200000003      0.133333340       5.8704342107904206E-009
  0.233333334      0.133333340       2.7655104204923897E-009
  0.266666681      0.133333340       9.9220971282870662E-010
  0.300000012      0.133333340      -1.4815470579954831E-009
  0.333333343      0.133333340      -2.7316169200729268E-009
  0.366666675      0.133333340       1.1474741865025173E-008
  0.400000006      0.133333340       6.6215929151727457E-007
  0.433333337      0.133333340       1.4816989827798679E-006
  0.466666669      0.133333340       2.7627945338427017E-006
  0.500000000      0.133333340       3.6727340963112198E-006
  0.533333361      0.133333340       3.9359508201804519E-006
  0.566666663      0.133333340       2.9875958549321034E-006
  0.600000024      0.133333340       2.0021964535431834E-006
  0.633333325      0.133333340       1.1046998931707984E-006
  0.666666687      0.133333340       6.9564050029450458E-008
  0.699999988      0.133333340       6.4108043828798450E-008
  0.733333349      0.133333340       1.1757245407719580E-008
  0.766666651      0.133333340      -3.9417577925651703E-010
  0.800000012      0.133333340      -2.2157479475336250E-009
  0.833333313      0.133333340      -1.7935021107140514E-009
  0.866666675      0.133333340      -1.0532169953877957E-009
  0.899999976      0.133333340      -4.2401190544771872E-010
  0.933333337      0.133333340       2.6193887770614710E-011
  0.966666639      0.133333340       3.0898750225105687E-010
   1.00000000      0.133333340       4.4450716935387491E-010
   0.00000000      0.166666672       2.5725912457274548E-008
   3.33333351E-02  0.166666672       2.3668217810006269E-008
   6.66666701E-02  0.166666672       1.9881324768889104E-008
  0.100000001      0.166666672       1.5000126786296128E-008
  0.133333340      0.166666672       9.7481076919304216E-009
  0.166666672      0.166666672       4.6088731438069519E-009
  0.200000003      0.166666672       8.6908329925000638E-012
  0.233333334      0.166666672      -3.0223255835949009E-009
  0.266666681      0.166666672      -3.3701873555346679E-009
  0.300000012      0.166666672      -9.7498202083438207E-009
  0.333333343      0.166666672       6.1596077892021525E-007
  0.366666675      0.166666672       2.4844505306259070E-006
  0.400000006      0.166666672       6.4395422731278879E-006
  0.433333337      0.166666672       1.3541198990217693E-005
  0.466666669      0.166666672       2.2487072719544650E-005
  0.500000000      0.166666672       2.8709073396393590E-005
  0.533333361      0.166666672       2.7881441024134312E-005
  0.566666663      0.166666672       2.0826149053898829E-005
  0.600000024      0.166666672       1.1819611450792494E-005
  0.633333325      0.166666672       5.3775680751021356E-006
  0.666666687      0.166666672       2.2878341518596870E-006
  0.699999988      0.166666672       2.7896990546132441E-007
  0.733333349      0.166666672       5.7566392082895879E-009
  0.766666651      0.166666672      -1.3343068415785919E-008
  0.800000012      0.166666672      -1.0460936070069010E-008
  0.833333313      0.166666672      -6.7122345945302975E-009
  0.866666675      0.166666672      -4.0935881117157291E-009
  0.899999976      0.166666672      -2.4101014044729252E-009
  0.933333337      0.166666672      -1.3600828913627738E-009
  0.966666639      0.166666672      -7.4767980695611413E-010
   1.00000000      0.166666672      -4.6504424313156822E-010
   0.00000000      0.200000003       2.4326727571374537E-008
   3.33333351E-02  0.200000003       2.1978384195063538E-008
   6.66666701E-02  0.200000003       1.7636783482656918E-008
  0.100000001      0.200000003       1.2005031645428293E-008
  0.133333340      0.200000003       5.8704342107904206E-009
  0.166666672      0.200000003       8.6908329925000638E-012
  0.200000003      0.200000003      -3.6402327289672409E-009
  0.233333334      0.200000003      -1.5066314088246074E-009
  0.266666681      0.200000003       1.1069030041079703E-008
  0.300000012      0.200000003       1.4933627985836903E-006
  0.333333343      0.200000003       5.7656103798174596E-006
  0.366666675      0.200000003       1.8659209893693435E-005
  0.400000006      0.200000003       4.8795550426476448E-005
  0.433333337      0.200000003       9.8582530823449702E-005
  0.466666669      0.200000003       1.5202667648231546E-004
  0.500000000      0.200000003       1.7800349020288906E-004
  0.533333361      0.200000003       1.5800476186156017E-004
  0.566666663      0.200000003       1.0642154537665290E-004
  0.600000024      0.200000003       5.4480551322664151E-005
  0.633333325      0.200000003       2.1499267310978818E-005
  0.666666687      0.200000003       6.8265942662175394E-006
  0.699999988      0.200000003       1.8392355260405183E-006
  0.733333349      0.200000003       6.5039469094706898E-008
  0.766666651      0.200000003      -2.1237169558520341E-008
  0.800000012      0.200000003      -1.7871278997026036E-008
  0.833333313      0.200000003      -1.1073298472174392E-008
  0.866666675      0.200000003      -6.7332297909970806E-009
  0.899999976      0.200000003      -4.1182452361482325E-009
  0.933333337      0.200000003      -2.5461722417963184E-009
  0.966666639      0.200000003      -1.6473654254958725E-009
   1.00000000      0.200000003      -1.2366172890375393E-009
   0.00000000      0.233333334       2.3813162825740003E-008
   3.33333351E-02  0.233333334       2.1162681037049588E-008
   6.66666701E-02  0.233333334       1.6230104323651171E-008
  0.100000001      0.233333334       9.7766149926171303E-009
  0.133333340      0.233333334       2.7655104204923897E-009
  0.166666672      0.233333334      -3.0223255835949009E-009
  0.200000003      0.233333334      -1.5066314088246074E-009
  0.233333334      0.233333334       2.1948751814746675E-008
  0.266666681      0.233333334       2.1994853818679827E-006
  0.300000012      0.233333334       9.7085700706649181E-006
  0.333333343      0.233333334       3.8589393492171036E-005
  0.366666675      0.233333334       1.2215453351428589E-004
  0.400000006      0.233333334       2.9667938054655195E-004
  0.433333337      0.233333334       5.4831050853577923E-004
  0.466666669      0.233333334       7.6880940372265087E-004
  0.500000000      0.233333334       8.1742748957822856E-004
  0.533333361      0.233333334       6.5972642364773779E-004
  0.566666663      0.233333334       4.0479421581850758E-004
  0.600000024      0.233333334       1.8897101980729146E-004
  0.633333325      0.233333334       6.7114993303796916E-005
  0.666666687      0.233333334       1.8378970924127006E-005
  0.699999988      0.233333334       4.2575864548385998E-006
  0.733333349      0.233333334       1.0767697391149238E-006
  0.766666651      0.233333334      -1.1353911419115931E-007
  0.800000012      0.233333334      -2.6114268113826972E-008
  0.833333313      0.233333334      -1.2712515092255100E-008
  0.866666675      0.233333334      -7.7744303529636571E-009
  0.899999976      0.233333334      -4.9383047525351775E-009
  0.933333337      0.233333334      -3.1891872714732983E-009
  0.966666639      0.233333334      -2.1663813859137959E-009
   1.00000000      0.233333334      -1.6930428630226868E-009
   0.00000000      0.266666681       2.4270717488301258E-008
   3.33333351E-02  0.266666681       2.1328486067995894E-008
   6.66666701E-02  0.266666681       1.5807734888651295E-008
  0.100000001      0.266666681       8.5637012737192764E-009
  0.133333340      0.266666681       9.9220971282870662E-010
  0.166666672      0.266666681      -3.3701873555346679E-009
  0.200000003      0.266666681       1.1069030041079703E-008
  0.233333334      0.266666681       2.1994853818679827E-006
  0.266666681      0.266666681       1.1707790531979845E-005
  0.300000012      0.266666681       5.5494923624067535E-005
  0.333333343      0.266666681       2.1139233619772366E-004
  0.366666675      0.266666681       6.1499423435324102E-004
  0.400000006      0.266666681       1.3574304365737062E-003
  0.433333337      0.266666681       2.2722424257669632E-003
  0.466666669      0.266666681       2.8839222093056615E-003
  0.500000000      0.266666681       2.7784766386895368E-003
  0.533333361      0.266666681       2.0391842286276393E-003
  0.566666663      0.266666681       1.1422190471032457E-003
  0.600000024      0.266666681       4.8696959152199704E-004
  0.633333325      0.266666681       1.5734987974279921E-004
  0.666666687      0.266666681       3.8669048812854439E-005
  0.699999988      0.266666681       7.6641682762474284E-006
  0.733333349      0.266666681       1.2308792520479735E-006
  0.766666651      0.266666681       2.5292760903478789E-008
  0.800000012      0.266666681      -5.0613350129936896E-009
  0.833333313      0.266666681      -8.0323976571657074E-009
  0.866666675      0.266666681      -6.2981681974751125E-009
  0.899999976      0.266666681      -4.4264315789133146E-009
  0.933333337      0.266666681      -3.0192180678310920E-009
  0.966666639      0.266666681      -2.1168273219365763E-009
   1.00000000      0.266666681      -1.6804853068992653E-009
   0.00000000      0.300000012       2.5689598083999607E-008
   3.33333351E-02  0.300000012       2.2510364521390394E-008
   6.66666701E-02  0.300000012       1.6413992031229577E-008
  0.100000001      0.300000012       8.0930297593692635E-009
  0.133333340      0.300000012      -1.4815470579954831E-009
  0.166666672      0.300000012      -9.7498202083438207E-009
  0.200000003      0.300000012       1.4933627985836903E-006
  0.233333334      0.300000012       9.7085700706649181E-006
  0.266666681      0.300000012       5.5494923624067535E-005
  0.300000012      0.300000012       2.5373887769381074E-004
  0.333333343      0.300000012       8.8378895566034333E-004
  0.366666675      0.300000012       2.3289054931486817E-003
  0.400000006      0.300000012       4.6490147058116799E-003
  0.433333337      0.300000012       7.0311783368916889E-003
  0.466666669      0.300000012       8.0611384193222564E-003
  0.500000000      0.300000012       7.0405273616359412E-003
  0.533333361      0.300000012       4.7089935794840145E-003
  0.566666663      0.300000012       2.4084297153237483E-003
  0.600000024      0.300000012       9.3600945358460522E-004
  0.633333325      0.300000012       2.7491934377766713E-004
  0.666666687      0.300000012       6.1122579843964769E-005
  0.699999988      0.300000012       1.0623596270962262E-005
  0.733333349      0.300000012       1.7577948991148642E-006
  0.766666651      0.300000012       1.9489453727955519E-008
  0.800000012      0.300000012       9.3860865512176983E-009
  0.833333313      0.300000012      -3.4319358726414562E-010
  0.866666675      0.300000012      -2.7027862795070412E-009
  0.899999976      0.300000012      -2.6024083357029104E-009
  0.933333337      0.300000012      -1.9712146645881057E-009
  0.966666639      0.300000012      -1.4163277169999822E-009
   1.00000000      0.300000012      -1.1158094439731037E-009
   0.00000000      0.333333343       2.7989802611500664E-008
   3.33333351E-02  0.333333343       2.4718001404369638E-008
   6.66666701E-02  0.333333343       1.8212119458132711E-008
  0.100000001      0.333333343       8.8923792426753856E-009
  0.133333340      0.333333343      -2.7316169200729268E-009
  0.166666672      0.333333343       6.1596077892021525E-007
  0.200000003      0.333333343       5.7656103798174596E-006
  0.233333334      0.333333343       3.8589393492171036E-005
  0.266666681      0.333333343       2.1139233619772366E-004
  0.300000012      0.333333343       8.8378895566034333E-004
  0.333333343      0.333333343       2.7860732421532406E-003
  0.366666675      0.333333343       6.6369501101700146E-003
  0.400000006      0.333333343       1.1960626328346111E-002
  0.433333337      0.333333343       1.6303113079353056E-002
  0.466666669      0.333333343       1.6893208696407851E-002
  0.500000000      0.333333343       1.3428372289458857E-002
  0.533333361      0.333333343       8.2002860188307072E-003
  0.566666663      0.333333343       3.8192600220264680E-003
  0.600000024      0.333333343       1.3473228611042107E-003
  0.633333325      0.333333343       3.5879715359458529E-004
  0.666666687      0.333333343       7.2258207964081894E-005
  0.699999988      0.333333343       1.1462880129016386E-005
  0.733333349      0.333333343       1.6887970935570810E-006
  0.766666651      0.333333343      -2.9631076294868441E-008
  0.800000012      0.333333343       1.1755713692860464E-008
  0.833333313      0.333333343       5.2457245791094620E-009
  0.866666675      0.333333343       1.2920712004656221E-009
  0.899999976      0.333333343      -1.4865691143339799E-012
  0.933333337      0.333333343      -2.1565603339560036E-010
  0.966666639      0.333333343      -1.1649305521957420E-010
   1.00000000      0.333333343      -1.3386008230684143E-011
   0.00000000      0.366666675       3.1053479892769256E-008
   3.33333351E-02  0.366666675       2.7931419902893842E-008
   6.66666701E-02  0.366666675       2.1275414582638472E-008
  0.100000001      0.366666675       1.1004680815478868E-008
  0.133333340      0.366666675       1.1474741865025173E-008
  0.166666672      0.366666675       2.4844505306259070E-006
  0.200000003      0.366666675       1.8659209893693435E-005
  0.233333334      0.366666675       1.2215453351428589E-004
  0.266666681      0.366666675       6.1499423435324102E-004
  0.300000012      0.366666675       2.3289054931486817E-003
  0.333333343      0.366666675       6.6369501101700146E-003
  0.366666675      0.366666675       1.4270258202187707E-002
  0.400000006      0.366666675       2.3149721345260232E-002
  0.433333337      0.366666675       2.8451550581347705E-002
  0.466666669      0.366666675       2.6805723764786678E-002
  0.500000000      0.366666675       1.9471740690305557E-002
  0.533333361      0.366666675       1.0823335094090310E-002
  0.566666663      0.366666675       4.5646023546565932E-003
  0.600000024      0.366666675       1.4562930293688537E-003
  0.633333325      0.366666675       3.5118500069061809E-004
  0.666666687      0.366666675       6.4261674774623032E-005
  0.699999988      0.366666675       9.2779509468781263E-006
  0.733333349      0.366666675       1.0200442285969273E-006
  0.766666651      0.366666675       1.1657946348726800E-009
  0.800000012      0.366666675       1.7590117194418720E-008
  0.833333313      0.366666675       9.9497904160542050E-009
  0.866666675      0.366666675       5.1416752808522426E-009
  0.899999976      0.366666675       2.9074408260717360E-009
  0.933333337      0.366666675       1.9761210259296169E-009
  0.966666639      0.366666675       1.6275626777296354E-009
   1.00000000      0.366666675       1.5201854241565782E-009
   0.00000000      0.400000006       3.4610025819239998E-008
   3.33333351E-02  0.400000006       3.1935201781846737E-008
   6.66666701E-02  0.400000006       2.5728322604334775E-008
  0.100000001      0.400000006       1.2959989341898223E-008
  0.133333340      0.400000006       6.6215929151727457E-007
  0.166666672      0.400000006       6.4395422731278879E-006
  0.200000003      0.400000006       4.8795550426476448E-005
  0.233333334      0.400000006       2.9667938054655195E-004
  0.266666681      0.400000006       1.3574304365737062E-003
  0.300000012      0.400000006       4.6490147058116799E-003
  0.333333343      0.400000006       1.1960626328346111E-002
  0.366666675      0.400000006       2.3149721345260232E-002
  0.400000006      0.400000006       3.3829919896826557E-002
  0.433333337      0.400000006       3.7782045832015242E-002
  0.466666669      0.400000006       3.2568581453114212E-002
  0.500000000      0.400000006       2.1539273382915766E-002
  0.533333361      0.400000006       1.0817338737705372E-002
  0.566666663      0.400000006       4.1149333446363883E-003
  0.600000024      0.400000006       1.1860990119299795E-003
  0.633333325      0.400000006       2.5882970275125901E-004
  0.666666687      0.400000006       4.2972432595149435E-005
  0.699999988      0.400000006       5.7411288703367903E-006
  0.733333349      0.400000006       2.2191101945530541E-007
  0.766666651      0.400000006       2.9783738178003338E-008
  0.800000012      0.400000006       2.1602953683298037E-008
  0.833333313      0.400000006       1.3751946640033069E-008
  0.866666675      0.400000006       8.5865097692629233E-009
  0.899999976      0.400000006       5.7795060293564654E-009
  0.933333337      0.400000006       4.3246697577214999E-009
  0.966666639      0.400000006       3.6085703231970856E-009
   1.00000000      0.400000006       3.3168488270621937E-009
   0.00000000      0.433333337       3.8070743313065036E-008
   3.33333351E-02  0.433333337       3.5957562107523378E-008
   6.66666701E-02  0.433333337       3.1695648022639009E-008
  0.100000001      0.433333337       3.1634440812548792E-008
  0.133333340      0.433333337       1.4816989827798679E-006
  0.166666672      0.433333337       1.3541198990217693E-005
  0.200000003      0.433333337       9.8582530823449702E-005
  0.233333334      0.433333337       5.4831050853577923E-004
  0.266666681      0.433333337       2.2722424257669632E-003
  0.300000012      0.433333337       7.0311783368916889E-003
  0.333333343      0.433333337       1.6303113079353056E-002
  0.366666675      0.433333337       2.8451550581347705E-002
  0.400000006      0.433333337       3.7782045832015242E-002
  0.433333337      0.433333337       3.8628238940854931E-002
  0.466666669      0.433333337       3.0327399775711954E-002
  0.500000000      0.433333337       1.8091640362056047E-002
  0.533333361      0.433333337       8.1774647481056510E-003
  0.566666663      0.433333337       2.8058518176228490E-003
  0.600000024      0.433333337       7.3055830825021991E-004
  0.633333325      0.433333337       1.4426535579179054E-004
  0.666666687      0.433333337       2.1821159243450450E-005
  0.699999988      0.433333337       2.6928834608709682E-006
  0.733333349      0.433333337       8.9563962283115139E-008
  0.766666651      0.433333337       2.6280507144180870E-008
  0.800000012      0.433333337       2.0912557145615768E-008
  0.833333313      0.433333337       1.5395903077593254E-008
  0.866666675      0.433333337       1.1076111462900162E-008
  0.899999976      0.433333337       8.2595245445588744E-009
  0.933333337      0.433333337       6.5561441455874031E-009
  0.966666639      0.433333337       5.6077596915019012E-009
   1.00000000      0.433333337       5.1870835467583004E-009
   0.00000000      0.466666669       4.0940644628357364E-008
   3.33333351E-02  0.466666669       3.8880896099718551E-008
   6.66666701E-02  0.466666669       3.4224967058755357E-008
  0.100000001      0.466666669       6.1658447529557708E-008
  0.133333340      0.466666669       2.7627945338427017E-006
  0.166666672      0.466666669       2.2487072719544650E-005
  0.200000003      0.466666669       1.5202667648231546E-004
  0.233333334      0.466666669       7.6880940372265087E-004
  0.266666681      0.466666669       2.8839222093056615E-003
  0.300000012      0.466666669       8.0611384193222564E-003
  0.333333343      0.466666669       1.6893208696407851E-002
  0.366666675      0.466666669       2.6805723764786678E-002
  0.400000006      0.466666669       3.2568581453114212E-002
  0.433333337      0.466666669       3.0327399775711954E-002
  0.466666669      0.466666669       2.1463134427472164E-002
  0.500000000      0.466666669       1.1508533238181178E-002
  0.533333361      0.466666669       4.6876537869365515E-003
  0.566666663      0.466666669       1.4513588616702931E-003
  0.600000024      0.466666669       3.4098434567665713E-004
  0.633333325      0.466666669       6.1079296890287653E-005
  0.666666687      0.466666669       8.5230444464229685E-006
  0.699999988      0.466666669       6.7293808613411860E-007
  0.733333349      0.466666669       1.6868977555529324E-008
  0.766666651      0.466666669       2.1647639663474605E-008
  0.800000012      0.466666669       1.9426466299748285E-008
  0.833333313      0.466666669       1.6036986922240634E-008
  0.866666675      0.466666669       1.2752865188999860E-008
  0.899999976      0.466666669       1.0216812978318737E-008
  0.933333337      0.466666669       8.4891630587093092E-009
  0.966666639      0.466666669       7.4463916430525523E-009
   1.00000000      0.466666669       6.9608079382964261E-009
   0.00000000      0.500000000       4.3176870292852346E-008
   3.33333351E-02  0.500000000       4.2563137706615878E-008
   6.66666701E-02  0.500000000       4.5648211028856411E-008
  0.100000001      0.500000000       1.3852182382525710E-007
  0.133333340      0.500000000       3.6727340963112198E-006
  0.166666672      0.500000000       2.8709073396393590E-005
  0.200000003      0.500000000       1.7800349020288906E-004
  0.233333334      0.500000000       8.1742748957822856E-004
  0.266666681      0.500000000       2.7784766386895368E-003
  0.300000012      0.500000000       7.0405273616359412E-003
  0.333333343      0.500000000       1.3428372289458857E-002
  0.366666675      0.500000000       1.9471740690305557E-002
  0.400000006      0.500000000       2.1539273382915766E-002
  0.433333337      0.500000000       1.8091640362056047E-002
  0.466666669      0.500000000       1.1508533238181178E-002
  0.500000000      0.500000000       5.5591341663180586E-003
  0.533333361      0.500000000       2.0423417363321719E-003
  0.566666663      0.500000000       5.7004045868842747E-004
  0.600000024      0.500000000       1.2099865806924665E-004
  0.633333325      0.500000000       1.9895081165731063E-005
  0.666666687      0.500000000       2.5332946796856933E-006
  0.699999988      0.500000000       4.1631056083794166E-008
  0.733333349      0.500000000       2.1125717473546163E-008
  0.766666651      0.500000000       2.0986966193115714E-008
  0.800000012      0.500000000       1.9459757584407850E-008
  0.833333313      0.500000000       1.6762073802535291E-008
  0.866666675      0.500000000       1.3980034080677758E-008
  0.899999976      0.500000000       1.1695972355982992E-008
  0.933333337      0.500000000       1.0052699086788436E-008
  0.966666639      0.500000000       9.0174477132293901E-009
   1.00000000      0.500000000       8.5219757505090865E-009
   0.00000000      0.533333361       4.4018959661140319E-008
   3.33333351E-02  0.533333361       4.5274420774682120E-008
   6.66666701E-02  0.533333361       5.5037609980991900E-008
  0.100000001      0.533333361       1.7137796959310579E-007
  0.133333340      0.533333361       3.9359508201804519E-006
  0.166666672      0.533333361       2.7881441024134312E-005
  0.200000003      0.533333361       1.5800476186156017E-004
  0.233333334      0.533333361       6.5972642364773779E-004
  0.266666681      0.533333361       2.0391842286276393E-003
  0.300000012      0.533333361       4.7089935794840145E-003
  0.333333343      0.533333361       8.2002860188307072E-003
  0.366666675      0.533333361       1.0823335094090310E-002
  0.400000006      0.533333361       1.0817338737705372E-002
  0.433333337      0.533333361       8.1774647481056510E-003
  0.466666669      0.533333361       4.6876537869365515E-003
  0.500000000      0.533333361       2.0423417363321719E-003
  0.533333361      0.533333361       6.7601244201294180E-004
  0.566666663      0.533333361       1.7020541415388207E-004
  0.600000024      0.533333361       3.3037983156407715E-005
  0.633333325      0.533333361       5.0241209428659225E-006
  0.666666687      0.533333361       5.9024782505211204E-008
  0.699999988      0.533333361       3.6280281712468970E-008
  0.733333349      0.533333361       2.4440989745098951E-008
  0.766666651      0.533333361       2.2474259629094023E-008
  0.800000012      0.533333361       2.0031108024891331E-008
  0.833333313      0.533333361       1.7273176992904649E-008
  0.866666675      0.533333361       1.4752954465707679E-008
  0.899999976      0.533333361       1.2720085385388782E-008
  0.933333337      0.533333361       1.1235179565773773E-008
  0.966666639      0.533333361       1.0280041246426078E-008
   1.00000000      0.533333361       9.8157419481988833E-009
   0.00000000      0.566666663       4.3450636773474660E-008
   3.33333351E-02  0.566666663       4.7832235880018031E-008
   6.66666701E-02  0.566666663       6.8025579448918738E-008
  0.100000001      0.566666663       1.8560321980243613E-007
  0.133333340      0.566666663       2.9875958549321034E-006
  0.166666672      0.566666663       2.0826149053898829E-005
  0.200000003      0.566666663       1.0642154537665290E-004
  0.233333334      0.566666663       4.0479421581850758E-004
  0.266666681      0.566666663       1.1422190471032457E-003
  0.300000012      0.566666663       2.4084297153237483E-003
  0.333333343      0.566666663       3.8192600220264680E-003
  0.366666675      0.566666663       4.5646023546565932E-003
  0.400000006      0.566666663       4.1149333446363883E-003
  0.433333337      0.566666663       2.8058518176228490E-003
  0.466666669      0.566666663       1.4513588616702931E-003
  0.500000000      0.566666663       5.7004045868842747E-004
  0.533333361      0.566666663       1.7020541415388207E-004
  0.566666663      0.566666663       3.9012845790597443E-005
  0.600000024      0.566666663       7.1228409137286553E-006
  0.633333325      0.566666663       2.2660798097294717E-007
  0.666666687      0.566666663       6.3695915589277036E-008
  0.699999988      0.566666663       3.1107354691705530E-008
  0.733333349      0.566666663       2.3588983255867085E-008
  0.766666651      0.566666663       2.1850142210540560E-008
  0.800000012      0.566666663       1.9645682855897253E-008
  0.833333313      0.566666663       1.7244045719122525E-008
  0.866666675      0.566666663       1.5092274268648995E-008
  0.899999976      0.566666663       1.3358378135423787E-008
  0.933333337      0.566666663       1.2079827780859392E-008
  0.966666639      0.566666663       1.1247456356252086E-008
   1.00000000      0.566666663       1.0839120954519305E-008
   0.00000000      0.600000024       4.0715172162572588E-008
   3.33333351E-02  0.600000024       4.6136102923276245E-008
   6.66666701E-02  0.600000024       6.3072909078747130E-008
  0.100000001      0.600000024       9.9922566780498087E-008
  0.133333340      0.600000024       2.0021964535431834E-006
  0.166666672      0.600000024       1.1819611450792494E-005
  0.200000003      0.600000024       5.4480551322664151E-005
  0.233333334      0.600000024       1.8897101980729146E-004
  0.266666681      0.600000024       4.8696959152199704E-004
  0.300000012      0.600000024       9.3600945358460522E-004
  0.333333343      0.600000024       1.3473228611042107E-003
  0.366666675      0.600000024       1.4562930293688537E-003
  0.400000006      0.600000024       1.1860990119299795E-003
  0.433333337      0.600000024       7.3055830825021991E-004
  0.466666669      0.600000024       3.4098434567665713E-004
  0.500000000      0.600000024       1.2099865806924665E-004
  0.533333361      0.600000024       3.3037983156407715E-005
  0.566666663      0.600000024       7.1228409137286553E-006
  0.600000024      0.600000024       3.7659641089816433E-007
  0.633333325      0.600000024       9.8924887667779793E-008
  0.666666687      0.600000024       4.1524851617565778E-008
  0.699999988      0.600000024       2.3271454669977071E-008
  0.733333349      0.600000024       2.0980215109265773E-008
  0.766666651      0.600000024       2.0342862306352641E-008
  0.800000012      0.600000024       1.8763720187634989E-008
  0.833333313      0.600000024       1.6872632934913923E-008
  0.866666675      0.600000024       1.5134241164102558E-008
  0.899999976      0.600000024       1.3714930772882120E-008
  0.933333337      0.600000024       1.2658641452764630E-008
  0.966666639      0.600000024       1.1965729753175489E-008
   1.00000000      0.600000024       1.1624050741919356E-008
   0.00000000      0.633333325       3.5089872218400237E-008
   3.33333351E-02  0.633333325       3.8086254602366643E-008
   6.66666701E-02  0.633333325       4.3409566869920257E-008
  0.100000001      0.633333325       4.0633565621603362E-008
  0.133333340      0.633333325       1.1046998931707984E-006
  0.166666672      0.633333325       5.3775680751021356E-006
  0.200000003      0.633333325       2.1499267310978818E-005
  0.233333334      0.633333325       6.7114993303796916E-005
  0.266666681      0.633333325       1.5734987974279921E-004
  0.300000012      0.633333325       2.7491934377766713E-004
  0.333333343      0.633333325       3.5879715359458529E-004
  0.366666675      0.633333325       3.5118500069061809E-004
  0.400000006      0.633333325       2.5882970275125901E-004
  0.433333337      0.633333325       1.4426535579179054E-004
  0.466666669      0.633333325       6.1079296890287653E-005
  0.500000000      0.633333325       1.9895081165731063E-005
  0.533333361      0.633333325       5.0241209428659225E-006
  0.566666663      0.633333325       2.2660798097294717E-007
  0.600000024      0.633333325       9.8924887667779793E-008
  0.633333325      0.633333325       4.9447402828122627E-008
  0.666666687      0.633333325       2.9778396111804217E-008
  0.699999988      0.633333325       2.1345282103478469E-008
  0.733333349      0.633333325       1.9885693194757539E-008
  0.766666651      0.633333325       1.9166576587350062E-008
  0.800000012      0.633333325       1.7879902344504831E-008
  0.833333313      0.633333325       1.6390244429904943E-008
  0.866666675      0.633333325       1.5016825365881184E-008
  0.899999976      0.633333325       1.3888981472299361E-008
  0.933333337      0.633333325       1.3046019047609908E-008
  0.966666639      0.633333325       1.2491499699635727E-008
   1.00000000      0.633333325       1.2217619807996724E-008
   0.00000000      0.666666687       2.8722590051169505E-008
   3.33333351E-02  0.666666687       3.0618183149023342E-008
   6.66666701E-02  0.666666687       3.4912515834480823E-008
  0.100000001      0.666666687       4.3556934011413501E-008
  0.133333340      0.666666687       6.9564050029450458E-008
  0.166666672      0.666666687       2.2878341518596870E-006
  0.200000003      0.666666687       6.8265942662175394E-006
  0.233333334      0.666666687       1.8378970924127006E-005
  0.266666681      0.666666687       3.8669048812854439E-005
  0.300000012      0.666666687       6.1122579843964769E-005
  0.333333343      0.666666687       7.2258207964081894E-005
  0.366666675      0.666666687       6.4261674774623032E-005
  0.400000006      0.666666687       4.2972432595149435E-005
  0.433333337      0.666666687       2.1821159243450450E-005
  0.466666669      0.666666687       8.5230444464229685E-006
  0.500000000      0.666666687       2.5332946796856933E-006
  0.533333361      0.666666687       5.9024782505211204E-008
  0.566666663      0.666666687       6.3695915589277036E-008
  0.600000024      0.666666687       4.1524851617565778E-008
  0.633333325      0.666666687       2.9778396111804217E-008
  0.666666687      0.666666687       2.2708257900374423E-008
  0.699999988      0.666666687       1.9788753272305393E-008
  0.733333349      0.666666687       1.8965387029281147E-008
  0.766666651      0.666666687       1.8191767742160511E-008
  0.800000012      0.666666687       1.7090286729424045E-008
  0.833333313      0.666666687       1.5905562318401997E-008
  0.866666675      0.666666687       1.4832662234304933E-008
  0.899999976      0.666666687       1.3957407770997729E-008
  0.933333337      0.666666687       1.3305844341702372E-008
  0.966666639      0.666666687       1.2878633578626217E-008
   1.00000000      0.666666687       1.2668143844476662E-008
   0.00000000      0.699999988       2.2456744514301463E-008
   3.33333351E-02  0.699999988       2.3308105992578959E-008
   6.66666701E-02  0.699999988       2.5557581909748522E-008
  0.100000001      0.699999988       3.2369507527076763E-008
  0.133333340      0.699999988       6.4108043828798450E-008
  0.166666672      0.699999988       2.7896990546132441E-007
  0.200000003      0.699999988       1.8392355260405183E-006
  0.233333334      0.699999988       4.2575864548385998E-006
  0.266666681      0.699999988       7.6641682762474284E-006
  0.300000012      0.699999988       1.0623596270962262E-005
  0.333333343      0.699999988       1.1462880129016386E-005
  0.366666675      0.699999988       9.2779509468781263E-006
  0.400000006      0.699999988       5.7411288703367903E-006
  0.433333337      0.699999988       2.6928834608709682E-006
  0.466666669      0.699999988       6.7293808613411860E-007
  0.500000000      0.699999988       4.1631056083794166E-008
  0.533333361      0.699999988       3.6280281712468970E-008
  0.566666663      0.699999988       3.1107354691705530E-008
  0.600000024      0.699999988       2.3271454669977071E-008
  0.633333325      0.699999988       2.1345282103478469E-008
  0.666666687      0.699999988       1.9788753272305393E-008
  0.699999988      0.699999988       1.8839153140270959E-008
  0.733333349      0.699999988       1.8164917085046126E-008
  0.766666651      0.699999988       1.7356144875685722E-008
  0.800000012      0.699999988       1.6404077950605417E-008
  0.833333313      0.699999988       1.5460330312624601E-008
  0.866666675      0.699999988       1.4634266902241108E-008
  0.899999976      0.699999988       1.3972668683973760E-008
  0.933333337      0.699999988       1.3486660310887619E-008
  0.966666639      0.699999988       1.3171321739660277E-008
   1.00000000      0.699999988       1.3017147246067486E-008
   0.00000000      0.733333349       1.6911206163292697E-008
   3.33333351E-02  0.733333349       1.6806896175995678E-008
   6.66666701E-02  0.733333349       1.6410498285789055E-008
  0.100000001      0.733333349       1.5194064742485303E-008
  0.133333340      0.733333349       1.1757245407719580E-008
  0.166666672      0.733333349       5.7566392082895879E-009
  0.200000003      0.733333349       6.5039469094706898E-008
  0.233333334      0.733333349       1.0767697391149238E-006
  0.266666681      0.733333349       1.2308792520479735E-006
  0.300000012      0.733333349       1.7577948991148642E-006
  0.333333343      0.733333349       1.6887970935570810E-006
  0.366666675      0.733333349       1.0200442285969273E-006
  0.400000006      0.733333349       2.2191101945530541E-007
  0.433333337      0.733333349       8.9563962283115139E-008
  0.466666669      0.733333349       1.6868977555529324E-008
  0.500000000      0.733333349       2.1125717473546163E-008
  0.533333361      0.733333349       2.4440989745098951E-008
  0.566666663      0.733333349       2.3588983255867085E-008
  0.600000024      0.733333349       2.0980215109265773E-008
  0.633333325      0.733333349       1.9885693194757539E-008
  0.666666687      0.733333349       1.8965387029281147E-008
  0.699999988      0.733333349       1.8164917085046126E-008
  0.733333349      0.733333349       1.7403021790362086E-008
  0.766666651      0.733333349       1.6605891383757870E-008
  0.800000012      0.733333349       1.5802330980644458E-008
  0.833333313      0.733333349       1.5066507228237921E-008
  0.866666675      0.733333349       1.4448689324413760E-008
  0.899999976      0.733333349       1.3967508253839335E-008
  0.933333337      0.733333349       1.3622308134915613E-008
  0.966666639      0.733333349       1.3402490968818584E-008
   1.00000000      0.733333349       1.3296426751188521E-008
   0.00000000      0.766666651       1.2474893740840182E-008
   3.33333351E-02  0.766666651       1.1869582261948147E-008
   6.66666701E-02  0.766666651       1.0312042930064186E-008
  0.100000001      0.766666651       6.8762575798284042E-009
  0.133333340      0.766666651      -3.9417577925651703E-010
  0.166666672      0.766666651      -1.3343068415785919E-008
  0.200000003      0.766666651      -2.1237169558520341E-008
  0.233333334      0.766666651      -1.1353911419115931E-007
  0.266666681      0.766666651       2.5292760903478789E-008
  0.300000012      0.766666651       1.9489453727955519E-008
  0.333333343      0.766666651      -2.9631076294868441E-008
  0.366666675      0.766666651       1.1657946348726800E-009
  0.400000006      0.766666651       2.9783738178003338E-008
  0.433333337      0.766666651       2.6280507144180870E-008
  0.466666669      0.766666651       2.1647639663474605E-008
  0.500000000      0.766666651       2.0986966193115714E-008
  0.533333361      0.766666651       2.2474259629094023E-008
  0.566666663      0.766666651       2.1850142210540560E-008
  0.600000024      0.766666651       2.0342862306352641E-008
  0.633333325      0.766666651       1.9166576587350062E-008
  0.666666687      0.766666651       1.8191767742160511E-008
  0.699999988      0.766666651       1.7356144875685722E-008
  0.733333349      0.766666651       1.6605891383757870E-008
  0.766666651      0.766666651       1.5908325718154079E-008
  0.800000012      0.766666651       1.5273403432400010E-008
  0.833333313      0.766666651       1.4728317776317723E-008
  0.866666675      0.766666651       1.4290341462247502E-008
  0.899999976      0.766666651       1.3962012641193823E-008
  0.933333337      0.766666651       1.3734137214874501E-008
  0.966666639      0.766666651       1.3594409733227834E-008
   1.00000000      0.766666651       1.3528891580584165E-008
   0.00000000      0.800000012       9.1748695719810758E-009
   3.33333351E-02  0.800000012       8.4353350597934917E-009
   6.66666701E-02  0.800000012       6.7066343624466729E-009
  0.100000001      0.800000012       3.4328083934470621E-009
  0.133333340      0.800000012      -2.2157479475336250E-009
  0.166666672      0.800000012      -1.0460936070069010E-008
  0.200000003      0.800000012      -1.7871278997026036E-008
  0.233333334      0.800000012      -2.6114268113826972E-008
  0.266666681      0.800000012      -5.0613350129936896E-009
  0.300000012      0.800000012       9.3860865512176983E-009
  0.333333343      0.800000012       1.1755713692860464E-008
  0.366666675      0.800000012       1.7590117194418720E-008
  0.400000006      0.800000012       2.1602953683298037E-008
  0.433333337      0.800000012       2.0912557145615768E-008
  0.466666669      0.800000012       1.9426466299748285E-008
  0.500000000      0.800000012       1.9459757584407850E-008
  0.533333361      0.800000012       2.0031108024891331E-008
  0.566666663      0.800000012       1.9645682855897253E-008
  0.600000024      0.800000012       1.8763720187634989E-008
  0.633333325      0.800000012       1.7879902344504831E-008
  0.666666687      0.800000012       1.7090286729424045E-008
  0.699999988      0.800000012       1.6404077950605417E-008
  0.733333349      0.800000012       1.5802330980644458E-008
  0.766666651      0.800000012       1.5273403432400010E-008
  0.800000012      0.800000012       1.4819967007057011E-008
  0.833333313      0.800000012       1.4450392318062638E-008
  0.866666675      0.800000012       1.4168137545773549E-008
  0.899999976      0.800000012       1.3967498234835479E-008
  0.933333337      0.800000012       1.3838296110684108E-008
  0.966666639      0.800000012       1.3764178419532931E-008
   1.00000000      0.800000012       1.3731476180829476E-008
   0.00000000      0.833333313       6.8361793331174481E-009
   3.33333351E-02  0.833333313       6.1486219687760524E-009
   6.66666701E-02  0.833333313       4.6419693453675359E-009
  0.100000001      0.833333313       2.0720620826780722E-009
  0.133333340      0.833333313      -1.7935021107140514E-009
  0.166666672      0.833333313      -6.7122345945302975E-009
  0.200000003      0.833333313      -1.1073298472174392E-008
  0.233333334      0.833333313      -1.2712515092255100E-008
  0.266666681      0.833333313      -8.0323976571657074E-009
  0.300000012      0.833333313      -3.4319358726414562E-010
  0.333333343      0.833333313       5.2457245791094620E-009
  0.366666675      0.833333313       9.9497904160542050E-009
  0.400000006      0.833333313       1.3751946640033069E-008
  0.433333337      0.833333313       1.5395903077593254E-008
  0.466666669      0.833333313       1.6036986922240634E-008
  0.500000000      0.833333313       1.6762073802535291E-008
  0.533333361      0.833333313       1.7273176992904649E-008
  0.566666663      0.833333313       1.7244045719122525E-008
  0.600000024      0.833333313       1.6872632934913923E-008
  0.633333325      0.833333313       1.6390244429904943E-008
  0.666666687      0.833333313       1.5905562318401997E-008
  0.699999988      0.833333313       1.5460330312624601E-008
  0.733333349      0.833333313       1.5066507228237921E-008
  0.766666651      0.833333313       1.4728317776317723E-008
  0.800000012      0.833333313       1.4450392318062638E-008
  0.833333313      0.833333313       1.4236731882581385E-008
  0.866666675      0.833333313       1.4086071156715896E-008
  0.899999976      0.833333313       1.3992161564807537E-008
  0.933333337      0.833333313       1.3942288678821593E-008
  0.966666639      0.833333313       1.3921466904070166E-008
   1.00000000      0.833333313       1.3915380153175193E-008
   0.00000000      0.866666675       5.2336146722821442E-009
   3.33333351E-02  0.866666675       4.6602545351361047E-009
   6.66666701E-02  0.866666675       3.4602163924944696E-009
  0.100000001      0.866666675       1.5573288813033881E-009
  0.133333340      0.866666675      -1.0532169953877957E-009
  0.166666672      0.866666675      -4.0935881117157291E-009
  0.200000003      0.866666675      -6.7332297909970806E-009
  0.233333334      0.866666675      -7.7744303529636571E-009
  0.266666681      0.866666675      -6.2981681974751125E-009
  0.300000012      0.866666675      -2.7027862795070412E-009
  0.333333343      0.866666675       1.2920712004656221E-009
  0.366666675      0.866666675       5.1416752808522426E-009
  0.400000006      0.866666675       8.5865097692629233E-009
  0.433333337      0.866666675       1.1076111462900162E-008
  0.466666669      0.866666675       1.2752865188999860E-008
  0.500000000      0.866666675       1.3980034080677758E-008
  0.533333361      0.866666675       1.4752954465707679E-008
  0.566666663      0.866666675       1.5092274268648995E-008
  0.600000024      0.866666675       1.5134241164102558E-008
  0.633333325      0.866666675       1.5016825365881184E-008
  0.666666687      0.866666675       1.4832662234304933E-008
  0.699999988      0.866666675       1.4634266902241108E-008
  0.733333349      0.866666675       1.4448689324413760E-008
  0.766666651      0.866666675       1.4290341462247502E-008
  0.800000012      0.866666675       1.4168137545773549E-008
  0.833333313      0.866666675       1.4086071156715896E-008
  0.866666675      0.866666675       1.4044320974411495E-008
  0.899999976      0.866666675       1.4036252075997485E-008
  0.933333337      0.866666675       1.4050214470389191E-008
  0.966666639      0.866666675       1.4071527831404501E-008
   1.00000000      0.866666675       1.4086423766042182E-008
   0.00000000      0.899999976       4.1670536097236643E-009
   3.33333351E-02  0.899999976       3.7084484662795736E-009
   6.66666701E-02  0.899999976       2.7796020459283644E-009
  0.100000001      0.899999976       1.3801718093051085E-009
  0.133333340      0.899999976      -4.2401190544771872E-010
  0.166666672      0.899999976      -2.4101014044729252E-009
  0.200000003      0.899999976      -4.1182452361482325E-009
  0.233333334      0.899999976      -4.9383047525351775E-009
  0.266666681      0.899999976      -4.4264315789133146E-009
  0.300000012      0.899999976      -2.6024083357029104E-009
  0.333333343      0.899999976      -1.4865691143339799E-012
  0.366666675      0.899999976       2.9074408260717360E-009
  0.400000006      0.899999976       5.7795060293564654E-009
  0.433333337      0.899999976       8.2595245445588744E-009
  0.466666669      0.899999976       1.0216812978318737E-008
  0.500000000      0.899999976       1.1695972355982992E-008
  0.533333361      0.899999976       1.2720085385388782E-008
  0.566666663      0.899999976       1.3358378135423787E-008
  0.600000024      0.899999976       1.3714930772882120E-008
  0.633333325      0.899999976       1.3888981472299361E-008
  0.666666687      0.899999976       1.3957407770997729E-008
  0.699999988      0.899999976       1.3972668683973760E-008
  0.733333349      0.899999976       1.3967508253839335E-008
  0.766666651      0.899999976       1.3962012641193823E-008
  0.800000012      0.899999976       1.3967498234835479E-008
  0.833333313      0.899999976       1.3992161564807537E-008
  0.866666675      0.899999976       1.4036252075997485E-008
  0.899999976      0.899999976       1.4095280854282098E-008
  0.933333337      0.899999976       1.4158793536266437E-008
  0.966666639      0.899999976       1.4212976455702311E-008
   1.00000000      0.899999976       1.4244303064652429E-008
   0.00000000      0.933333337       3.4845449290756003E-009
   3.33333351E-02  0.933333337       3.1170547310811758E-009
   6.66666701E-02  0.933333337       2.3898579070563697E-009
  0.100000001      0.933333337       1.3327063753780510E-009
  0.133333340      0.933333337       2.6193887770614710E-011
  0.166666672      0.933333337      -1.3600828913627738E-009
  0.200000003      0.933333337      -2.5461722417963184E-009
  0.233333334      0.933333337      -3.1891872714732983E-009
  0.266666681      0.933333337      -3.0192180678310920E-009
  0.300000012      0.933333337      -1.9712146645881057E-009
  0.333333343      0.933333337      -2.1565603339560036E-010
  0.366666675      0.933333337       1.9761210259296169E-009
  0.400000006      0.933333337       4.3246697577214999E-009
  0.433333337      0.933333337       6.5561441455874031E-009
  0.466666669      0.933333337       8.4891630587093092E-009
  0.500000000      0.933333337       1.0052699086788436E-008
  0.533333361      0.933333337       1.1235179565773773E-008
  0.566666663      0.933333337       1.2079827780859392E-008
  0.600000024      0.933333337       1.2658641452764630E-008
  0.633333325      0.933333337       1.3046019047609908E-008
  0.666666687      0.933333337       1.3305844341702372E-008
  0.699999988      0.933333337       1.3486660310887619E-008
  0.733333349      0.933333337       1.3622308134915613E-008
  0.766666651      0.933333337       1.3734137214874501E-008
  0.800000012      0.933333337       1.3838296110684108E-008
  0.833333313      0.933333337       1.3942288678821593E-008
  0.866666675      0.933333337       1.4050214470389191E-008
  0.899999976      0.933333337       1.4158793536266437E-008
  0.933333337      0.933333337       1.4259132308496597E-008
  0.966666639      0.933333337       1.4337980330683502E-008
   1.00000000      0.933333337       1.4381755248835636E-008
   0.00000000      0.966666639       3.0819399757936461E-009
   3.33333351E-02  0.966666639       2.7751868919220768E-009
   6.66666701E-02  0.966666639       2.1775238287849441E-009
  0.100000001      0.966666639       1.3289991386035427E-009
  0.133333340      0.966666639       3.0898750225105687E-010
  0.166666672      0.966666639      -7.4767980695611413E-010
  0.200000003      0.966666639      -1.6473654254958725E-009
  0.233333334      0.966666639      -2.1663813859137959E-009
  0.266666681      0.966666639      -2.1168273219365763E-009
  0.300000012      0.966666639      -1.4163277169999822E-009
  0.333333343      0.966666639      -1.1649305521957420E-010
  0.366666675      0.966666639       1.6275626777296354E-009
  0.400000006      0.966666639       3.6085703231970856E-009
  0.433333337      0.966666639       5.6077596915019012E-009
  0.466666669      0.966666639       7.4463916430525523E-009
  0.500000000      0.966666639       9.0174477132293901E-009
  0.533333361      0.966666639       1.0280041246426078E-008
  0.566666663      0.966666639       1.1247456356252086E-008
  0.600000024      0.966666639       1.1965729753175489E-008
  0.633333325      0.966666639       1.2491499699635727E-008
  0.666666687      0.966666639       1.2878633578626217E-008
  0.699999988      0.966666639       1.3171321739660277E-008
  0.733333349      0.966666639       1.3402490968818584E-008
  0.766666651      0.966666639       1.3594409733227834E-008
  0.800000012      0.966666639       1.3764178419532931E-008
  0.833333313      0.966666639       1.3921466904070166E-008
  0.866666675      0.966666639       1.4071527831404501E-008
  0.899999976      0.966666639       1.4212976455702311E-008
  0.933333337      0.966666639       1.4337980330683502E-008
  0.966666639      0.966666639       1.4433567634922900E-008
   1.00000000      0.966666639       1.4485866928291152E-008
   0.00000000       1.00000000       2.8956092384957444E-009
   3.33333351E-02   1.00000000       2.6188347939867795E-009
   6.66666701E-02   1.00000000       2.0838772400375016E-009
  0.100000001       1.00000000       1.3335947103565449E-009
  0.133333340       1.00000000       4.4450716935387491E-010
  0.166666672       1.00000000      -4.6504424313156822E-010
  0.200000003       1.00000000      -1.2366172890375393E-009
  0.233333334       1.00000000      -1.6930428630226868E-009
  0.266666681       1.00000000      -1.6804853068992653E-009
  0.300000012       1.00000000      -1.1158094439731037E-009
  0.333333343       1.00000000      -1.3386008230684143E-011
  0.366666675       1.00000000       1.5201854241565782E-009
  0.400000006       1.00000000       3.3168488270621937E-009
  0.433333337       1.00000000       5.1870835467583004E-009
  0.466666669       1.00000000       6.9608079382964261E-009
  0.500000000       1.00000000       8.5219757505090865E-009
  0.533333361       1.00000000       9.8157419481988833E-009
  0.566666663       1.00000000       1.0839120954519305E-008
  0.600000024       1.00000000       1.1624050741919356E-008
  0.633333325       1.00000000       1.2217619807996724E-008
  0.666666687       1.00000000       1.2668143844476662E-008
  0.699999988       1.00000000       1.3017147246067486E-008
  0.733333349       1.00000000       1.3296426751188521E-008
  0.766666651       1.00000000       1.3528891580584165E-008
  0.800000012       1.00000000       1.3731476180829476E-008
  0.833333313       1.00000000       1.3915380153175193E-008
  0.866666675       1.00000000       1.4086423766042182E-008
  0.899999976       1.00000000       1.4244303064652429E-008
  0.933333337       1.00000000       1.4381755248835636E-008
  0.966666639       1.00000000       1.4485866928291152E-008
   1.00000000       1.00000000       1.4542558822525781E-008
