 # X Y T Z 
   0.00000000       0.00000000       5.3024760218473715E-009
   3.33333351E-02   0.00000000       5.2335989495074994E-009
   6.66666701E-02   0.00000000       5.1021296720941273E-009
  0.100000001       0.00000000       4.9199746233455008E-009
  0.133333340       0.00000000       4.7035726769614067E-009
  0.166666672       0.00000000       4.4724777222655485E-009
  0.200000003       0.00000000       4.2484860204514141E-009
  0.233333334       0.00000000       4.0533126301981609E-009
  0.266666681       0.00000000       3.9070776643298707E-009
  0.300000012       0.00000000       3.8296129575886642E-009
  0.333333343       0.00000000       3.8391573199594159E-009
  0.366666675       0.00000000       3.9519270950312546E-009
  0.400000006       0.00000000       4.1820085604129392E-009
  0.433333337       0.00000000       4.5393793626346407E-009
  0.466666669       0.00000000       5.0292614246338213E-009
  0.500000000       0.00000000       5.6494484062651756E-009
  0.533333361       0.00000000       6.3874684363366546E-009
  0.566666663       0.00000000       7.2184821423189327E-009
  0.600000024       0.00000000       8.1007580773548304E-009
  0.633333325       0.00000000       8.9720713853172485E-009
  0.666666687       0.00000000       9.7565734399982645E-009
  0.699999988       0.00000000       1.0376193921224006E-008
  0.733333349       0.00000000       1.0765697648455752E-008
  0.766666651       0.00000000       1.0889438846733296E-008
  0.800000012       0.00000000       1.0750902310757704E-008
  0.833333313       0.00000000       1.0396826190988209E-008
  0.866666675       0.00000000       9.9056628359919796E-009
  0.899999976       0.00000000       9.3703920100648985E-009
  0.933333337       0.00000000       8.8810270788917262E-009
  0.966666639       0.00000000       8.5117993727564650E-009
   1.00000000       0.00000000       8.3141715326653931E-009
   0.00000000       3.33333351E-02   5.2335989495074994E-009
   3.33333351E-02   3.33333351E-02   5.1623753761359525E-009
   6.66666701E-02   3.33333351E-02   5.0263002281331418E-009
  0.100000001       3.33333351E-02   4.8374375276978229E-009
  0.133333340       3.33333351E-02   4.6124436337393118E-009
  0.166666672       3.33333351E-02   4.3710000179877570E-009
  0.200000003       3.33333351E-02   4.1353970079045788E-009
  0.233333334       3.33333351E-02   3.9264105617005385E-009
  0.266666681       3.33333351E-02   3.7645789420894318E-009
  0.300000012       3.33333351E-02   3.6696946735699509E-009
  0.333333343       3.33333351E-02   3.6600593636589018E-009
  0.366666675       3.33333351E-02   3.7526084084756051E-009
  0.400000006       3.33333351E-02   3.9622431297330757E-009
  0.433333337       3.33333351E-02   4.3010301657014915E-009
  0.466666669       3.33333351E-02   4.7773203652561047E-009
  0.500000000       3.33333351E-02   5.3928415212189246E-009
  0.533333361       3.33333351E-02   6.1408355551181154E-009
  0.566666663       3.33333351E-02   7.0021445759682610E-009
  0.600000024       3.33333351E-02   7.9394886619982286E-009
  0.633333325       3.33333351E-02   8.8912702051174158E-009
  0.666666687       3.33333351E-02   9.7737976271355942E-009
  0.699999988       3.33333351E-02   1.0495243326974144E-008
  0.733333349       3.33333351E-02   1.0972810160058549E-008
  0.766666651       3.33333351E-02   1.1153922356045565E-008
  0.800000012       3.33333351E-02   1.1032025231489870E-008
  0.833333313       3.33333351E-02   1.0655373045703742E-008
  0.866666675       3.33333351E-02   1.0114141044646752E-008
  0.899999976       3.33333351E-02   9.5173838588792636E-009
  0.933333337       3.33333351E-02   8.9700046268775119E-009
  0.966666639       3.33333351E-02   8.5570181847412219E-009
   1.00000000       3.33333351E-02   8.3361637211176731E-009
   0.00000000       6.66666701E-02   5.1021296720941273E-009
   3.33333351E-02   6.66666701E-02   5.0263002281331418E-009
   6.66666701E-02   6.66666701E-02   4.8812051484103947E-009
  0.100000001       6.66666701E-02   4.6793063950521796E-009
  0.133333340       6.66666701E-02   4.4376123171062376E-009
  0.166666672       6.66666701E-02   4.1765449964583853E-009
  0.200000003       6.66666701E-02   3.9180118715370638E-009
  0.233333334       6.66666701E-02   3.6825801247395568E-009
  0.266666681       6.66666701E-02   3.4909143783144747E-009
  0.300000012       6.66666701E-02   3.3624833501322976E-009
  0.333333343       6.66666701E-02   3.3155764607353116E-009
  0.366666675       6.66666701E-02   3.3680893410641816E-009
  0.400000006       6.66666701E-02   3.5364033056095590E-009
  0.433333337       6.66666701E-02   3.8361497249183446E-009
  0.466666669       6.66666701E-02   4.2811891967729082E-009
  0.500000000       6.66666701E-02   4.8809578384254038E-009
  0.533333361       6.66666701E-02   5.6400954969761108E-009
  0.566666663       6.66666701E-02   6.5527572270206169E-009
  0.600000024       6.66666701E-02   7.5937151174359369E-009
  0.633333325       6.66666701E-02   8.7042843818080362E-009
  0.666666687       6.66666701E-02   9.7877984656016132E-009
  0.699999988       6.66666701E-02   1.0724777237082136E-008
  0.733333349       6.66666701E-02   1.1395034718109445E-008
  0.766666651       6.66666701E-02   1.1706607181468515E-008
  0.800000012       6.66666701E-02   1.1625806357103835E-008
  0.833333313       6.66666701E-02   1.1201744602642311E-008
  0.866666675       6.66666701E-02   1.0551080697291867E-008
  0.899999976       6.66666701E-02   9.8195735631287362E-009
  0.933333337       6.66666701E-02   9.1457788781515448E-009
  0.966666639       6.66666701E-02   8.6381640800829024E-009
   1.00000000       6.66666701E-02   8.3673811802909004E-009
   0.00000000      0.100000001       4.9199746233455008E-009
   3.33333351E-02  0.100000001       4.8374375276978229E-009
   6.66666701E-02  0.100000001       4.6793063950521796E-009
  0.100000001      0.100000001       4.4585777971093560E-009
  0.133333340      0.100000001       4.1930548336840262E-009
  0.166666672      0.100000001       3.9043365762658766E-009
  0.200000003      0.100000001       3.6131671612982252E-009
  0.233333334      0.100000001       3.3408981627187917E-009
  0.266666681      0.100000001       3.1077042098558161E-009
  0.300000012      0.100000001       2.9323068233538113E-009
  0.333333343      0.100000001       2.8327336693782096E-009
  0.366666675      0.100000001       2.8265716026446008E-009
  0.400000006      0.100000001       2.9324611330785316E-009
  0.433333337      0.100000001       3.1699130954680743E-009
  0.466666669      0.100000001       3.5590105235735331E-009
  0.500000000      0.100000001       4.1195197064778505E-009
  0.533333361      0.100000001       4.8724886271989815E-009
  0.566666663      0.100000001       5.8365186646376632E-009
  0.600000024      0.100000001       7.0131476309891888E-009
  0.633333325      0.100000001       8.3539837564955421E-009
  0.666666687      0.100000001       9.7477646447251959E-009
  0.699999988      0.100000001       1.1036806175142994E-008
  0.733333349      0.100000001       1.2041486905246118E-008
  0.766666651      0.100000001       1.2595545020822538E-008
  0.800000012      0.100000001       1.2601049637116571E-008
  0.833333313      0.100000001       1.2100821322616820E-008
  0.866666675      0.100000001       1.1260298069838692E-008
  0.899999976      0.100000001       1.0294003052529685E-008
  0.933333337      0.100000001       9.4021589936398031E-009
  0.966666639      0.100000001       8.7336640764486967E-009
   1.00000000      0.100000001       8.3789820973494827E-009
   0.00000000      0.133333340       4.7035726769614067E-009
   3.33333351E-02  0.133333340       4.6124436337393118E-009
   6.66666701E-02  0.133333340       4.4376123171062376E-009
  0.100000001      0.133333340       4.1930548336840262E-009
  0.133333340      0.133333340       3.8983914978519413E-009
  0.166666672      0.133333340       3.5744488306732602E-009
  0.200000003      0.133333340       3.2435395458906002E-009
  0.233333334      0.133333340       2.9271284082569085E-009
  0.266666681      0.133333340       2.6445594291909028E-009
  0.300000012      0.133333340       2.4132651395888244E-009
  0.333333343      0.133333340       2.2493697156636405E-009
  0.366666675      0.133333340       2.1696152823543619E-009
  0.400000006      0.133333340       2.1934459602367812E-009
  0.433333337      0.133333340       2.3432314753910749E-009
  0.466666669      0.133333340       2.6436425299303928E-009
  0.500000000      0.133333340       3.1239992532954008E-009
  0.533333361      0.133333340       3.8244581540298334E-009
  0.566666663      0.133333340       4.8025213196436350E-009
  0.600000024      0.133333340       6.1121971119387081E-009
  0.633333325      0.133333340       7.7358972485220417E-009
  0.666666687      0.133333340       9.5479709670293761E-009
  0.699999988      0.133333340       1.1356124692950970E-008
  0.733333349      0.133333340       1.2903545463681040E-008
  0.766666651      0.133333340       1.3894138279355386E-008
  0.800000012      0.133333340       1.4078301019317813E-008
  0.833333313      0.133333340       1.3468923104435759E-008
  0.866666675      0.133333340       1.2319066790321756E-008
  0.899999976      0.133333340       1.0967533843782296E-008
  0.933333337      0.133333340       9.7242076437572406E-009
  0.966666639      0.133333340       8.8026678630743344E-009
   1.00000000      0.133333340       8.3186260516673188E-009
   0.00000000      0.166666672       4.4724777222655485E-009
   3.33333351E-02  0.166666672       4.3710000179877570E-009
   6.66666701E-02  0.166666672       4.1765449964583853E-009
  0.100000001      0.166666672       3.9043365762658766E-009
  0.133333340      0.166666672       3.5744488306732602E-009
  0.166666672      0.166666672       3.2100872080940632E-009
  0.200000003      0.166666672       2.8349182301786943E-009
  0.233333334      0.166666672       2.4706248446821483E-009
  0.266666681      0.166666672       2.1357059016256785E-009
  0.300000012      0.166666672       1.8452055476018275E-009
  0.333333343      0.166666672       1.6119504184144290E-009
  0.366666675      0.166666672       1.4500299238238978E-009
  0.400000006      0.166666672       1.3772916923702333E-009
  0.433333337      0.166666672       1.4157537338646553E-009
  0.466666669      0.166666672       1.5885638403670410E-009
  0.500000000      0.166666672       1.9262892450837982E-009
  0.533333361      0.166666672       2.4879061460720414E-009
  0.566666663      0.166666672       3.3813058546681984E-009
  0.600000024      0.166666672       4.7583729116239953E-009
  0.633333325      0.166666672       6.6686060809680037E-009
  0.666666687      0.166666672       8.9812710333050938E-009
  0.699999988      0.166666672       1.1504191607366113E-008
  0.733333349      0.166666672       1.3915844688811713E-008
  0.766666651      0.166666672       1.5704488385724288E-008
  0.800000012      0.166666672       1.6261505202726928E-008
  0.833333313      0.166666672       1.5508622430542018E-008
  0.866666675      0.166666672       1.3858464749036403E-008
  0.899999976      0.166666672       1.1877244876848381E-008
  0.933333337      0.166666672       1.0076998818503088E-008
  0.966666639      0.166666672       8.7711633210436207E-009
   1.00000000      0.166666672       8.0972548058971805E-009
   0.00000000      0.200000003       4.2484860204514141E-009
   3.33333351E-02  0.200000003       4.1353970079045788E-009
   6.66666701E-02  0.200000003       3.9180118715370638E-009
  0.100000001      0.200000003       3.6131671612982252E-009
  0.133333340      0.200000003       3.2435395458906002E-009
  0.166666672      0.200000003       2.8349182301786943E-009
  0.200000003      0.200000003       2.4129906532090184E-009
  0.233333334      0.200000003       2.0005307991774468E-009
  0.266666681      0.200000003       1.6152215890751637E-009
  0.300000012      0.200000003       1.2688384683212650E-009
  0.333333343      0.200000003       9.6985327819980316E-010
  0.366666675      0.200000003       7.2718438193751511E-010
  0.400000006      0.200000003       5.5485865533243250E-010
  0.433333337      0.200000003       4.6922093055630498E-010
  0.466666669      0.200000003       4.7505841252980241E-010
  0.500000000      0.200000003       5.8331558420304797E-010
  0.533333361      0.200000003       8.6823179635403536E-010
  0.566666663      0.200000003       1.4962732658788114E-009
  0.600000024      0.200000003       2.7635464008336774E-009
  0.633333325      0.200000003       4.8636115562456644E-009
  0.666666687      0.200000003       7.6589860172320695E-009
  0.699999988      0.200000003       1.1104578833505060E-008
  0.733333349      0.200000003       1.4902001345580562E-008
  0.766666651      0.200000003       1.8170186650212292E-008
  0.800000012      0.200000003       1.9508474452837807E-008
  0.833333313      0.200000003       1.8589371332186633E-008
  0.866666675      0.200000003       1.6106912221081765E-008
  0.899999976      0.200000003       1.3063006308600134E-008
  0.933333337      0.200000003       1.0377510940200521E-008
  0.966666639      0.200000003       8.5051759723606124E-009
   1.00000000      0.200000003       7.5676595762477761E-009
   0.00000000      0.233333334       4.0533126301981609E-009
   3.33333351E-02  0.233333334       3.9264105617005385E-009
   6.66666701E-02  0.233333334       3.6825801247395568E-009
  0.100000001      0.233333334       3.3408981627187917E-009
  0.133333340      0.233333334       2.9271284082569085E-009
  0.166666672      0.233333334       2.4706248446821483E-009
  0.200000003      0.233333334       2.0005307991774468E-009
  0.233333334      0.233333334       1.5418175269496515E-009
  0.266666681      0.233333334       1.1116937218870471E-009
  0.300000012      0.233333334       7.1905972148789132E-010
  0.333333343      0.233333334       3.6643691032900438E-010
  0.366666675      0.233333334       5.7241475448499557E-011
  0.400000006      0.233333334      -1.9608069356559510E-010
  0.433333337      0.233333334      -3.8606643294573917E-010
  0.466666669      0.233333334      -5.7218203005499069E-010
  0.500000000      0.233333334      -8.2120963631679422E-010
  0.533333361      0.233333334      -9.9529396269809611E-010
  0.566666663      0.233333334      -8.5145967598614092E-010
  0.600000024      0.233333334      -2.8348437096023527E-011
  0.633333325      0.233333334       1.9683419846296124E-009
  0.666666687      0.233333334       4.8445088173237200E-009
  0.699999988      0.233333334       9.3366590643746694E-009
  0.733333349      0.233333334       1.5588634292912004E-008
  0.766666651      0.233333334       2.1539756200677704E-008
  0.800000012      0.233333334       2.4560285583064001E-008
  0.833333313      0.233333334       2.3479177919819363E-008
  0.866666675      0.233333334       1.9498821449397824E-008
  0.899999976      0.233333334       1.4522007180757177E-008
  0.933333337      0.233333334       1.0418782119599873E-008
  0.966666639      0.233333334       7.7585576878022589E-009
   1.00000000      0.233333334       6.4933078909416853E-009
   0.00000000      0.266666681       3.9070776643298707E-009
   3.33333351E-02  0.266666681       3.7645789420894318E-009
   6.66666701E-02  0.266666681       3.4909143783144747E-009
  0.100000001      0.266666681       3.1077042098558161E-009
  0.133333340      0.266666681       2.6445594291909028E-009
  0.166666672      0.266666681       2.1357059016256785E-009
  0.200000003      0.266666681       1.6152215890751637E-009
  0.233333334      0.266666681       1.1116937218870471E-009
  0.266666681      0.266666681       6.4365266892393858E-010
  0.300000012      0.266666681       2.1634879543257213E-010
  0.333333343      0.266666681      -1.7464735755680361E-010
  0.366666675      0.266666681      -5.2696830601418887E-010
  0.400000006      0.266666681      -8.0814814258992063E-010
  0.433333337      0.266666681      -1.0022600444893615E-009
  0.466666669      0.266666681      -1.3573358470173047E-009
  0.500000000      0.266666681      -2.2372677660129070E-009
  0.533333361      0.266666681      -3.0402911126159449E-009
  0.566666663      0.266666681      -3.0871259875699109E-009
  0.600000024      0.266666681      -3.1108523205342076E-009
  0.633333325      0.266666681      -1.9979993545055086E-009
  0.666666687      0.266666681      -2.1365506304264759E-009
  0.699999988      0.266666681       2.3245498817926064E-009
  0.733333349      0.266666681       1.6197710922755473E-008
  0.766666651      0.266666681       2.7172089139262598E-008
  0.800000012      0.266666681       3.4444589683312390E-008
  0.833333313      0.266666681       3.2184756021316069E-008
  0.866666675      0.266666681       2.5088096858218861E-008
  0.899999976      0.266666681       1.6015905103007599E-008
  0.933333337      0.266666681       9.6659281225743021E-009
  0.966666639      0.266666681       6.0768884811365775E-009
   1.00000000      0.266666681       4.5148540695968964E-009
   0.00000000      0.300000012       3.8296129575886642E-009
   3.33333351E-02  0.300000012       3.6696946735699509E-009
   6.66666701E-02  0.300000012       3.3624833501322976E-009
  0.100000001      0.300000012       2.9323068233538113E-009
  0.133333340      0.300000012       2.4132651395888244E-009
  0.166666672      0.300000012       1.8452055476018275E-009
  0.200000003      0.300000012       1.2688384683212650E-009
  0.233333334      0.300000012       7.1905972148789132E-010
  0.266666681      0.300000012       2.1634879543257213E-010
  0.300000012      0.300000012      -2.3993178255819758E-010
  0.333333343      0.300000012      -6.6559000433570603E-010
  0.366666675      0.300000012      -1.0516986075417845E-009
  0.400000006      0.300000012      -1.2805709886584693E-009
  0.433333337      0.300000012      -1.2010777728291289E-009
  0.466666669      0.300000012      -1.5408355962670539E-009
  0.500000000      0.300000012      -4.1258803513445630E-009
  0.533333361      0.300000012      -6.0674619048635414E-009
  0.566666663      0.300000012      -1.0933437839984184E-009
  0.600000024      0.300000012      -9.6096230929251791E-010
  0.633333325      0.300000012      -2.1038653063611135E-009
  0.666666687      0.300000012       1.0376959564762159E-007
  0.699999988      0.300000012       1.8018861632418046E-007
  0.733333349      0.300000012       3.1422320810430004E-008
  0.766666651      0.300000012       6.4456385104978350E-008
  0.800000012      0.300000012       7.5763115347160168E-008
  0.833333313      0.300000012       4.9055732089528861E-008
  0.866666675      0.300000012       3.7540957677347983E-008
  0.899999976      0.300000012       1.6432462537820797E-008
  0.933333337      0.300000012       6.7525355315969926E-009
  0.966666639      0.300000012       2.6558543081769970E-009
   1.00000000      0.300000012       1.1548258742506701E-009
   0.00000000      0.333333343       3.8391573199594159E-009
   3.33333351E-02  0.333333343       3.6600593636589018E-009
   6.66666701E-02  0.333333343       3.3155764607353116E-009
  0.100000001      0.333333343       2.8327336693782096E-009
  0.133333340      0.333333343       2.2493697156636405E-009
  0.166666672      0.333333343       1.6119504184144290E-009
  0.200000003      0.333333343       9.6985327819980316E-010
  0.233333334      0.333333343       3.6643691032900438E-010
  0.266666681      0.333333343      -1.7464735755680361E-010
  0.300000012      0.333333343      -6.6559000433570603E-010
  0.333333343      0.333333343      -1.1537849991822419E-009
  0.366666675      0.333333343      -1.6319236110021174E-009
  0.400000006      0.333333343      -1.7705739452714142E-009
  0.433333337      0.333333343      -9.7023828511330623E-010
  0.466666669      0.333333343      -2.1173550629818849E-010
  0.500000000      0.333333343      -9.1651812363438556E-009
  0.533333361      0.333333343       1.6724480845055692E-007
  0.566666663      0.333333343       8.3316876513424287E-008
  0.600000024      0.333333343       1.8657431514372894E-007
  0.633333325      0.333333343       5.6736611375165710E-007
  0.666666687      0.333333343       1.2013010481652826E-006
  0.699999988      0.333333343       1.8559021719550227E-006
  0.733333349      0.333333343       2.2463453063711891E-006
  0.766666651      0.333333343       1.9681534440423899E-006
  0.800000012      0.333333343       1.1815426438103668E-006
  0.833333313      0.333333343       2.6681046875771247E-008
  0.866666675      0.333333343       1.0062801010729885E-007
  0.899999976      0.333333343       1.1726324534652721E-008
  0.933333337      0.333333343      -1.5876699395282745E-009
  0.966666639      0.333333343      -3.7267852141982527E-009
   1.00000000      0.333333343      -4.0184670486997920E-009
   0.00000000      0.366666675       3.9519270950312546E-009
   3.33333351E-02  0.366666675       3.7526084084756051E-009
   6.66666701E-02  0.366666675       3.3680893410641816E-009
  0.100000001      0.366666675       2.8265716026446008E-009
  0.133333340      0.366666675       2.1696152823543619E-009
  0.166666672      0.366666675       1.4500299238238978E-009
  0.200000003      0.366666675       7.2718438193751511E-010
  0.233333334      0.366666675       5.7241475448499557E-011
  0.266666681      0.366666675      -5.2696830601418887E-010
  0.300000012      0.366666675      -1.0516986075417845E-009
  0.333333343      0.366666675      -1.6319236110021174E-009
  0.366666675      0.366666675      -2.3265711839720593E-009
  0.400000006      0.366666675      -2.6408465254000590E-009
  0.433333337      0.366666675      -2.4145986590382029E-009
  0.466666669      0.366666675       1.1197336936136226E-008
  0.500000000      0.366666675       2.6883067373107208E-007
  0.533333361      0.366666675       5.2106227212741357E-008
  0.566666663      0.366666675       4.9257869196364656E-007
  0.600000024      0.366666675       1.9382516387184828E-006
  0.633333325      0.366666675       5.4192079863954641E-006
  0.666666687      0.366666675       1.0782505726795490E-005
  0.699999988      0.366666675       1.5733952325613747E-005
  0.733333349      0.366666675       1.6750888981393545E-005
  0.766666651      0.366666675       1.2866456682328505E-005
  0.800000012      0.366666675       7.3033939725123363E-006
  0.833333313      0.366666675       3.2599725669495323E-006
  0.866666675      0.366666675       8.9657026959956768E-007
  0.899999976      0.366666675      -3.2398643386600395E-008
  0.933333337      0.366666675      -2.2684224049510093E-008
  0.966666639      0.366666675      -1.4190066155526232E-008
   1.00000000      0.366666675      -1.0834897651388481E-008
   0.00000000      0.400000006       4.1820085604129392E-009
   3.33333351E-02  0.400000006       3.9622431297330757E-009
   6.66666701E-02  0.400000006       3.5364033056095590E-009
  0.100000001      0.400000006       2.9324611330785316E-009
  0.133333340      0.400000006       2.1934459602367812E-009
  0.166666672      0.400000006       1.3772916923702333E-009
  0.200000003      0.400000006       5.5485865533243250E-010
  0.233333334      0.400000006      -1.9608069356559510E-010
  0.266666681      0.400000006      -8.0814814258992063E-010
  0.300000012      0.400000006      -1.2805709886584693E-009
  0.333333343      0.400000006      -1.7705739452714142E-009
  0.366666675      0.400000006      -2.6408465254000590E-009
  0.400000006      0.400000006      -6.0493282982680696E-009
  0.433333337      0.400000006       2.7924198810549972E-007
  0.466666669      0.400000006       2.6830992095466799E-007
  0.500000000      0.400000006       5.3962203185476537E-008
  0.533333361      0.400000006       1.1063186099455682E-006
  0.566666663      0.400000006       5.3300311792883227E-006
  0.600000024      0.400000006       1.8105383524612273E-005
  0.633333325      0.400000006       4.4419075346309889E-005
  0.666666687      0.400000006       7.9902154059072108E-005
  0.699999988      0.400000006       1.0526628671934024E-004
  0.733333349      0.400000006       1.0107081592913110E-004
  0.766666651      0.400000006       7.0501186172628686E-005
  0.800000012      0.400000006       3.5493534707079985E-005
  0.833333313      0.400000006       1.3034322197537189E-005
  0.866666675      0.400000006       3.6091821888489806E-006
  0.899999976      0.400000006       7.4465861129571417E-007
  0.933333337      0.400000006      -5.7610823640287523E-008
  0.966666639      0.400000006      -2.6504558111629939E-008
   1.00000000      0.400000006      -1.7341556004125264E-008
   0.00000000      0.433333337       4.5393793626346407E-009
   3.33333351E-02  0.433333337       4.3010301657014915E-009
   6.66666701E-02  0.433333337       3.8361497249183446E-009
  0.100000001      0.433333337       3.1699130954680743E-009
  0.133333340      0.433333337       2.3432314753910749E-009
  0.166666672      0.433333337       1.4157537338646553E-009
  0.200000003      0.433333337       4.6922093055630498E-010
  0.233333334      0.433333337      -3.8606643294573917E-010
  0.266666681      0.433333337      -1.0022600444893615E-009
  0.300000012      0.433333337      -1.2010777728291289E-009
  0.333333343      0.433333337      -9.7023828511330623E-010
  0.366666675      0.433333337      -2.4145986590382029E-009
  0.400000006      0.433333337       2.7924198810549972E-007
  0.433333337      0.433333337       2.2749764106442041E-007
  0.466666669      0.433333337       6.6178332076057694E-008
  0.500000000      0.433333337       1.7613822890041354E-006
  0.533333361      0.433333337       1.0626352592401581E-005
  0.566666663      0.433333337       4.3195523303774224E-005
  0.600000024      0.433333337       1.2808706395182152E-004
  0.633333325      0.433333337       2.7984848341130238E-004
  0.666666687      0.433333337       4.5110215989393326E-004
  0.699999988      0.433333337       5.3475613309681780E-004
  0.733333349      0.433333337       4.6406394357649625E-004
  0.766666651      0.433333337       2.9336634142029848E-004
  0.800000012      0.433333337       1.3452020394222634E-004
  0.833333313      0.433333337       4.4736371493950267E-005
  0.866666675      0.433333337       1.0872264795619337E-005
  0.899999976      0.433333337       2.0696163386246108E-006
  0.933333337      0.433333337      -4.5993222811888113E-008
  0.966666639      0.433333337      -2.8085249851889788E-008
   1.00000000      0.433333337      -1.8894113483405167E-008
   0.00000000      0.466666669       5.0292614246338213E-009
   3.33333351E-02  0.466666669       4.7773203652561047E-009
   6.66666701E-02  0.466666669       4.2811891967729082E-009
  0.100000001      0.466666669       3.5590105235735331E-009
  0.133333340      0.466666669       2.6436425299303928E-009
  0.166666672      0.466666669       1.5885638403670410E-009
  0.200000003      0.466666669       4.7505841252980241E-010
  0.233333334      0.466666669      -5.7218203005499069E-010
  0.266666681      0.466666669      -1.3573358470173047E-009
  0.300000012      0.466666669      -1.5408355962670539E-009
  0.333333343      0.466666669      -2.1173550629818849E-010
  0.366666675      0.466666669       1.1197336936136226E-008
  0.400000006      0.466666669       2.6830992095466799E-007
  0.433333337      0.466666669       6.6178332076057694E-008
  0.466666669      0.466666669       2.0556128696438622E-006
  0.500000000      0.466666669       1.5031297894118213E-005
  0.533333361      0.466666669       7.2741337008416264E-005
  0.566666663      0.466666669       2.5827418064093425E-004
  0.600000024      0.466666669       6.7858350189686041E-004
  0.633333325      0.466666669       1.3225717418467353E-003
  0.666666687      0.466666669       1.9095353245521147E-003
  0.699999988      0.466666669       2.0343908458703994E-003
  0.733333349      0.466666669       1.5940361565606413E-003
  0.766666651      0.466666669       9.1632778476272549E-004
  0.800000012      0.466666669       3.8432416912899696E-004
  0.833333313      0.466666669       1.1665291625768091E-004
  0.866666675      0.466666669       2.5525450625334123E-005
  0.899999976      0.466666669       4.1509480943626408E-006
  0.933333337      0.466666669       6.1229215519899988E-007
  0.966666639      0.466666669      -3.6425746946944920E-008
   1.00000000      0.466666669      -1.4775080944742086E-008
   0.00000000      0.500000000       5.6494484062651756E-009
   3.33333351E-02  0.500000000       5.3928415212189246E-009
   6.66666701E-02  0.500000000       4.8809578384254038E-009
  0.100000001      0.500000000       4.1195197064778505E-009
  0.133333340      0.500000000       3.1239992532954008E-009
  0.166666672      0.500000000       1.9262892450837982E-009
  0.200000003      0.500000000       5.8331558420304797E-010
  0.233333334      0.500000000      -8.2120963631679422E-010
  0.266666681      0.500000000      -2.2372677660129070E-009
  0.300000012      0.500000000      -4.1258803513445630E-009
  0.333333343      0.500000000      -9.1651812363438556E-009
  0.366666675      0.500000000       2.6883067373107208E-007
  0.400000006      0.500000000       5.3962203185476537E-008
  0.433333337      0.500000000       1.7613822890041354E-006
  0.466666669      0.500000000       1.5031297894118213E-005
  0.500000000      0.500000000       8.6514423131123230E-005
  0.533333361      0.500000000       3.6613759941654363E-004
  0.566666663      0.500000000       1.1495345994570342E-003
  0.600000024      0.500000000       2.6878768074961226E-003
  0.633333325      0.500000000       4.6817794272029870E-003
  0.666666687      0.500000000       6.0547431983580639E-003
  0.699999988      0.500000000       5.7967787748472712E-003
  0.733333349      0.500000000       4.1107683176764623E-003
  0.766666651      0.500000000       2.1548416109972790E-003
  0.800000012      0.500000000       8.2773932251519562E-004
  0.833333313      0.500000000       2.3046509564834559E-004
  0.866666675      0.500000000       4.6188614027831143E-005
  0.899999976      0.500000000       6.5975965050490276E-006
  0.933333337      0.500000000       5.4224261363065157E-007
  0.966666639      0.500000000      -6.7756592897136314E-009
   1.00000000      0.500000000      -4.6706579055755260E-010
   0.00000000      0.533333361       6.3874684363366546E-009
   3.33333351E-02  0.533333361       6.1408355551181154E-009
   6.66666701E-02  0.533333361       5.6400954969761108E-009
  0.100000001      0.533333361       4.8724886271989815E-009
  0.133333340      0.533333361       3.8244581540298334E-009
  0.166666672      0.533333361       2.4879061460720414E-009
  0.200000003      0.533333361       8.6823179635403536E-010
  0.233333334      0.533333361      -9.9529396269809611E-010
  0.266666681      0.533333361      -3.0402911126159449E-009
  0.300000012      0.533333361      -6.0674619048635414E-009
  0.333333343      0.533333361       1.6724480845055692E-007
  0.366666675      0.533333361       5.2106227212741357E-008
  0.400000006      0.533333361       1.1063186099455682E-006
  0.433333337      0.533333361       1.0626352592401581E-005
  0.466666669      0.533333361       7.2741337008416264E-005
  0.500000000      0.533333361       3.6613759941654363E-004
  0.533333361      0.533333361       1.3693235563280804E-003
  0.566666663      0.533333361       3.8226806878290695E-003
  0.600000024      0.533333361       7.9803415900632640E-003
  0.633333325      0.533333361       1.2429504807075399E-002
  0.666666687      0.533333361       1.4393057656874354E-002
  0.699999988      0.533333361       1.2421750456188600E-002
  0.733333349      0.533333361       8.0125938156525127E-003
  0.766666651      0.533333361       3.8383408533145770E-003
  0.800000012      0.533333361       1.3496485984163449E-003
  0.833333313      0.533333361       3.4462554650658466E-004
  0.866666675      0.533333361       6.3422527400708003E-005
  0.899999976      0.533333361       8.4895212045081343E-006
  0.933333337      0.533333361       9.0601851812123491E-007
  0.966666639      0.533333361       1.3757364149789841E-008
   1.00000000      0.533333361       1.7876775103200376E-008
   0.00000000      0.566666663       7.2184821423189327E-009
   3.33333351E-02  0.566666663       7.0021445759682610E-009
   6.66666701E-02  0.566666663       6.5527572270206169E-009
  0.100000001      0.566666663       5.8365186646376632E-009
  0.133333340      0.566666663       4.8025213196436350E-009
  0.166666672      0.566666663       3.3813058546681984E-009
  0.200000003      0.566666663       1.4962732658788114E-009
  0.233333334      0.566666663      -8.5145967598614092E-010
  0.266666681      0.566666663      -3.0871259875699109E-009
  0.300000012      0.566666663      -1.0933437839984184E-009
  0.333333343      0.566666663       8.3316876513424287E-008
  0.366666675      0.566666663       4.9257869196364656E-007
  0.400000006      0.566666663       5.3300311792883227E-006
  0.433333337      0.566666663       4.3195523303774224E-005
  0.466666669      0.566666663       2.5827418064093425E-004
  0.500000000      0.566666663       1.1495345994570342E-003
  0.533333361      0.566666663       3.8226806878290695E-003
  0.566666663      0.566666663       9.5254407872656811E-003
  0.600000024      0.566666663       1.7770257817637480E-002
  0.633333325      0.566666663       2.4725188972936796E-002
  0.666666687      0.566666663       2.5724814870472665E-002
  0.699999988      0.566666663       2.0165536687149668E-002
  0.733333349      0.566666663       1.1876734281786393E-002
  0.766666651      0.566666663       5.1933283744187032E-003
  0.800000012      0.566666663       1.6681921576394952E-003
  0.833333313      0.566666663       3.9042906682060447E-004
  0.866666675      0.566666663       6.6130866798374361E-005
  0.899999976      0.566666663       8.1467655540590558E-006
  0.933333337      0.566666663       6.3700146645255702E-007
  0.966666639      0.566666663       3.3969578233867051E-008
   1.00000000      0.566666663       1.7532491404645065E-008
   0.00000000      0.600000024       8.1007580773548304E-009
   3.33333351E-02  0.600000024       7.9394886619982286E-009
   6.66666701E-02  0.600000024       7.5937151174359369E-009
  0.100000001      0.600000024       7.0131476309891888E-009
  0.133333340      0.600000024       6.1121971119387081E-009
  0.166666672      0.600000024       4.7583729116239953E-009
  0.200000003      0.600000024       2.7635464008336774E-009
  0.233333334      0.600000024      -2.8348437096023527E-011
  0.266666681      0.600000024      -3.1108523205342076E-009
  0.300000012      0.600000024      -9.6096230929251791E-010
  0.333333343      0.600000024       1.8657431514372894E-007
  0.366666675      0.600000024       1.9382516387184828E-006
  0.400000006      0.600000024       1.8105383524612273E-005
  0.433333337      0.600000024       1.2808706395182152E-004
  0.466666669      0.600000024       6.7858350189686041E-004
  0.500000000      0.600000024       2.6878768074961226E-003
  0.533333361      0.600000024       7.9803415900632640E-003
  0.566666663      0.600000024       1.7770257817637480E-002
  0.600000024      0.600000024       2.9591782230465425E-002
  0.633333325      0.600000024       3.6920103564548772E-002
  0.666666687      0.600000024       3.4864367080306359E-002
  0.699999988      0.600000024       2.4963226576151621E-002
  0.733333349      0.600000024       1.3398215566848561E-002
  0.766666651      0.600000024       5.3319996177891658E-003
  0.800000012      0.600000024       1.5631027249162956E-003
  0.833333313      0.600000024       3.3536508281820847E-004
  0.866666675      0.600000024       5.2222580495966823E-005
  0.899999976      0.600000024       5.8974496319279777E-006
  0.933333337      0.600000024       2.9048112715115287E-007
  0.966666639      0.600000024       4.1515426506700398E-008
   1.00000000      0.600000024       9.2133222364277484E-009
   0.00000000      0.633333325       8.9720713853172485E-009
   3.33333351E-02  0.633333325       8.8912702051174158E-009
   6.66666701E-02  0.633333325       8.7042843818080362E-009
  0.100000001      0.633333325       8.3539837564955421E-009
  0.133333340      0.633333325       7.7358972485220417E-009
  0.166666672      0.633333325       6.6686060809680037E-009
  0.200000003      0.633333325       4.8636115562456644E-009
  0.233333334      0.633333325       1.9683419846296124E-009
  0.266666681      0.633333325      -1.9979993545055086E-009
  0.300000012      0.633333325      -2.1038653063611135E-009
  0.333333343      0.633333325       5.6736611375165710E-007
  0.366666675      0.633333325       5.4192079863954641E-006
  0.400000006      0.633333325       4.4419075346309889E-005
  0.433333337      0.633333325       2.7984848341130238E-004
  0.466666669      0.633333325       1.3225717418467353E-003
  0.500000000      0.633333325       4.6817794272029870E-003
  0.533333361      0.633333325       1.2429504807075399E-002
  0.566666663      0.633333325       2.4725188972936796E-002
  0.600000024      0.633333325       3.6920103564548772E-002
  0.633333325      0.633333325       4.1798233068146472E-002
  0.666666687      0.633333325       3.6075759657770635E-002
  0.699999988      0.633333325       2.3521983691495128E-002
  0.733333349      0.633333325       1.1457419279189366E-002
  0.766666651      0.633333325       4.1471045936318065E-003
  0.800000012      0.633333325       1.1105022364717170E-003
  0.833333313      0.633333325       2.1842828637756197E-004
  0.866666675      0.633333325       3.1256317068345226E-005
  0.899999976      0.633333325       3.2181958931824621E-006
  0.933333337      0.633333325       1.7410159606004449E-007
  0.966666639      0.633333325       5.5210150607092751E-009
   1.00000000      0.633333325       4.6734610174847813E-008
   0.00000000      0.666666687       9.7565734399982645E-009
   3.33333351E-02  0.666666687       9.7737976271355942E-009
   6.66666701E-02  0.666666687       9.7877984656016132E-009
  0.100000001      0.666666687       9.7477646447251959E-009
  0.133333340      0.666666687       9.5479709670293761E-009
  0.166666672      0.666666687       8.9812710333050938E-009
  0.200000003      0.666666687       7.6589860172320695E-009
  0.233333334      0.666666687       4.8445088173237200E-009
  0.266666681      0.666666687      -2.1365506304264759E-009
  0.300000012      0.666666687       1.0376959564762159E-007
  0.333333343      0.666666687       1.2013010481652826E-006
  0.366666675      0.666666687       1.0782505726795490E-005
  0.400000006      0.666666687       7.9902154059072108E-005
  0.433333337      0.666666687       4.5110215989393326E-004
  0.466666669      0.666666687       1.9095353245521147E-003
  0.500000000      0.666666687       6.0547431983580639E-003
  0.533333361      0.666666687       1.4393057656874354E-002
  0.566666663      0.666666687       2.5724814870472665E-002
  0.600000024      0.666666687       3.4864367080306359E-002
  0.633333325      0.666666687       3.6075759657770635E-002
  0.666666687      0.666666687       2.8348371871008519E-002
  0.699999988      0.666666687       1.6747697266892538E-002
  0.733333349      0.666666687       7.4031586425200267E-003
  0.766666651      0.666666687       2.4421666270664213E-003
  0.800000012      0.666666687       5.9809049098524217E-004
  0.833333313      0.666666687       1.0779506131776829E-004
  0.866666675      0.666666687       1.4110188381605791E-005
  0.899999976      0.666666687       1.2599114683179043E-006
  0.933333337      0.666666687       1.7258837230454266E-008
  0.966666639      0.666666687       1.5711257553632785E-008
   1.00000000      0.666666687       3.2666400612280100E-008
   0.00000000      0.699999988       1.0376193921224006E-008
   3.33333351E-02  0.699999988       1.0495243326974144E-008
   6.66666701E-02  0.699999988       1.0724777237082136E-008
  0.100000001      0.699999988       1.1036806175142994E-008
  0.133333340      0.699999988       1.1356124692950970E-008
  0.166666672      0.699999988       1.1504191607366113E-008
  0.200000003      0.699999988       1.1104578833505060E-008
  0.233333334      0.699999988       9.3366590643746694E-009
  0.266666681      0.699999988       2.3245498817926064E-009
  0.300000012      0.699999988       1.8018861632418046E-007
  0.333333343      0.699999988       1.8559021719550227E-006
  0.366666675      0.699999988       1.5733952325613747E-005
  0.400000006      0.699999988       1.0526628671934024E-004
  0.433333337      0.699999988       5.3475613309681780E-004
  0.466666669      0.699999988       2.0343908458703994E-003
  0.500000000      0.699999988       5.7967787748472712E-003
  0.533333361      0.699999988       1.2421750456188600E-002
  0.566666663      0.699999988       2.0165536687149668E-002
  0.600000024      0.699999988       2.4963226576151621E-002
  0.633333325      0.699999988       2.3521983691495128E-002
  0.666666687      0.699999988       1.6747697266892538E-002
  0.699999988      0.699999988       8.9719392990206658E-003
  0.733333349      0.699999988       3.6105116342129502E-003
  0.766666651      0.699999988       1.0877435640012528E-003
  0.800000012      0.699999988       2.4365894848021982E-004
  0.833333313      0.699999988       4.0128277197792449E-005
  0.866666675      0.699999988       4.7648810645853140E-006
  0.899999976      0.699999988       3.6456617858089159E-007
  0.933333337      0.699999988       8.0389055477463056E-009
  0.966666639      0.699999988      -7.7401889645931088E-009
   1.00000000      0.699999988       5.3815364695324747E-008
   0.00000000      0.733333349       1.0765697648455752E-008
   3.33333351E-02  0.733333349       1.0972810160058549E-008
   6.66666701E-02  0.733333349       1.1395034718109445E-008
  0.100000001      0.733333349       1.2041486905246118E-008
  0.133333340      0.733333349       1.2903545463681040E-008
  0.166666672      0.733333349       1.3915844688811713E-008
  0.200000003      0.733333349       1.4902001345580562E-008
  0.233333334      0.733333349       1.5588634292912004E-008
  0.266666681      0.733333349       1.6197710922755473E-008
  0.300000012      0.733333349       3.1422320810430004E-008
  0.333333343      0.733333349       2.2463453063711891E-006
  0.366666675      0.733333349       1.6750888981393545E-005
  0.400000006      0.733333349       1.0107081592913110E-004
  0.433333337      0.733333349       4.6406394357649625E-004
  0.466666669      0.733333349       1.5940361565606413E-003
  0.500000000      0.733333349       4.1107683176764623E-003
  0.533333361      0.733333349       8.0125938156525127E-003
  0.566666663      0.733333349       1.1876734281786393E-002
  0.600000024      0.733333349       1.3398215566848561E-002
  0.633333325      0.733333349       1.1457419279189366E-002
  0.666666687      0.733333349       7.4031586425200267E-003
  0.699999988      0.733333349       3.6105116342129502E-003
  0.733333349      0.733333349       1.3263381093425474E-003
  0.766666651      0.733333349       3.6514681600283952E-004
  0.800000012      0.733333349       7.4659812535753881E-005
  0.833333313      0.733333349       1.1138039036546403E-005
  0.866666675      0.733333349       1.2148099055312367E-006
  0.899999976      0.733333349       9.9671958911948071E-008
  0.933333337      0.733333349      -7.3832944789487334E-009
  0.966666639      0.733333349       5.8090450995806030E-008
   1.00000000      0.733333349       8.4236883670686657E-008
   0.00000000      0.766666651       1.0889438846733296E-008
   3.33333351E-02  0.766666651       1.1153922356045565E-008
   6.66666701E-02  0.766666651       1.1706607181468515E-008
  0.100000001      0.766666651       1.2595545020822538E-008
  0.133333340      0.766666651       1.3894138279355386E-008
  0.166666672      0.766666651       1.5704488385724288E-008
  0.200000003      0.766666651       1.8170186650212292E-008
  0.233333334      0.766666651       2.1539756200677704E-008
  0.266666681      0.766666651       2.7172089139262598E-008
  0.300000012      0.766666651       6.4456385104978350E-008
  0.333333343      0.766666651       1.9681534440423899E-006
  0.366666675      0.766666651       1.2866456682328505E-005
  0.400000006      0.766666651       7.0501186172628686E-005
  0.433333337      0.766666651       2.9336634142029848E-004
  0.466666669      0.766666651       9.1632778476272549E-004
  0.500000000      0.766666651       2.1548416109972790E-003
  0.533333361      0.766666651       3.8383408533145770E-003
  0.566666663      0.766666651       5.1933283744187032E-003
  0.600000024      0.766666651       5.3319996177891658E-003
  0.633333325      0.766666651       4.1471045936318065E-003
  0.666666687      0.766666651       2.4421666270664213E-003
  0.699999988      0.766666651       1.0877435640012528E-003
  0.733333349      0.766666651       3.6514681600283952E-004
  0.766666651      0.766666651       9.1675515607619364E-005
  0.800000012      0.766666651       1.7001988471740002E-005
  0.833333313      0.766666651       2.3027184707666380E-006
  0.866666675      0.766666651       2.2186973629460469E-007
  0.899999976      0.766666651       9.6130880303550367E-009
  0.933333337      0.766666651       6.8267525638564253E-010
  0.966666639      0.766666651      -1.2457185192779087E-009
   1.00000000      0.766666651       1.9221441787374300E-007
   0.00000000      0.800000012       1.0750902310757704E-008
   3.33333351E-02  0.800000012       1.1032025231489870E-008
   6.66666701E-02  0.800000012       1.1625806357103835E-008
  0.100000001      0.800000012       1.2601049637116571E-008
  0.133333340      0.800000012       1.4078301019317813E-008
  0.166666672      0.800000012       1.6261505202726928E-008
  0.200000003      0.800000012       1.9508474452837807E-008
  0.233333334      0.800000012       2.4560285583064001E-008
  0.266666681      0.800000012       3.4444589683312390E-008
  0.300000012      0.800000012       7.5763115347160168E-008
  0.333333343      0.800000012       1.1815426438103668E-006
  0.366666675      0.800000012       7.3033939725123363E-006
  0.400000006      0.800000012       3.5493534707079985E-005
  0.433333337      0.800000012       1.3452020394222634E-004
  0.466666669      0.800000012       3.8432416912899696E-004
  0.500000000      0.800000012       8.2773932251519562E-004
  0.533333361      0.800000012       1.3496485984163449E-003
  0.566666663      0.800000012       1.6681921576394952E-003
  0.600000024      0.800000012       1.5631027249162956E-003
  0.633333325      0.800000012       1.1105022364717170E-003
  0.666666687      0.800000012       5.9809049098524217E-004
  0.699999988      0.800000012       2.4365894848021982E-004
  0.733333349      0.800000012       7.4659812535753881E-005
  0.766666651      0.800000012       1.7001988471740002E-005
  0.800000012      0.800000012       2.8035055456126492E-006
  0.833333313      0.800000012       3.3541483977946041E-007
  0.866666675      0.800000012       5.4286649136484760E-008
  0.899999976      0.800000012       4.5294930749910714E-009
  0.933333337      0.800000012       9.4145322878692872E-009
  0.966666639      0.800000012       1.4877529165276213E-008
   1.00000000      0.800000012       1.4195479547781309E-007
   0.00000000      0.833333313       1.0396826190988209E-008
   3.33333351E-02  0.833333313       1.0655373045703742E-008
   6.66666701E-02  0.833333313       1.1201744602642311E-008
  0.100000001      0.833333313       1.2100821322616820E-008
  0.133333340      0.833333313       1.3468923104435759E-008
  0.166666672      0.833333313       1.5508622430542018E-008
  0.200000003      0.833333313       1.8589371332186633E-008
  0.233333334      0.833333313       2.3479177919819363E-008
  0.266666681      0.833333313       3.2184756021316069E-008
  0.300000012      0.833333313       4.9055732089528861E-008
  0.333333343      0.833333313       2.6681046875771247E-008
  0.366666675      0.833333313       3.2599725669495323E-006
  0.400000006      0.833333313       1.3034322197537189E-005
  0.433333337      0.833333313       4.4736371493950267E-005
  0.466666669      0.833333313       1.1665291625768091E-004
  0.500000000      0.833333313       2.3046509564834559E-004
  0.533333361      0.833333313       3.4462554650658466E-004
  0.566666663      0.833333313       3.9042906682060447E-004
  0.600000024      0.833333313       3.3536508281820847E-004
  0.633333325      0.833333313       2.1842828637756197E-004
  0.666666687      0.833333313       1.0779506131776829E-004
  0.699999988      0.833333313       4.0128277197792449E-005
  0.733333349      0.833333313       1.1138039036546403E-005
  0.766666651      0.833333313       2.3027184707666380E-006
  0.800000012      0.833333313       3.3541483977946041E-007
  0.833333313      0.833333313       3.9939437710963081E-008
  0.866666675      0.833333313       1.0796327761051355E-008
  0.899999976      0.833333313       1.3802969070779610E-008
  0.933333337      0.833333313       2.3422819838640058E-008
  0.966666639      0.833333313       4.7095395943621242E-008
   1.00000000      0.833333313       7.0013351110816482E-008
   0.00000000      0.866666675       9.9056628359919796E-009
   3.33333351E-02  0.866666675       1.0114141044646752E-008
   6.66666701E-02  0.866666675       1.0551080697291867E-008
  0.100000001      0.866666675       1.1260298069838692E-008
  0.133333340      0.866666675       1.2319066790321756E-008
  0.166666672      0.866666675       1.3858464749036403E-008
  0.200000003      0.866666675       1.6106912221081765E-008
  0.233333334      0.866666675       1.9498821449397824E-008
  0.266666681      0.866666675       2.5088096858218861E-008
  0.300000012      0.866666675       3.7540957677347983E-008
  0.333333343      0.866666675       1.0062801010729885E-007
  0.366666675      0.866666675       8.9657026959956768E-007
  0.400000006      0.866666675       3.6091821888489806E-006
  0.433333337      0.866666675       1.0872264795619337E-005
  0.466666669      0.866666675       2.5525450625334123E-005
  0.500000000      0.866666675       4.6188614027831143E-005
  0.533333361      0.866666675       6.3422527400708003E-005
  0.566666663      0.866666675       6.6130866798374361E-005
  0.600000024      0.866666675       5.2222580495966823E-005
  0.633333325      0.866666675       3.1256317068345226E-005
  0.666666687      0.866666675       1.4110188381605791E-005
  0.699999988      0.866666675       4.7648810645853140E-006
  0.733333349      0.866666675       1.2148099055312367E-006
  0.766666651      0.866666675       2.2186973629460469E-007
  0.800000012      0.866666675       5.4286649136484760E-008
  0.833333313      0.866666675       1.0796327761051355E-008
  0.866666675      0.866666675       1.2408923316621287E-008
  0.899999976      0.866666675       3.8864323352854474E-008
  0.933333337      0.866666675       3.6012022389944262E-008
  0.966666639      0.866666675       2.3712407829108977E-008
   1.00000000      0.866666675       1.2915761068239742E-008
   0.00000000      0.899999976       9.3703920100648985E-009
   3.33333351E-02  0.899999976       9.5173838588792636E-009
   6.66666701E-02  0.899999976       9.8195735631287362E-009
  0.100000001      0.899999976       1.0294003052529685E-008
  0.133333340      0.899999976       1.0967533843782296E-008
  0.166666672      0.899999976       1.1877244876848381E-008
  0.200000003      0.899999976       1.3063006308600134E-008
  0.233333334      0.899999976       1.4522007180757177E-008
  0.266666681      0.899999976       1.6015905103007599E-008
  0.300000012      0.899999976       1.6432462537820797E-008
  0.333333343      0.899999976       1.1726324534652721E-008
  0.366666675      0.899999976      -3.2398643386600395E-008
  0.400000006      0.899999976       7.4465861129571417E-007
  0.433333337      0.899999976       2.0696163386246108E-006
  0.466666669      0.899999976       4.1509480943626408E-006
  0.500000000      0.899999976       6.5975965050490276E-006
  0.533333361      0.899999976       8.4895212045081343E-006
  0.566666663      0.899999976       8.1467655540590558E-006
  0.600000024      0.899999976       5.8974496319279777E-006
  0.633333325      0.899999976       3.2181958931824621E-006
  0.666666687      0.899999976       1.2599114683179043E-006
  0.699999988      0.899999976       3.6456617858089159E-007
  0.733333349      0.899999976       9.9671958911948071E-008
  0.766666651      0.899999976       9.6130880303550367E-009
  0.800000012      0.899999976       4.5294930749910714E-009
  0.833333313      0.899999976       1.3802969070779610E-008
  0.866666675      0.899999976       3.8864323352854474E-008
  0.899999976      0.899999976       3.9529499998498287E-008
  0.933333337      0.899999976       3.1856851348337992E-008
  0.966666639      0.899999976       2.8960394974708939E-008
   1.00000000      0.899999976       2.8189395608849577E-008
   0.00000000      0.933333337       8.8810270788917262E-009
   3.33333351E-02  0.933333337       8.9700046268775119E-009
   6.66666701E-02  0.933333337       9.1457788781515448E-009
  0.100000001      0.933333337       9.4021589936398031E-009
  0.133333340      0.933333337       9.7242076437572406E-009
  0.166666672      0.933333337       1.0076998818503088E-008
  0.200000003      0.933333337       1.0377510940200521E-008
  0.233333334      0.933333337       1.0418782119599873E-008
  0.266666681      0.933333337       9.6659281225743021E-009
  0.300000012      0.933333337       6.7525355315969926E-009
  0.333333343      0.933333337      -1.5876699395282745E-009
  0.366666675      0.933333337      -2.2684224049510093E-008
  0.400000006      0.933333337      -5.7610823640287523E-008
  0.433333337      0.933333337      -4.5993222811888113E-008
  0.466666669      0.933333337       6.1229215519899988E-007
  0.500000000      0.933333337       5.4224261363065157E-007
  0.533333361      0.933333337       9.0601851812123491E-007
  0.566666663      0.933333337       6.3700146645255702E-007
  0.600000024      0.933333337       2.9048112715115287E-007
  0.633333325      0.933333337       1.7410159606004449E-007
  0.666666687      0.933333337       1.7258837230454266E-008
  0.699999988      0.933333337       8.0389055477463056E-009
  0.733333349      0.933333337      -7.3832944789487334E-009
  0.766666651      0.933333337       6.8267525638564253E-010
  0.800000012      0.933333337       9.4145322878692872E-009
  0.833333313      0.933333337       2.3422819838640058E-008
  0.866666675      0.933333337       3.6012022389944262E-008
  0.899999976      0.933333337       3.1856851348337992E-008
  0.933333337      0.933333337       3.3010759477108357E-008
  0.966666639      0.933333337       3.6206914534332160E-008
   1.00000000      0.933333337       4.1469587028247117E-008
   0.00000000      0.966666639       8.5117993727564650E-009
   3.33333351E-02  0.966666639       8.5570181847412219E-009
   6.66666701E-02  0.966666639       8.6381640800829024E-009
  0.100000001      0.966666639       8.7336640764486967E-009
  0.133333340      0.966666639       8.8026678630743344E-009
  0.166666672      0.966666639       8.7711633210436207E-009
  0.200000003      0.966666639       8.5051759723606124E-009
  0.233333334      0.966666639       7.7585576878022589E-009
  0.266666681      0.966666639       6.0768884811365775E-009
  0.300000012      0.966666639       2.6558543081769970E-009
  0.333333343      0.966666639      -3.7267852141982527E-009
  0.366666675      0.966666639      -1.4190066155526232E-008
  0.400000006      0.966666639      -2.6504558111629939E-008
  0.433333337      0.966666639      -2.8085249851889788E-008
  0.466666669      0.966666639      -3.6425746946944920E-008
  0.500000000      0.966666639      -6.7756592897136314E-009
  0.533333361      0.966666639       1.3757364149789841E-008
  0.566666663      0.966666639       3.3969578233867051E-008
  0.600000024      0.966666639       4.1515426506700398E-008
  0.633333325      0.966666639       5.5210150607092751E-009
  0.666666687      0.966666639       1.5711257553632785E-008
  0.699999988      0.966666639      -7.7401889645931088E-009
  0.733333349      0.966666639       5.8090450995806030E-008
  0.766666651      0.966666639      -1.2457185192779087E-009
  0.800000012      0.966666639       1.4877529165276213E-008
  0.833333313      0.966666639       4.7095395943621242E-008
  0.866666675      0.966666639       2.3712407829108977E-008
  0.899999976      0.966666639       2.8960394974708939E-008
  0.933333337      0.966666639       3.6206914534332160E-008
  0.966666639      0.966666639       4.5631222414971610E-008
   1.00000000      0.966666639       6.4216399889521856E-008
   0.00000000       1.00000000       8.3141715326653931E-009
   3.33333351E-02   1.00000000       8.3361637211176731E-009
   6.66666701E-02   1.00000000       8.3673811802909004E-009
  0.100000001       1.00000000       8.3789820973494827E-009
  0.133333340       1.00000000       8.3186260516673188E-009
  0.166666672       1.00000000       8.0972548058971805E-009
  0.200000003       1.00000000       7.5676595762477761E-009
  0.233333334       1.00000000       6.4933078909416853E-009
  0.266666681       1.00000000       4.5148540695968964E-009
  0.300000012       1.00000000       1.1548258742506701E-009
  0.333333343       1.00000000      -4.0184670486997920E-009
  0.366666675       1.00000000      -1.0834897651388481E-008
  0.400000006       1.00000000      -1.7341556004125264E-008
  0.433333337       1.00000000      -1.8894113483405167E-008
  0.466666669       1.00000000      -1.4775080944742086E-008
  0.500000000       1.00000000      -4.6706579055755260E-010
  0.533333361       1.00000000       1.7876775103200376E-008
  0.566666663       1.00000000       1.7532491404645065E-008
  0.600000024       1.00000000       9.2133222364277484E-009
  0.633333325       1.00000000       4.6734610174847813E-008
  0.666666687       1.00000000       3.2666400612280100E-008
  0.699999988       1.00000000       5.3815364695324747E-008
  0.733333349       1.00000000       8.4236883670686657E-008
  0.766666651       1.00000000       1.9221441787374300E-007
  0.800000012       1.00000000       1.4195479547781309E-007
  0.833333313       1.00000000       7.0013351110816482E-008
  0.866666675       1.00000000       1.2915761068239742E-008
  0.899999976       1.00000000       2.8189395608849577E-008
  0.933333337       1.00000000       4.1469587028247117E-008
  0.966666639       1.00000000       6.4216399889521856E-008
   1.00000000       1.00000000       6.5519260713278434E-008
