 # X Y F 
   0.00000000       0.00000000       1.3363463180496382E-006
   6.66666701E-02   0.00000000       1.9968098488459514E-005
  0.133333340       0.00000000       2.9129434630971301E-005
  0.200000003       0.00000000       2.0729045063665348E-004
  0.266666681       0.00000000       5.4424516148063925E-004
  0.333333343       0.00000000       6.2009271575281448E-004
  0.400000006       0.00000000       8.4250744018436068E-004
  0.466666669       0.00000000       9.9039163891964373E-004
  0.533333361       0.00000000       1.0279403529181224E-003
  0.600000024       0.00000000       9.6059092079125693E-004
  0.666666687       0.00000000       8.0394047705155262E-004
  0.733333349       0.00000000       6.9035340811600670E-004
  0.800000012       0.00000000       5.0382709224209058E-004
  0.866666675       0.00000000       3.8215729044907288E-004
  0.933333337       0.00000000       2.0667694533923824E-004
   1.00000000       0.00000000       7.1274251505380238E-005
   0.00000000       6.66666701E-02   8.8238152853716996E-006
   6.66666701E-02   6.66666701E-02  -6.4879796548758078E-005
  0.133333340       6.66666701E-02  -8.5140778987974049E-007
  0.200000003       6.66666701E-02   6.2733405961937227E-004
  0.266666681       6.66666701E-02   1.9809925696792226E-003
  0.333333343       6.66666701E-02   2.1760541988604621E-003
  0.400000006       6.66666701E-02   1.1827379391033560E-003
  0.466666669       6.66666701E-02   1.1018838838067911E-003
  0.533333361       6.66666701E-02   1.0692377477615270E-003
  0.600000024       6.66666701E-02   9.9098717718216068E-004
  0.666666687       6.66666701E-02   8.7625049570556131E-004
  0.733333349       6.66666701E-02   6.5978511409167618E-004
  0.800000012       6.66666701E-02   5.3854339434598680E-004
  0.866666675       6.66666701E-02   3.4393659132607739E-004
  0.933333337       6.66666701E-02   2.3458690183073829E-004
   1.00000000       6.66666701E-02   4.5940945962086871E-005
   0.00000000      0.133333340       9.7519015457268535E-005
   6.66666701E-02  0.133333340      -2.5476602702243081E-004
  0.133333340      0.133333340       9.6964697046538872E-005
  0.200000003      0.133333340       2.6596885550856433E-004
  0.266666681      0.133333340       3.2029190516014976E-003
  0.333333343      0.133333340       9.2874370236901826E-003
  0.400000006      0.133333340       1.0271477896726319E-002
  0.466666669      0.133333340       4.1868231041210045E-003
  0.533333361      0.133333340       1.0116511970013750E-003
  0.600000024      0.133333340       1.3010354680294438E-003
  0.666666687      0.133333340       7.5689165465813975E-004
  0.733333349      0.133333340       7.7912435498855175E-004
  0.800000012      0.133333340       4.5641615470801323E-004
  0.866666675      0.133333340       4.1188683457393110E-004
  0.933333337      0.133333340       1.7096275677985393E-004
   1.00000000      0.133333340       8.9338052267631416E-005
   0.00000000      0.200000003      -2.2769431451637133E-004
   6.66666701E-02  0.200000003      -3.7840161687090570E-004
  0.133333340      0.200000003       1.5568352116810178E-004
  0.200000003      0.200000003      -7.8682123215355348E-005
  0.266666681      0.200000003       1.6400008876964836E-003
  0.333333343      0.200000003       5.3516708772397645E-003
  0.400000006      0.200000003       6.2198795673896433E-003
  0.466666669      0.200000003       4.4031290752569400E-003
  0.533333361      0.200000003       2.0573692009215492E-003
  0.600000024      0.200000003       1.0815540598089193E-003
  0.666666687      0.200000003       9.7497136166342277E-004
  0.733333349      0.200000003       6.7966562149893303E-004
  0.800000012      0.200000003       5.1217421604912575E-004
  0.866666675      0.200000003       3.3422477326482418E-004
  0.933333337      0.200000003       1.9437849985045133E-004
   1.00000000      0.200000003       6.1342957105899835E-005
   0.00000000      0.266666681      -1.7685322294434705E-004
   6.66666701E-02  0.266666681      -1.0062334893865897E-003
  0.133333340      0.266666681      -2.1824985950831153E-004
  0.200000003      0.266666681       7.1911013086282168E-004
  0.266666681      0.266666681       1.4849146135328122E-003
  0.333333343      0.266666681       4.2492716199719000E-003
  0.400000006      0.266666681       9.3866722729619573E-003
  0.466666669      0.266666681       7.4519063893596525E-003
  0.533333361      0.266666681       2.2257591273361628E-003
  0.600000024      0.266666681       1.3102252864547507E-003
  0.666666687      0.266666681       8.4497800928220144E-004
  0.733333349      0.266666681       7.2257724392455500E-004
  0.800000012      0.266666681       4.0256013430474749E-004
  0.866666675      0.266666681       3.9164851304722133E-004
  0.933333337      0.266666681       8.8511509115926168E-005
   1.00000000      0.266666681       1.2445886862838844E-004
   0.00000000      0.333333343       1.6150557322860259E-005
   6.66666701E-02  0.333333343      -1.3033323168123944E-003
  0.133333340      0.333333343       1.1022124176269538E-003
  0.200000003      0.333333343       1.4323152032429175E-003
  0.266666681      0.333333343       3.0604922975853901E-003
  0.333333343      0.333333343       1.5954877320039706E-002
  0.400000006      0.333333343       1.9681154168752830E-002
  0.466666669      0.333333343       9.1033621518751846E-003
  0.533333361      0.333333343       2.3172077173122330E-003
  0.600000024      0.333333343       1.2842768676396303E-003
  0.666666687      0.333333343       8.0912332165265386E-004
  0.733333349      0.333333343       6.6165797315951907E-004
  0.800000012      0.333333343       4.1863802539822181E-004
  0.866666675      0.333333343       2.0681526680179605E-004
  0.933333337      0.333333343       7.6387396015185433E-005
   1.00000000      0.333333343       1.1634486060219495E-004
   0.00000000      0.400000006      -2.9181623664096244E-004
   6.66666701E-02  0.400000006      -2.4988070255645785E-004
  0.133333340      0.400000006       4.4464095200348608E-004
  0.200000003      0.400000006       1.8975110892045638E-003
  0.266666681      0.400000006       5.2962255802471991E-003
  0.333333343      0.400000006       1.6222536999712590E-002
  0.400000006      0.400000006       2.2181791836927856E-002
  0.466666669      0.400000006       1.1624759428140445E-002
  0.533333361      0.400000006       2.5380151839947272E-003
  0.600000024      0.400000006       9.8136911623766592E-004
  0.666666687      0.400000006       7.4982499914006133E-004
  0.733333349      0.400000006       3.2294500048745566E-004
  0.800000012      0.400000006       6.9202796725964072E-005
  0.866666675      0.400000006       2.3988381083074367E-004
  0.933333337      0.400000006       7.8267464190385973E-005
   1.00000000      0.400000006      -3.6740979451740840E-005
   0.00000000      0.466666669      -3.3375869006325122E-005
   6.66666701E-02  0.466666669      -3.6230719022767281E-005
  0.133333340      0.466666669      -8.4697073519470370E-005
  0.200000003      0.466666669       1.0440429957954264E-003
  0.266666681      0.466666669       3.9265764933755793E-003
  0.333333343      0.466666669       6.5901000661948966E-003
  0.400000006      0.466666669       1.1139898167847558E-002
  0.466666669      0.466666669       1.2219423124785671E-002
  0.533333361      0.466666669       9.0325115754933492E-003
  0.600000024      0.466666669       4.9818096116925528E-003
  0.666666687      0.466666669       2.7217084800255347E-003
  0.733333349      0.466666669       1.1179995473613708E-003
  0.800000012      0.466666669       3.5161939078535705E-004
  0.866666675      0.466666669       3.9784204061441887E-004
  0.933333337      0.466666669      -5.1790478997839652E-004
   1.00000000      0.466666669       1.7040459236501867E-004
   0.00000000      0.533333361      -1.5118962200007182E-004
   6.66666701E-02  0.533333361       2.4864742576960854E-004
  0.133333340      0.533333361       4.8443476131864414E-006
  0.200000003      0.533333361       6.9911267804416530E-005
  0.266666681      0.533333361       1.0820676417175187E-003
  0.333333343      0.533333361       8.8208414551341392E-004
  0.400000006      0.533333361       2.8293487120473245E-003
  0.466666669      0.533333361       9.5960576108193012E-003
  0.533333361      0.533333361       1.5444925887955031E-002
  0.600000024      0.533333361       1.0958575592990589E-002
  0.666666687      0.533333361       3.2768721936933592E-003
  0.733333349      0.533333361       2.1916526755519981E-003
  0.800000012      0.533333361       1.5423708594679854E-003
  0.866666675      0.533333361       1.1344923947885395E-004
  0.933333337      0.533333361      -2.0153336855884327E-004
   1.00000000      0.533333361      -2.1637496957331202E-004
   0.00000000      0.600000024       2.2753714480368582E-004
   6.66666701E-02  0.600000024      -1.8031831342343332E-005
  0.133333340      0.600000024       4.0197632093281484E-004
  0.200000003      0.600000024       6.4521571511288447E-004
  0.266666681      0.600000024       7.1831427393553816E-004
  0.333333343      0.600000024       1.4621508615363958E-003
  0.400000006      0.600000024       2.1739382087361558E-003
  0.466666669      0.600000024       6.4374053746220211E-003
  0.533333361      0.600000024       1.2372120511150301E-002
  0.600000024      0.600000024       8.8561822513646554E-003
  0.666666687      0.600000024       8.2583151981174341E-004
  0.733333349      0.600000024       1.8036251228191707E-003
  0.800000012      0.600000024       1.2145848654627593E-003
  0.866666675      0.600000024      -4.3525782497249915E-004
  0.933333337      0.600000024       1.0997253916623516E-004
   1.00000000      0.600000024      -5.2010399954160200E-004
   0.00000000      0.666666687      -1.3467383555698312E-005
   6.66666701E-02  0.666666687       2.8709734027749140E-004
  0.133333340      0.666666687       3.6661656049406409E-004
  0.200000003      0.666666687       5.9298346099481594E-004
  0.266666681      0.666666687       9.7743754534215539E-004
  0.333333343      0.666666687       1.0804524264309454E-003
  0.400000006      0.666666687       2.1141544162785091E-003
  0.466666669      0.666666687       5.4747546290463177E-003
  0.533333361      0.666666687       5.9182631409138795E-003
  0.600000024      0.666666687       1.6607793203124530E-003
  0.666666687      0.666666687       1.1397629576457327E-004
  0.733333349      0.666666687       5.0402652470763441E-004
  0.800000012      0.666666687       3.7251050674737642E-004
  0.866666675      0.666666687      -2.3550399266648831E-004
  0.933333337      0.666666687      -4.9586142710062603E-004
   1.00000000      0.666666687      -1.1461521043254636E-005
   0.00000000      0.733333349       1.0394617928091986E-004
   6.66666701E-02  0.733333349       2.2684897077154137E-004
  0.133333340      0.733333349       3.9866659624146787E-004
  0.200000003      0.733333349       6.8861278711996915E-004
  0.266666681      0.733333349       7.7804057286104508E-004
  0.333333343      0.733333349       1.1836784268305896E-003
  0.400000006      0.733333349       1.7019885321093323E-003
  0.466666669      0.733333349       2.2005920565985756E-003
  0.533333361      0.733333349       4.5848497050932826E-003
  0.600000024      0.733333349       4.2932437457173962E-003
  0.666666687      0.733333349       9.9519576911214240E-004
  0.733333349      0.733333349       2.1347568859668496E-004
  0.800000012      0.733333349       3.5695857115183448E-004
  0.866666675      0.733333349      -5.1500253919446292E-005
  0.933333337      0.733333349      -2.7555435975273038E-004
   1.00000000      0.733333349      -6.7898649398400376E-005
   0.00000000      0.800000012       3.2154488656857238E-005
   6.66666701E-02  0.800000012       2.8101608099880210E-004
  0.133333340      0.800000012       4.1973135522309932E-004
  0.200000003      0.800000012       5.9674282364170208E-004
  0.266666681      0.800000012       8.5231507692651233E-004
  0.333333343      0.800000012       1.0332010039038834E-003
  0.400000006      0.800000012       1.1597993734373435E-003
  0.466666669      0.800000012       3.8564532918121870E-003
  0.533333361      0.800000012       5.9106980950932178E-003
  0.600000024      0.800000012       3.1413691230278754E-003
  0.666666687      0.800000012       2.7582002290405330E-004
  0.733333349      0.800000012      -5.2395276990541942E-006
  0.800000012      0.800000012       3.1737295394828084E-004
  0.866666675      0.800000012       2.4460602828944301E-005
  0.933333337      0.800000012      -8.7567585595394181E-005
   1.00000000      0.800000012      -3.1712797400756228E-005
   0.00000000      0.866666675       1.3466974834820737E-004
   6.66666701E-02  0.866666675       1.9899972387656353E-004
  0.133333340      0.866666675       4.4015625119557902E-004
  0.200000003      0.866666675       6.0820761287118017E-004
  0.266666681      0.866666675       7.0124044729149258E-004
  0.333333343      0.866666675       1.0711937050998158E-003
  0.400000006      0.866666675       7.8046798372706310E-004
  0.466666669      0.866666675       1.7936454584236668E-003
  0.533333361      0.866666675       4.8590555854008174E-003
  0.600000024      0.866666675       5.4425385732559273E-003
  0.666666687      0.866666675       2.1458126890683896E-003
  0.733333349      0.866666675       3.0921627225079040E-004
  0.800000012      0.866666675       3.4195764153052612E-004
  0.866666675      0.866666675      -2.2677896409931730E-005
  0.933333337      0.866666675      -5.6742570603865434E-005
   1.00000000      0.866666675      -1.6670589576422945E-005
   0.00000000      0.933333337       4.7759026255507278E-005
   6.66666701E-02  0.933333337       2.6039343627868027E-004
  0.133333340      0.933333337       4.1462013651333578E-004
  0.200000003      0.933333337       5.3905725569680370E-004
  0.266666681      0.933333337       7.9289499092577084E-004
  0.333333343      0.933333337       7.4368167523883419E-004
  0.400000006      0.933333337       1.1443574160762129E-003
  0.466666669      0.933333337       1.0095227755431775E-003
  0.533333361      0.933333337       8.5991018803271827E-004
  0.600000024      0.933333337       1.4975228088590475E-003
  0.666666687      0.933333337       1.5431050535020729E-003
  0.733333349      0.933333337       7.4457142686419674E-004
  0.800000012      0.933333337       1.1056601721292123E-004
  0.866666675      0.933333337       8.7279502977040784E-005
  0.933333337      0.933333337      -5.2611327737764921E-005
   1.00000000      0.933333337      -7.5900999736914603E-006
   0.00000000       1.00000000       8.0013492959697877E-005
   6.66666701E-02   1.00000000       2.3583331422669240E-004
  0.133333340       1.00000000       4.0584984649817940E-004
  0.200000003       1.00000000       5.6416817317587152E-004
  0.266666681       1.00000000       6.8317078676745141E-004
  0.333333343       1.00000000       8.5601819083830312E-004
  0.400000006       1.00000000       8.7582402331780839E-004
  0.466666669       1.00000000       9.0191761653665432E-004
  0.533333361       1.00000000       9.3167931147809758E-004
  0.600000024       1.00000000       5.7665602788720192E-004
  0.666666687       1.00000000       3.3876234347284142E-004
  0.733333349       1.00000000       2.1775061191822630E-004
  0.800000012       1.00000000       4.2740205628125435E-005
  0.866666675       1.00000000       3.5270224701846410E-005
  0.933333337       1.00000000       1.2759174136929847E-005
   1.00000000       1.00000000       2.5507180241268743E-006
