 # X Y T Z 
   0.00000000       0.00000000       1.3837668038707390E-006
   3.33333351E-02   0.00000000       1.7562968880204137E-006
   6.66666701E-02   0.00000000       4.5895079849182151E-006
  0.100000001       0.00000000       3.1947262671550930E-005
  0.133333340       0.00000000       1.0841957263725506E-004
  0.166666672       0.00000000       2.2637298626795405E-004
  0.200000003       0.00000000       3.6344449584039916E-004
  0.233333334       0.00000000       4.9075388087898458E-004
  0.266666681       0.00000000       5.8298539371002319E-004
  0.300000012       0.00000000       6.2779089600568494E-004
  0.333333343       0.00000000       6.2665064357649816E-004
  0.366666675       0.00000000       5.8973843790059482E-004
  0.400000006       0.00000000       5.2998340255500857E-004
  0.433333337       0.00000000       4.5912697720534341E-004
  0.466666669       0.00000000       3.8603520095984979E-004
  0.500000000       0.00000000       3.1651713641072261E-004
  0.533333361       0.00000000       2.5390113206396833E-004
  0.566666663       0.00000000       1.9978999208367505E-004
  0.600000024       0.00000000       1.5423890020562969E-004
  0.633333325       0.00000000       1.1679699440819550E-004
  0.666666687       0.00000000       8.6784194677452477E-005
  0.699999988       0.00000000       6.3289442538575212E-005
  0.733333349       0.00000000       4.5094541182012343E-005
  0.766666651       0.00000000       3.0503370101462229E-005
  0.800000012       0.00000000       2.0481720454005843E-005
  0.833333313       0.00000000       1.2653344630475256E-005
  0.866666675       0.00000000       7.6876672482813766E-006
  0.899999976       0.00000000       4.3672075154433537E-006
  0.933333337       0.00000000       2.0771147684390157E-006
  0.966666639       0.00000000       9.0230226233305481E-007
   1.00000000       0.00000000       3.5735005728481880E-007
   0.00000000       3.33333351E-02   1.7562968880204137E-006
   3.33333351E-02   3.33333351E-02   2.4733407417849886E-006
   6.66666701E-02   3.33333351E-02   5.9326714465892672E-006
  0.100000001       3.33333351E-02   5.9867522174990477E-005
  0.133333340       3.33333351E-02   2.6538783954879394E-004
  0.166666672       3.33333351E-02   5.2840099472709230E-004
  0.200000003       3.33333351E-02   7.7954963798615613E-004
  0.233333334       3.33333351E-02   9.4407016654252725E-004
  0.266666681       3.33333351E-02   9.9770898103543424E-004
  0.300000012       3.33333351E-02   9.6230217618264318E-004
  0.333333343       3.33333351E-02   8.7427411486273973E-004
  0.366666675       3.33333351E-02   7.6367660477802283E-004
  0.400000006       3.33333351E-02   6.4936984529829892E-004
  0.433333337       3.33333351E-02   5.4137844330322173E-004
  0.466666669       3.33333351E-02   4.4426698651003807E-004
  0.500000000       3.33333351E-02   3.5958670863049159E-004
  0.533333361       3.33333351E-02   2.8735237492681669E-004
  0.566666663       3.33333351E-02   2.2688123758890193E-004
  0.600000024       3.33333351E-02   1.7694757307437135E-004
  0.633333325       3.33333351E-02   1.3618215357602428E-004
  0.666666687       3.33333351E-02   1.0361407330082572E-004
  0.699999988       3.33333351E-02   7.7561065417891344E-005
  0.733333349       3.33333351E-02   5.7194271584633060E-005
  0.766666651       3.33333351E-02   4.1046511659574450E-005
  0.800000012       3.33333351E-02   2.9040146962604798E-005
  0.833333313       3.33333351E-02   1.9855576280052180E-005
  0.866666675       3.33333351E-02   1.3266933916603778E-005
  0.899999976       3.33333351E-02   8.3061029103833109E-006
  0.933333337       3.33333351E-02   4.9451812291521154E-006
  0.966666639       3.33333351E-02   2.6601884370518289E-006
   1.00000000       3.33333351E-02   1.5101207066237641E-006
   0.00000000       6.66666701E-02   4.5895079849182151E-006
   3.33333351E-02   6.66666701E-02   5.9326714465892672E-006
   6.66666701E-02   6.66666701E-02   1.0299249447645415E-005
  0.100000001       6.66666701E-02   7.5534640018970478E-005
  0.133333340       6.66666701E-02   6.0045777829631876E-004
  0.166666672       6.66666701E-02   1.2987195633898147E-003
  0.200000003       6.66666701E-02   1.8463452849365289E-003
  0.233333334       6.66666701E-02   2.0405540777709476E-003
  0.266666681       6.66666701E-02   1.9243378822678314E-003
  0.300000012       6.66666701E-02   1.6627362757650748E-003
  0.333333343       6.66666701E-02   1.3730885284787087E-003
  0.366666675       6.66666701E-02   1.1090729035492606E-003
  0.400000006       6.66666701E-02   8.8662140224503565E-004
  0.433333337       6.66666701E-02   7.0532130250268411E-004
  0.466666669       6.66666701E-02   5.5945202931337540E-004
  0.500000000       6.66666701E-02   4.4252575380196728E-004
  0.533333361       6.66666701E-02   3.4881264857687016E-004
  0.566666663       6.66666701E-02   2.7368279689262819E-004
  0.600000024       6.66666701E-02   2.1353122237882156E-004
  0.633333325       6.66666701E-02   1.6546664336280378E-004
  0.666666687       6.66666701E-02   1.2726943606035444E-004
  0.699999988       6.66666701E-02   9.6764302897134536E-005
  0.733333349       6.66666701E-02   7.2841968605256334E-005
  0.766666651       6.66666701E-02   5.3942886757968724E-005
  0.800000012       6.66666701E-02   3.9510077225551589E-005
  0.833333313       6.66666701E-02   2.8311298636829831E-005
  0.866666675       6.66666701E-02   1.9834511409044006E-005
  0.899999976       6.66666701E-02   1.3276875371351794E-005
  0.933333337       6.66666701E-02   8.5169485013786468E-006
  0.966666639       6.66666701E-02   5.2440413312128723E-006
   1.00000000       6.66666701E-02   3.6931127104011590E-006
   0.00000000      0.100000001       3.1947262671550930E-005
   3.33333351E-02  0.100000001       5.9867522174990477E-005
   6.66666701E-02  0.100000001       7.5534640018970478E-005
  0.100000001      0.100000001       1.3578185198989830E-004
  0.133333340      0.100000001       1.2087919209657263E-003
  0.166666672      0.100000001       3.5163306549214949E-003
  0.200000003      0.100000001       4.8933362164642674E-003
  0.233333334      0.100000001       4.7176489985314091E-003
  0.266666681      0.100000001       3.8924078011039471E-003
  0.300000012      0.100000001       2.9828486586335481E-003
  0.333333343      0.100000001       2.2327816760321882E-003
  0.366666675      0.100000001       1.6693283695777448E-003
  0.400000006      0.100000001       1.2566444848635060E-003
  0.433333337      0.100000001       9.5433056990171445E-004
  0.466666669      0.100000001       7.3063907578728221E-004
  0.500000000      0.100000001       5.6293049029090868E-004
  0.533333361      0.100000001       4.3551775585029556E-004
  0.566666663      0.100000001       3.3756352518551642E-004
  0.600000024      0.100000001       2.6158741270972124E-004
  0.633333325      0.100000001       2.0230884201510692E-004
  0.666666687      0.100000001       1.5572734677524763E-004
  0.699999988      0.100000001       1.1929537440329450E-004
  0.733333349      0.100000001       9.0818321820775104E-005
  0.766666651      0.100000001       6.8396703089226407E-005
  0.800000012      0.100000001       5.1010010685436437E-005
  0.833333313      0.100000001       3.7517144276141422E-005
  0.866666675      0.100000001       2.6952163048951926E-005
  0.899999976      0.100000001       1.8862657103862909E-005
  0.933333337      0.100000001       1.2864799630281034E-005
  0.966666639      0.100000001       8.6300491901094276E-006
   1.00000000      0.100000001       6.5699615702912708E-006
   0.00000000      0.133333340       1.0841957263725506E-004
   3.33333351E-02  0.133333340       2.6538783954879394E-004
   6.66666701E-02  0.133333340       6.0045777829631876E-004
  0.100000001      0.133333340       1.2087919209657263E-003
  0.133333340      0.133333340       4.6071370364876305E-003
  0.166666672      0.133333340       1.1056283873744487E-002
  0.200000003      0.133333340       1.3827305396854561E-002
  0.233333334      0.133333340       1.1478990048648838E-002
  0.266666681      0.133333340       7.8060955384293565E-003
  0.300000012      0.133333340       5.2297570044981716E-003
  0.333333343      0.133333340       3.5515031574938926E-003
  0.366666675      0.133333340       2.4687869901886899E-003
  0.400000006      0.133333340       1.7589793977455918E-003
  0.433333337      0.133333340       1.2810073643348303E-003
  0.466666669      0.133333340       9.4980277410230019E-004
  0.500000000      0.133333340       7.1410289485355138E-004
  0.533333361      0.133333340       5.4241215722965230E-004
  0.566666663      0.133333340       4.1484350122692230E-004
  0.600000024      0.133333340       3.1847922050480071E-004
  0.633333325      0.133333340       2.4480612470195078E-004
  0.666666687      0.133333340       1.8825036470165681E-004
  0.699999988      0.133333340       1.4442579161139688E-004
  0.733333349      0.133333340       1.1039798662740139E-004
  0.766666651      0.133333340       8.3811349995492618E-005
  0.800000012      0.133333340       6.3303227566889906E-005
  0.833333313      0.133333340       4.7244988789930058E-005
  0.866666675      0.133333340       3.4754412251285748E-005
  0.899999976      0.133333340       2.5142754407355376E-005
  0.933333337      0.133333340       1.7867025739161450E-005
  0.966666639      0.133333340       1.2630318906854828E-005
   1.00000000      0.133333340       1.0104332153387541E-005
   0.00000000      0.166666672       2.2637298626795405E-004
   3.33333351E-02  0.166666672       5.2840099472709230E-004
   6.66666701E-02  0.166666672       1.2987195633898147E-003
  0.100000001      0.166666672       3.5163306549214949E-003
  0.133333340      0.166666672       1.1056283873744487E-002
  0.166666672      0.166666672       2.1148296516326725E-002
  0.200000003      0.166666672       2.5495619363639744E-002
  0.233333334      0.166666672       2.1310647925688517E-002
  0.266666681      0.166666672       1.3502453446437976E-002
  0.300000012      0.166666672       8.1695183400837847E-003
  0.333333343      0.166666672       5.1494978112429507E-003
  0.366666675      0.166666672       3.3939375030186099E-003
  0.400000006      0.166666672       2.3251040078949197E-003
  0.433333337      0.166666672       1.6439157331179582E-003
  0.466666669      0.166666672       1.1915256621398422E-003
  0.500000000      0.166666672       8.8023342746872612E-004
  0.533333361      0.166666672       6.5955704893613798E-004
  0.566666663      0.166666672       4.9921350273235345E-004
  0.600000024      0.166666672       3.8032235707980485E-004
  0.633333325      0.166666672       2.9088913626968863E-004
  0.666666687      0.166666672       2.2296733727757460E-004
  0.699999988      0.166666672       1.7100559310432147E-004
  0.733333349      0.166666672       1.3092532033783454E-004
  0.766666651      0.166666672       9.9989257253150756E-005
  0.800000012      0.166666672       7.6193822916288369E-005
  0.833333313      0.166666672       5.7519461845375789E-005
  0.866666675      0.166666672       4.3023192031223792E-005
  0.899999976      0.166666672       3.1809371388963955E-005
  0.933333337      0.166666672       2.3251119832443080E-005
  0.966666639      0.166666672       1.7159462043969182E-005
   1.00000000      0.166666672       1.4363824224485983E-005
   0.00000000      0.200000003       3.6344449584039916E-004
   3.33333351E-02  0.200000003       7.7954963798615613E-004
   6.66666701E-02  0.200000003       1.8463452849365289E-003
  0.100000001      0.200000003       4.8933362164642674E-003
  0.133333340      0.200000003       1.3827305396854561E-002
  0.166666672      0.200000003       2.5495619363639744E-002
  0.200000003      0.200000003       3.0749508374538697E-002
  0.233333334      0.200000003       2.6261425687454196E-002
  0.266666681      0.200000003       1.7029753098765098E-002
  0.300000012      0.200000003       1.0241407239271434E-002
  0.333333343      0.200000003       6.3690388235148731E-003
  0.366666675      0.200000003       4.1437108736210411E-003
  0.400000006      0.200000003       2.8069339229411607E-003
  0.433333337      0.200000003       1.9656153727130128E-003
  0.466666669      0.200000003       1.4131578191078384E-003
  0.500000000      0.200000003       1.0368195968198908E-003
  0.533333361      0.200000003       7.7241745695017005E-004
  0.566666663      0.200000003       5.8186455539067819E-004
  0.600000024      0.200000003       4.4166109247155947E-004
  0.633333325      0.200000003       3.3684205523078670E-004
  0.666666687      0.200000003       2.5785104931900875E-004
  0.699999988      0.200000003       1.9766470847363188E-004
  0.733333349      0.200000003       1.5166726776235189E-004
  0.766666651      0.200000003       1.1640575580520164E-004
  0.800000012      0.200000003       8.9022002580296046E-005
  0.833333313      0.200000003       6.7800160127703978E-005
  0.866666675      0.200000003       5.1365882175715230E-005
  0.899999976      0.200000003       3.8620787317642050E-005
  0.933333337      0.200000003       2.8910777319054738E-005
  0.966666639      0.200000003       2.2115059955270499E-005
   1.00000000      0.200000003       1.8975922468150925E-005
   0.00000000      0.233333334       4.9075388087898458E-004
   3.33333351E-02  0.233333334       9.4407016654252725E-004
   6.66666701E-02  0.233333334       2.0405540777709476E-003
  0.100000001      0.233333334       4.7176489985314091E-003
  0.133333340      0.233333334       1.1478990048648838E-002
  0.166666672      0.233333334       2.1310647925688517E-002
  0.200000003      0.233333334       2.6261425687454196E-002
  0.233333334      0.233333334       2.3042929447168299E-002
  0.266666681      0.233333334       1.5894138341360543E-002
  0.300000012      0.233333334       1.0223611470107313E-002
  0.333333343      0.233333334       6.6476312821446221E-003
  0.366666675      0.233333334       4.4471710199371932E-003
  0.400000006      0.233333334       3.0659444414005040E-003
  0.433333337      0.233333334       2.1712210774421799E-003
  0.466666669      0.233333334       1.5722420665164080E-003
  0.500000000      0.233333334       1.1588372787597072E-003
  0.533333361      0.233333334       8.6579104243131018E-004
  0.566666663      0.233333334       6.5331069969453456E-004
  0.600000024      0.233333334       4.9639451828440546E-004
  0.633333325      0.233333334       3.7907402791001558E-004
  0.666666687      0.233333334       2.9032018184545162E-004
  0.699999988      0.233333334       2.2293661062440024E-004
  0.733333349      0.233333334       1.7148417880882919E-004
  0.766666651      0.233333334       1.3194775466042884E-004
  0.800000012      0.233333334       1.0139758489242080E-004
  0.833333313      0.233333334       7.7815408018154785E-005
  0.866666675      0.233333334       5.9474902425501357E-005
  0.899999976      0.233333334       4.5298218499172544E-005
  0.933333337      0.233333334       3.4619312172370746E-005
  0.966666639      0.233333334       2.7079153573275627E-005
   1.00000000      0.233333334       2.3797078864291253E-005
   0.00000000      0.266666681       5.8298539371002319E-004
   3.33333351E-02  0.266666681       9.9770898103543424E-004
   6.66666701E-02  0.266666681       1.9243378822678314E-003
  0.100000001      0.266666681       3.8924078011039471E-003
  0.133333340      0.266666681       7.8060955384293565E-003
  0.166666672      0.266666681       1.3502453446437976E-002
  0.200000003      0.266666681       1.7029753098765098E-002
  0.233333334      0.266666681       1.5894138341360543E-002
  0.266666681      0.266666681       1.2215981675968495E-002
  0.300000012      0.266666681       8.6980179498525583E-003
  0.333333343      0.266666681       6.0881166953825330E-003
  0.366666675      0.266666681       4.2895765065917085E-003
  0.400000006      0.266666681       3.0678282066172683E-003
  0.433333337      0.266666681       2.2303873551821978E-003
  0.466666669      0.266666681       1.6461236921567024E-003
  0.500000000      0.266666681       1.2303174392658230E-003
  0.533333361      0.266666681       9.2869783846517308E-004
  0.566666663      0.266666681       7.0615907558459407E-004
  0.600000024      0.266666681       5.3963284807098341E-004
  0.633333325      0.266666681       4.1394487646294147E-004
  0.666666687      0.266666681       3.1823019626812921E-004
  0.699999988      0.266666681       2.4532289699815497E-004
  0.733333349      0.266666681       1.8935057179482231E-004
  0.766666651      0.266666681       1.4617321959015830E-004
  0.800000012      0.266666681       1.1281324520654069E-004
  0.833333313      0.266666681       8.7045175884561043E-005
  0.866666675      0.266666681       6.6997098805694701E-005
  0.899999976      0.266666681       5.1532814235355024E-005
  0.933333337      0.266666681       3.9922856813917222E-005
  0.966666639      0.266666681       3.2079353777760006E-005
   1.00000000      0.266666681       2.8598213893615045E-005
   0.00000000      0.300000012       6.2779089600568494E-004
   3.33333351E-02  0.300000012       9.6230217618264318E-004
   6.66666701E-02  0.300000012       1.6627362757650748E-003
  0.100000001      0.300000012       2.9828486586335481E-003
  0.133333340      0.300000012       5.2297570044981716E-003
  0.166666672      0.300000012       8.1695183400837847E-003
  0.200000003      0.300000012       1.0241407239271434E-002
  0.233333334      0.300000012       1.0223611470107313E-002
  0.266666681      0.300000012       8.6980179498525583E-003
  0.300000012      0.300000012       6.8075577008694472E-003
  0.333333343      0.300000012       5.1409240081809766E-003
  0.366666675      0.300000012       3.8406417389949292E-003
  0.400000006      0.300000012       2.8721141460049024E-003
  0.433333337      0.300000012       2.1603495981877417E-003
  0.466666669      0.300000012       1.6365194868849181E-003
  0.500000000      0.300000012       1.2479333416176477E-003
  0.533333361      0.300000012       9.5674860030222080E-004
  0.566666663      0.300000012       7.3635982729061710E-004
  0.600000024      0.300000012       5.6811997635161204E-004
  0.633333325      0.300000012       4.3910356013525148E-004
  0.666666687      0.300000012       3.3982629584360606E-004
  0.699999988      0.300000012       2.6328187472848981E-004
  0.733333349      0.300000012       2.0409112200710830E-004
  0.766666651      0.300000012       1.5819623187020873E-004
  0.800000012      0.300000012       1.2269843779702294E-004
  0.833333313      0.300000012       9.5085041398067146E-005
  0.866666675      0.300000012       7.3682175526005775E-005
  0.899999976      0.300000012       5.7317506414322322E-005
  0.933333337      0.300000012       4.5135845292354362E-005
  0.966666639      0.300000012       3.6800992535432532E-005
   1.00000000      0.300000012       3.3125321723946534E-005
   0.00000000      0.333333343       6.2665064357649816E-004
   3.33333351E-02  0.333333343       8.7427411486273973E-004
   6.66666701E-02  0.333333343       1.3730885284787087E-003
  0.100000001      0.333333343       2.2327816760321882E-003
  0.133333340      0.333333343       3.5515031574938926E-003
  0.166666672      0.333333343       5.1494978112429507E-003
  0.200000003      0.333333343       6.3690388235148731E-003
  0.233333334      0.333333343       6.6476312821446221E-003
  0.266666681      0.333333343       6.0881166953825330E-003
  0.300000012      0.333333343       5.1409240081809766E-003
  0.333333343      0.333333343       4.1518738857005905E-003
  0.366666675      0.333333343       3.2797201753327278E-003
  0.400000006      0.333333343       2.5660389861720170E-003
  0.433333337      0.333333343       2.0014244172379785E-003
  0.466666669      0.333333343       1.5608246927354512E-003
  0.500000000      0.333333343       1.2182499960615969E-003
  0.533333361      0.333333343       9.5160942020236614E-004
  0.566666663      0.333333343       7.4351924845393114E-004
  0.600000024      0.333333343       5.8076699117729934E-004
  0.633333325      0.333333343       4.5343493387090060E-004
  0.666666687      0.333333343       3.5393363984159980E-004
  0.699999988      0.333333343       2.7608238312071151E-004
  0.733333349      0.333333343       2.1525462414771686E-004
  0.766666651      0.333333343       1.6767550766664952E-004
  0.800000012      0.333333343       1.3056895730063927E-004
  0.833333313      0.333333343       1.0162415776703072E-004
  0.866666675      0.333333343       7.9233209484708909E-005
  0.899999976      0.333333343       6.2166517172779077E-005
  0.933333337      0.333333343       4.9468321141254832E-005
  0.966666639      0.333333343       4.0834221594025853E-005
   1.00000000      0.333333343       3.7046587629908936E-005
   0.00000000      0.366666675       5.8973843790059482E-004
   3.33333351E-02  0.366666675       7.6367660477802283E-004
   6.66666701E-02  0.366666675       1.1090729035492606E-003
  0.100000001      0.366666675       1.6693283695777448E-003
  0.133333340      0.366666675       2.4687869901886899E-003
  0.166666672      0.366666675       3.3939375030186099E-003
  0.200000003      0.366666675       4.1437108736210411E-003
  0.233333334      0.366666675       4.4471710199371932E-003
  0.266666681      0.366666675       4.2895765065917085E-003
  0.300000012      0.366666675       3.8406417389949292E-003
  0.333333343      0.366666675       3.2797201753327278E-003
  0.366666675      0.366666675       2.7217394787353516E-003
  0.400000006      0.366666675       2.2209833115427466E-003
  0.433333337      0.366666675       1.7945374059298606E-003
  0.466666669      0.366666675       1.4412304609067914E-003
  0.500000000      0.366666675       1.1526868648988695E-003
  0.533333361      0.366666675       9.1881018959194766E-004
  0.566666663      0.366666675       7.3010078139608674E-004
  0.600000024      0.366666675       5.7844378700507557E-004
  0.633333325      0.366666675       4.5713294050692284E-004
  0.666666687      0.366666675       3.6036821809463200E-004
  0.699999988      0.366666675       2.8348255624450374E-004
  0.733333349      0.366666675       2.2241827938327704E-004
  0.766666651      0.366666675       1.7426438125889128E-004
  0.800000012      0.366666675       1.3628144120464444E-004
  0.833333313      0.366666675       1.0650656049883346E-004
  0.866666675      0.366666675       8.3406888131320773E-005
  0.899999976      0.366666675       6.5751835177949003E-005
  0.933333337      0.366666675       5.2681507976827424E-005
  0.966666639      0.366666675       4.4034146285218902E-005
   1.00000000      0.366666675       4.0212327891132811E-005
   0.00000000      0.400000006       5.2998340255500857E-004
   3.33333351E-02  0.400000006       6.4936984529829892E-004
   6.66666701E-02  0.400000006       8.8662140224503565E-004
  0.100000001      0.400000006       1.2566444848635060E-003
  0.133333340      0.400000006       1.7589793977455918E-003
  0.166666672      0.400000006       2.3251040078949197E-003
  0.200000003      0.400000006       2.8069339229411607E-003
  0.233333334      0.400000006       3.0659444414005040E-003
  0.266666681      0.400000006       3.0678282066172683E-003
  0.300000012      0.400000006       2.8721141460049024E-003
  0.333333343      0.400000006       2.5660389861720170E-003
  0.366666675      0.400000006       2.2209833115427466E-003
  0.400000006      0.400000006       1.8816686123707611E-003
  0.433333337      0.400000006       1.5709650608634819E-003
  0.466666669      0.400000006       1.2977746994733259E-003
  0.500000000      0.400000006       1.0633326128669577E-003
  0.533333361      0.400000006       8.6527658283267416E-004
  0.566666663      0.400000006       6.9990826548200244E-004
  0.600000024      0.400000006       5.6331267874740274E-004
  0.633333325      0.400000006       4.5111791966586382E-004
  0.666666687      0.400000006       3.5967940283584569E-004
  0.699999988      0.400000006       2.8554083505956586E-004
  0.733333349      0.400000006       2.2586477426081602E-004
  0.766666651      0.400000006       1.7796923555597256E-004
  0.800000012      0.400000006       1.3979279020319841E-004
  0.833333313      0.400000006       1.0966843522020533E-004
  0.866666675      0.400000006       8.6202026362422132E-005
  0.899999976      0.400000006       6.8303979124467132E-005
  0.933333337      0.400000006       5.5114024313925101E-005
  0.966666639      0.400000006       4.6293178617145921E-005
   1.00000000      0.400000006       4.2395847423350245E-005
   0.00000000      0.433333337       4.5912697720534341E-004
   3.33333351E-02  0.433333337       5.4137844330322173E-004
   6.66666701E-02  0.433333337       7.0532130250268411E-004
  0.100000001      0.433333337       9.5433056990171445E-004
  0.133333340      0.433333337       1.2810073643348303E-003
  0.166666672      0.433333337       1.6439157331179582E-003
  0.200000003      0.433333337       1.9656153727130128E-003
  0.233333334      0.433333337       2.1712210774421799E-003
  0.266666681      0.433333337       2.2303873551821978E-003
  0.300000012      0.433333337       2.1603495981877417E-003
  0.333333343      0.433333337       2.0014244172379785E-003
  0.366666675      0.433333337       1.7945374059298606E-003
  0.400000006      0.433333337       1.5709650608634819E-003
  0.433333337      0.433333337       1.3508933121768644E-003
  0.466666669      0.433333337       1.1456688322380212E-003
  0.500000000      0.433333337       9.6067837989052558E-004
  0.533333361      0.433333337       7.9793087487523722E-004
  0.566666663      0.433333337       6.5748360214469114E-004
  0.600000024      0.433333337       5.3779810000161802E-004
  0.633333325      0.433333337       4.3687964610359705E-004
  0.666666687      0.433333337       3.5263673012928020E-004
  0.699999988      0.433333337       2.8293153136441063E-004
  0.733333349      0.433333337       2.2560672199407276E-004
  0.766666651      0.433333337       1.7885759862936948E-004
  0.800000012      0.433333337       1.4112335124592834E-004
  0.833333313      0.433333337       1.1104542959573861E-004
  0.866666675      0.433333337       8.7436536205392365E-005
  0.899999976      0.433333337       6.9389804355940167E-005
  0.933333337      0.433333337       5.6116897349569260E-005
  0.966666639      0.433333337       4.7366716934055464E-005
   1.00000000      0.433333337       4.3385210151975092E-005
   0.00000000      0.466666669       3.8603520095984979E-004
   3.33333351E-02  0.466666669       4.4426698651003807E-004
   6.66666701E-02  0.466666669       5.5945202931337540E-004
  0.100000001      0.466666669       7.3063907578728221E-004
  0.133333340      0.466666669       9.4980277410230019E-004
  0.166666672      0.466666669       1.1915256621398422E-003
  0.200000003      0.466666669       1.4131578191078384E-003
  0.233333334      0.466666669       1.5722420665164080E-003
  0.266666681      0.466666669       1.6461236921567024E-003
  0.300000012      0.466666669       1.6365194868849181E-003
  0.333333343      0.466666669       1.5608246927354512E-003
  0.366666675      0.466666669       1.4412304609067914E-003
  0.400000006      0.466666669       1.2977746994733259E-003
  0.433333337      0.466666669       1.1456688322380212E-003
  0.466666669      0.466666669       9.9528654613818043E-004
  0.500000000      0.466666669       8.5309177892790671E-004
  0.533333361      0.466666669       7.2306974804395687E-004
  0.566666663      0.466666669       6.0686705675803108E-004
  0.600000024      0.466666669       5.0473459013556331E-004
  0.633333325      0.466666669       4.1619531522461909E-004
  0.666666687      0.466666669       3.4036468768731314E-004
  0.699999988      0.466666669       2.7606576218296711E-004
  0.733333349      0.466666669       2.2203094630028820E-004
  0.766666651      0.466666669       1.7716126163865942E-004
  0.800000012      0.466666669       1.4036744374481804E-004
  0.833333313      0.466666669       1.1067885231369149E-004
  0.866666675      0.466666669       8.7258524518281629E-005
  0.899999976      0.466666669       6.9200364448629317E-005
  0.933333337      0.466666669       5.5990214479097240E-005
  0.966666639      0.466666669       4.7281784146464785E-005
   1.00000000      0.466666669       4.3286080768240259E-005
   0.00000000      0.500000000       3.1651713641072261E-004
   3.33333351E-02  0.500000000       3.5958670863049159E-004
   6.66666701E-02  0.500000000       4.4252575380196728E-004
  0.100000001      0.500000000       5.6293049029090868E-004
  0.133333340      0.500000000       7.1410289485355138E-004
  0.166666672      0.500000000       8.8023342746872612E-004
  0.200000003      0.500000000       1.0368195968198908E-003
  0.233333334      0.500000000       1.1588372787597072E-003
  0.266666681      0.500000000       1.2303174392658230E-003
  0.300000012      0.500000000       1.2479333416176477E-003
  0.333333343      0.500000000       1.2182499960615969E-003
  0.366666675      0.500000000       1.1526868648988695E-003
  0.400000006      0.500000000       1.0633326128669577E-003
  0.433333337      0.500000000       9.6067837989052558E-004
  0.466666669      0.500000000       8.5309177892790671E-004
  0.500000000      0.500000000       7.4665977217002236E-004
  0.533333361      0.500000000       6.4531735801733124E-004
  0.566666663      0.500000000       5.5164133584397726E-004
  0.600000024      0.500000000       4.6665813402991743E-004
  0.633333325      0.500000000       3.9071092292729628E-004
  0.666666687      0.500000000       3.2381700070509213E-004
  0.699999988      0.500000000       2.6560037606852463E-004
  0.733333349      0.500000000       2.1558788797036574E-004
  0.766666651      0.500000000       1.7315729271049105E-004
  0.800000012      0.500000000       1.3771740104782094E-004
  0.833333313      0.500000000       1.0872739649983500E-004
  0.866666675      0.500000000       8.5505977771708640E-005
  0.899999976      0.500000000       6.7627053869356141E-005
  0.933333337      0.500000000       5.4554210457281654E-005
  0.966666639      0.500000000       4.5967286414426791E-005
   1.00000000      0.500000000       4.1937541851554702E-005
   0.00000000      0.533333361       2.5390113206396833E-004
   3.33333351E-02  0.533333361       2.8735237492681669E-004
   6.66666701E-02  0.533333361       3.4881264857687016E-004
  0.100000001      0.533333361       4.3551775585029556E-004
  0.133333340      0.533333361       5.4241215722965230E-004
  0.166666672      0.533333361       6.5955704893613798E-004
  0.200000003      0.533333361       7.7241745695017005E-004
  0.233333334      0.533333361       8.6579104243131018E-004
  0.266666681      0.533333361       9.2869783846517308E-004
  0.300000012      0.533333361       9.5674860030222080E-004
  0.333333343      0.533333361       9.5160942020236614E-004
  0.366666675      0.533333361       9.1881018959194766E-004
  0.400000006      0.533333361       8.6527658283267416E-004
  0.433333337      0.533333361       7.9793087487523722E-004
  0.466666669      0.533333361       7.2306974804395687E-004
  0.500000000      0.533333361       6.4531735801733124E-004
  0.533333361      0.533333361       5.6840640474431102E-004
  0.566666663      0.533333361       4.9472850998479652E-004
  0.600000024      0.533333361       4.2553203753923583E-004
  0.633333325      0.533333361       3.6171669891959683E-004
  0.666666687      0.533333361       3.0390458372257106E-004
  0.699999988      0.533333361       2.5224443043448406E-004
  0.733333349      0.533333361       2.0667176248703061E-004
  0.766666651      0.533333361       1.6707018864647020E-004
  0.800000012      0.533333361       1.3332709948847598E-004
  0.833333313      0.533333361       1.0517361193427307E-004
  0.866666675      0.533333361       8.2485427442115483E-005
  0.899999976      0.533333361       6.4862167104663823E-005
  0.933333337      0.533333361       5.1909362773871538E-005
  0.966666639      0.533333361       4.3352792557737945E-005
   1.00000000      0.533333361       3.9197661945881718E-005
   0.00000000      0.566666663       1.9978999208367505E-004
   3.33333351E-02  0.566666663       2.2688123758890193E-004
   6.66666701E-02  0.566666663       2.7368279689262819E-004
  0.100000001      0.566666663       3.3756352518551642E-004
  0.133333340      0.566666663       4.1484350122692230E-004
  0.166666672      0.566666663       4.9921350273235345E-004
  0.200000003      0.566666663       5.8186455539067819E-004
  0.233333334      0.566666663       6.5331069969453456E-004
  0.266666681      0.566666663       7.0615907558459407E-004
  0.300000012      0.566666663       7.3635982729061710E-004
  0.333333343      0.566666663       7.4351924845393114E-004
  0.366666675      0.566666663       7.3010078139608674E-004
  0.400000006      0.566666663       6.9990826548200244E-004
  0.433333337      0.566666663       6.5748360214469114E-004
  0.466666669      0.566666663       6.0686705675803108E-004
  0.500000000      0.566666663       5.5164133584397726E-004
  0.533333361      0.566666663       4.9472850998479652E-004
  0.566666663      0.566666663       4.3800900806698339E-004
  0.600000024      0.566666663       3.8284619092708171E-004
  0.633333325      0.566666663       3.3043716285031352E-004
  0.666666687      0.566666663       2.8151923710910713E-004
  0.699999988      0.566666663       2.3648411728026411E-004
  0.733333349      0.566666663       1.9561497218637168E-004
  0.766666651      0.566666663       1.5916284649047252E-004
  0.800000012      0.566666663       1.2738812536821861E-004
  0.833333313      0.566666663       1.0041363915555238E-004
  0.866666675      0.566666663       7.8296767021004800E-005
  0.899999976      0.566666663       6.0952355030279720E-005
  0.933333337      0.566666663       4.8167633356333852E-005
  0.966666639      0.566666663       3.9692614244032616E-005
   1.00000000      0.566666663       3.5470200252944636E-005
   0.00000000      0.600000024       1.5423890020562969E-004
   3.33333351E-02  0.600000024       1.7694757307437135E-004
   6.66666701E-02  0.600000024       2.1353122237882156E-004
  0.100000001      0.600000024       2.6158741270972124E-004
  0.133333340      0.600000024       3.1847922050480071E-004
  0.166666672      0.600000024       3.8032235707980485E-004
  0.200000003      0.600000024       4.4166109247155947E-004
  0.233333334      0.600000024       4.9639451828440546E-004
  0.266666681      0.600000024       5.3963284807098341E-004
  0.300000012      0.600000024       5.6811997635161204E-004
  0.333333343      0.600000024       5.8076699117729934E-004
  0.366666675      0.600000024       5.7844378700507557E-004
  0.400000006      0.600000024       5.6331267874740274E-004
  0.433333337      0.600000024       5.3779810000161802E-004
  0.466666669      0.600000024       5.0473459013556331E-004
  0.500000000      0.600000024       4.6665813402991743E-004
  0.533333361      0.600000024       4.2553203753923583E-004
  0.566666663      0.600000024       3.8284619092708171E-004
  0.600000024      0.600000024       3.3994838444744531E-004
  0.633333325      0.600000024       2.9787686735017544E-004
  0.666666687      0.600000024       2.5732430850011257E-004
  0.699999988      0.600000024       2.1879632171232927E-004
  0.733333349      0.600000024       1.8280573995507404E-004
  0.766666651      0.600000024       1.4983621652979727E-004
  0.800000012      0.600000024       1.2029896115791191E-004
  0.833333313      0.600000024       9.4656194652311437E-005
  0.866666675      0.600000024       7.3197919353581528E-005
  0.899999976      0.600000024       5.6162675621202100E-005
  0.933333337      0.600000024       4.3538253709596181E-005
  0.966666639      0.600000024       3.5065165408686914E-005
   1.00000000      0.600000024       3.0692343465022804E-005
   0.00000000      0.633333325       1.1679699440819550E-004
   3.33333351E-02  0.633333325       1.3618215357602428E-004
   6.66666701E-02  0.633333325       1.6546664336280378E-004
  0.100000001      0.633333325       2.0230884201510692E-004
  0.133333340      0.633333325       2.4480612470195078E-004
  0.166666672      0.633333325       2.9088913626968863E-004
  0.200000003      0.633333325       3.3684205523078670E-004
  0.233333334      0.633333325       3.7907402791001558E-004
  0.266666681      0.633333325       4.1394487646294147E-004
  0.300000012      0.633333325       4.3910356013525148E-004
  0.333333343      0.633333325       4.5343493387090060E-004
  0.366666675      0.633333325       4.5713294050692284E-004
  0.400000006      0.633333325       4.5111791966586382E-004
  0.433333337      0.633333325       4.3687964610359705E-004
  0.466666669      0.633333325       4.1619531522461909E-004
  0.500000000      0.633333325       3.9071092292729628E-004
  0.533333361      0.633333325       3.6171669891959683E-004
  0.566666663      0.633333325       3.3043716285031352E-004
  0.600000024      0.633333325       2.9787686735017544E-004
  0.633333325      0.633333325       2.6483036531045709E-004
  0.666666687      0.633333325       2.3190736382306575E-004
  0.699999988      0.633333325       1.9963693895069378E-004
  0.733333349      0.633333325       1.6852937012706078E-004
  0.766666651      0.633333325       1.3915222549695832E-004
  0.800000012      0.633333325       1.1214104778376800E-004
  0.833333313      0.633333325       8.8024904630695097E-005
  0.866666675      0.633333325       6.7357190442476065E-005
  0.899999976      0.633333325       5.0671673954754028E-005
  0.933333337      0.633333325       3.8184576898503834E-005
  0.966666639      0.633333325       2.9693333859732722E-005
   1.00000000      0.633333325       2.5263886801705099E-005
   0.00000000      0.666666687       8.6784194677452477E-005
   3.33333351E-02  0.666666687       1.0361407330082572E-004
   6.66666701E-02  0.666666687       1.2726943606035444E-004
  0.100000001      0.666666687       1.5572734677524763E-004
  0.133333340      0.666666687       1.8825036470165681E-004
  0.166666672      0.666666687       2.2296733727757460E-004
  0.200000003      0.666666687       2.5785104931900875E-004
  0.233333334      0.666666687       2.9032018184545162E-004
  0.266666681      0.666666687       3.1823019626812921E-004
  0.300000012      0.666666687       3.3982629584360606E-004
  0.333333343      0.666666687       3.5393363984159980E-004
  0.366666675      0.666666687       3.6036821809463200E-004
  0.400000006      0.666666687       3.5967940283584569E-004
  0.433333337      0.666666687       3.5263673012928020E-004
  0.466666669      0.666666687       3.4036468768731314E-004
  0.500000000      0.666666687       3.2381700070509213E-004
  0.533333361      0.666666687       3.0390458372257106E-004
  0.566666663      0.666666687       2.8151923710910713E-004
  0.600000024      0.666666687       2.5732430850011257E-004
  0.633333325      0.666666687       2.3190736382306575E-004
  0.666666687      0.666666687       2.0572641568912197E-004
  0.699999988      0.666666687       1.7924353000111428E-004
  0.733333349      0.666666687       1.5291149955103236E-004
  0.766666651      0.666666687       1.2729561624170939E-004
  0.800000012      0.666666687       1.0299842456697104E-004
  0.833333313      0.666666687       8.0619239192245703E-005
  0.866666675      0.666666687       6.0839421036693891E-005
  0.899999976      0.666666687       4.4497313021397733E-005
  0.933333337      0.666666687       3.2246077576648396E-005
  0.966666639      0.666666687       2.3881126085833164E-005
   1.00000000      0.666666687       1.9555190789617427E-005
   0.00000000      0.699999988       6.3289442538575212E-005
   3.33333351E-02  0.699999988       7.7561065417891344E-005
   6.66666701E-02  0.699999988       9.6764302897134536E-005
  0.100000001      0.699999988       1.1929537440329450E-004
  0.133333340      0.699999988       1.4442579161139688E-004
  0.166666672      0.699999988       1.7100559310432147E-004
  0.200000003      0.699999988       1.9766470847363188E-004
  0.233333334      0.699999988       2.2293661062440024E-004
  0.266666681      0.699999988       2.4532289699815497E-004
  0.300000012      0.699999988       2.6328187472848981E-004
  0.333333343      0.699999988       2.7608238312071151E-004
  0.366666675      0.699999988       2.8348255624450374E-004
  0.400000006      0.699999988       2.8554083505956586E-004
  0.433333337      0.699999988       2.8293153136441063E-004
  0.466666669      0.699999988       2.7606576218296711E-004
  0.500000000      0.699999988       2.6560037606852463E-004
  0.533333361      0.699999988       2.5224443043448406E-004
  0.566666663      0.699999988       2.3648411728026411E-004
  0.600000024      0.699999988       2.1879632171232927E-004
  0.633333325      0.699999988       1.9963693895069378E-004
  0.666666687      0.699999988       1.7924353000111428E-004
  0.699999988      0.699999988       1.5799098423220734E-004
  0.733333349      0.699999988       1.3620969041142279E-004
  0.766666651      0.699999988       1.1431781352023770E-004
  0.800000012      0.699999988       9.2819256054517304E-005
  0.833333313      0.699999988       7.2311629956412006E-005
  0.866666675      0.699999988       5.3543735361347931E-005
  0.899999976      0.699999988       3.7653628740994734E-005
  0.933333337      0.699999988       2.5875920698103686E-005
  0.966666639      0.699999988       1.8012466402582635E-005
   1.00000000      0.699999988       1.4211469273310169E-005
   0.00000000      0.733333349       4.5094541182012343E-005
   3.33333351E-02  0.733333349       5.7194271584633060E-005
   6.66666701E-02  0.733333349       7.2841968605256334E-005
  0.100000001      0.733333349       9.0818321820775104E-005
  0.133333340      0.733333349       1.1039798662740139E-004
  0.166666672      0.733333349       1.3092532033783454E-004
  0.200000003      0.733333349       1.5166726776235189E-004
  0.233333334      0.733333349       1.7148417880882919E-004
  0.266666681      0.733333349       1.8935057179482231E-004
  0.300000012      0.733333349       2.0409112200710830E-004
  0.333333343      0.733333349       2.1525462414771686E-004
  0.366666675      0.733333349       2.2241827938327704E-004
  0.400000006      0.733333349       2.2586477426081602E-004
  0.433333337      0.733333349       2.2560672199407276E-004
  0.466666669      0.733333349       2.2203094630028820E-004
  0.500000000      0.733333349       2.1558788797036574E-004
  0.533333361      0.733333349       2.0667176248703061E-004
  0.566666663      0.733333349       1.9561497218637168E-004
  0.600000024      0.733333349       1.8280573995507404E-004
  0.633333325      0.733333349       1.6852937012706078E-004
  0.666666687      0.733333349       1.5291149955103236E-004
  0.699999988      0.733333349       1.3620969041142279E-004
  0.733333349      0.733333349       1.1856379194079548E-004
  0.766666651      0.733333349       1.0018304803205506E-004
  0.800000012      0.733333349       8.1469307563541057E-005
  0.833333313      0.733333349       6.3078047234933570E-005
  0.866666675      0.733333349       4.5616712639098277E-005
  0.899999976      0.733333349       3.0265622539444815E-005
  0.933333337      0.733333349       1.9440951872139368E-005
  0.966666639      0.733333349       1.2748255041448586E-005
   1.00000000      0.733333349       9.8468501191018469E-006
   0.00000000      0.766666651       3.0503370101462229E-005
   3.33333351E-02  0.766666651       4.1046511659574450E-005
   6.66666701E-02  0.766666651       5.3942886757968724E-005
  0.100000001      0.766666651       6.8396703089226407E-005
  0.133333340      0.766666651       8.3811349995492618E-005
  0.166666672      0.766666651       9.9989257253150756E-005
  0.200000003      0.766666651       1.1640575580520164E-004
  0.233333334      0.766666651       1.3194775466042884E-004
  0.266666681      0.766666651       1.4617321959015830E-004
  0.300000012      0.766666651       1.5819623187020873E-004
  0.333333343      0.766666651       1.6767550766664952E-004
  0.366666675      0.766666651       1.7426438125889128E-004
  0.400000006      0.766666651       1.7796923555597256E-004
  0.433333337      0.766666651       1.7885759862936948E-004
  0.466666669      0.766666651       1.7716126163865942E-004
  0.500000000      0.766666651       1.7315729271049105E-004
  0.533333361      0.766666651       1.6707018864647020E-004
  0.566666663      0.766666651       1.5916284649047252E-004
  0.600000024      0.766666651       1.4983621652979727E-004
  0.633333325      0.766666651       1.3915222549695832E-004
  0.666666687      0.766666651       1.2729561624170939E-004
  0.699999988      0.766666651       1.1431781352023770E-004
  0.733333349      0.766666651       1.0018304803205506E-004
  0.766666651      0.766666651       8.4938709081492733E-005
  0.800000012      0.766666651       6.8944322998259103E-005
  0.833333313      0.766666651       5.2707917453697556E-005
  0.866666675      0.766666651       3.6929166642147731E-005
  0.899999976      0.766666651       2.2536103455985914E-005
  0.933333337      0.766666651       1.3570083022433828E-005
  0.966666639      0.766666651       8.6574375191053927E-006
   1.00000000      0.766666651       6.7191681692737856E-006
   0.00000000      0.800000012       2.0481720454005843E-005
   3.33333351E-02  0.800000012       2.9040146962604798E-005
   6.66666701E-02  0.800000012       3.9510077225551589E-005
  0.100000001      0.800000012       5.1010010685436437E-005
  0.133333340      0.800000012       6.3303227566889906E-005
  0.166666672      0.800000012       7.6193822916288369E-005
  0.200000003      0.800000012       8.9022002580296046E-005
  0.233333334      0.800000012       1.0139758489242080E-004
  0.266666681      0.800000012       1.1281324520654069E-004
  0.300000012      0.800000012       1.2269843779702294E-004
  0.333333343      0.800000012       1.3056895730063927E-004
  0.366666675      0.800000012       1.3628144120464444E-004
  0.400000006      0.800000012       1.3979279020319841E-004
  0.433333337      0.800000012       1.4112335124592834E-004
  0.466666669      0.800000012       1.4036744374481804E-004
  0.500000000      0.800000012       1.3771740104782094E-004
  0.533333361      0.800000012       1.3332709948847598E-004
  0.566666663      0.800000012       1.2738812536821861E-004
  0.600000024      0.800000012       1.2029896115791191E-004
  0.633333325      0.800000012       1.1214104778376800E-004
  0.666666687      0.800000012       1.0299842456697104E-004
  0.699999988      0.800000012       9.2819256054517304E-005
  0.733333349      0.800000012       8.1469307563541057E-005
  0.766666651      0.800000012       6.8944322998259103E-005
  0.800000012      0.800000012       5.5315986780542262E-005
  0.833333313      0.800000012       4.1196064970062279E-005
  0.866666675      0.800000012       2.7654599194318250E-005
  0.899999976      0.800000012       1.5313016167190634E-005
  0.933333337      0.800000012       8.9489203419143390E-006
  0.966666639      0.800000012       5.8457796696912753E-006
   1.00000000      0.800000012       4.7024720172257376E-006
   0.00000000      0.833333313       1.2653344630475256E-005
   3.33333351E-02  0.833333313       1.9855576280052180E-005
   6.66666701E-02  0.833333313       2.8311298636829831E-005
  0.100000001      0.833333313       3.7517144276141422E-005
  0.133333340      0.833333313       4.7244988789930058E-005
  0.166666672      0.833333313       5.7519461845375789E-005
  0.200000003      0.833333313       6.7800160127703978E-005
  0.233333334      0.833333313       7.7815408018154785E-005
  0.266666681      0.833333313       8.7045175884561043E-005
  0.300000012      0.833333313       9.5085041398067146E-005
  0.333333343      0.833333313       1.0162415776703072E-004
  0.366666675      0.833333313       1.0650656049883346E-004
  0.400000006      0.833333313       1.0966843522020533E-004
  0.433333337      0.833333313       1.1104542959573861E-004
  0.466666669      0.833333313       1.1067885231369149E-004
  0.500000000      0.833333313       1.0872739649983500E-004
  0.533333361      0.833333313       1.0517361193427307E-004
  0.566666663      0.833333313       1.0041363915555238E-004
  0.600000024      0.833333313       9.4656194652311437E-005
  0.633333325      0.833333313       8.8024904630695097E-005
  0.666666687      0.833333313       8.0619239192245703E-005
  0.699999988      0.833333313       7.2311629956412006E-005
  0.733333349      0.833333313       6.3078047234933570E-005
  0.766666651      0.833333313       5.2707917453697556E-005
  0.800000012      0.833333313       4.1196064970062279E-005
  0.833333313      0.833333313       2.9294512911724806E-005
  0.866666675      0.833333313       1.8327120667721965E-005
  0.899999976      0.833333313       9.5506917957722856E-006
  0.933333337      0.833333313       5.8046057827273924E-006
  0.966666639      0.833333313       4.0449252134429456E-006
   1.00000000      0.833333313       3.3863887740421048E-006
   0.00000000      0.866666675       7.6876672482813766E-006
   3.33333351E-02  0.866666675       1.3266933916603778E-005
   6.66666701E-02  0.866666675       1.9834511409044006E-005
  0.100000001      0.866666675       2.6952163048951926E-005
  0.133333340      0.866666675       3.4754412251285748E-005
  0.166666672      0.866666675       4.3023192031223792E-005
  0.200000003      0.866666675       5.1365882175715230E-005
  0.233333334      0.866666675       5.9474902425501357E-005
  0.266666681      0.866666675       6.6997098805694701E-005
  0.300000012      0.866666675       7.3682175526005775E-005
  0.333333343      0.866666675       7.9233209484708909E-005
  0.366666675      0.866666675       8.3406888131320773E-005
  0.400000006      0.866666675       8.6202026362422132E-005
  0.433333337      0.866666675       8.7436536205392365E-005
  0.466666669      0.866666675       8.7258524518281629E-005
  0.500000000      0.866666675       8.5505977771708640E-005
  0.533333361      0.866666675       8.2485427442115483E-005
  0.566666663      0.866666675       7.8296767021004800E-005
  0.600000024      0.866666675       7.3197919353581528E-005
  0.633333325      0.866666675       6.7357190442476065E-005
  0.666666687      0.866666675       6.0839421036693891E-005
  0.699999988      0.866666675       5.3543735361347931E-005
  0.733333349      0.866666675       4.5616712639098277E-005
  0.766666651      0.866666675       3.6929166642147731E-005
  0.800000012      0.866666675       2.7654599194318250E-005
  0.833333313      0.866666675       1.8327120667721965E-005
  0.866666675      0.866666675       1.0163503026985719E-005
  0.899999976      0.866666675       5.5686563537677245E-006
  0.933333337      0.866666675       3.7414052710133362E-006
  0.966666639      0.866666675       2.8591677926235837E-006
   1.00000000      0.866666675       2.4978059273620033E-006
   0.00000000      0.899999976       4.3672075154433537E-006
   3.33333351E-02  0.899999976       8.3061029103833109E-006
   6.66666701E-02  0.899999976       1.3276875371351794E-005
  0.100000001      0.899999976       1.8862657103862909E-005
  0.133333340      0.899999976       2.5142754407355376E-005
  0.166666672      0.899999976       3.1809371388963955E-005
  0.200000003      0.899999976       3.8620787317642050E-005
  0.233333334      0.899999976       4.5298218499172544E-005
  0.266666681      0.899999976       5.1532814235355024E-005
  0.300000012      0.899999976       5.7317506414322322E-005
  0.333333343      0.899999976       6.2166517172779077E-005
  0.366666675      0.899999976       6.5751835177949003E-005
  0.400000006      0.899999976       6.8303979124467132E-005
  0.433333337      0.899999976       6.9389804355940167E-005
  0.466666669      0.899999976       6.9200364448629317E-005
  0.500000000      0.899999976       6.7627053869356141E-005
  0.533333361      0.899999976       6.4862167104663823E-005
  0.566666663      0.899999976       6.0952355030279720E-005
  0.600000024      0.899999976       5.6162675621202100E-005
  0.633333325      0.899999976       5.0671673954754028E-005
  0.666666687      0.899999976       4.4497313021397733E-005
  0.699999988      0.899999976       3.7653628740994734E-005
  0.733333349      0.899999976       3.0265622539444815E-005
  0.766666651      0.899999976       2.2536103455985914E-005
  0.800000012      0.899999976       1.5313016167190634E-005
  0.833333313      0.899999976       9.5506917957722856E-006
  0.866666675      0.899999976       5.5686563537677245E-006
  0.899999976      0.899999976       3.3414270284217912E-006
  0.933333337      0.899999976       2.3944455038955653E-006
  0.966666639      0.899999976       1.9952012907636123E-006
   1.00000000      0.899999976       1.8285566214584454E-006
   0.00000000      0.933333337       2.0771147684390157E-006
   3.33333351E-02  0.933333337       4.9451812291521154E-006
   6.66666701E-02  0.933333337       8.5169485013786468E-006
  0.100000001      0.933333337       1.2864799630281034E-005
  0.133333340      0.933333337       1.7867025739161450E-005
  0.166666672      0.933333337       2.3251119832443080E-005
  0.200000003      0.933333337       2.8910777319054738E-005
  0.233333334      0.933333337       3.4619312172370746E-005
  0.266666681      0.933333337       3.9922856813917222E-005
  0.300000012      0.933333337       4.5135845292354362E-005
  0.333333343      0.933333337       4.9468321141254832E-005
  0.366666675      0.933333337       5.2681507976827424E-005
  0.400000006      0.933333337       5.5114024313925101E-005
  0.433333337      0.933333337       5.6116897349569260E-005
  0.466666669      0.933333337       5.5990214479097240E-005
  0.500000000      0.933333337       5.4554210457281654E-005
  0.533333361      0.933333337       5.1909362773871538E-005
  0.566666663      0.933333337       4.8167633356333852E-005
  0.600000024      0.933333337       4.3538253709596181E-005
  0.633333325      0.933333337       3.8184576898503834E-005
  0.666666687      0.933333337       3.2246077576648396E-005
  0.699999988      0.933333337       2.5875920698103686E-005
  0.733333349      0.933333337       1.9440951872139368E-005
  0.766666651      0.933333337       1.3570083022433828E-005
  0.800000012      0.933333337       8.9489203419143390E-006
  0.833333313      0.933333337       5.8046057827273924E-006
  0.866666675      0.933333337       3.7414052710133362E-006
  0.899999976      0.933333337       2.3944455038955653E-006
  0.933333337      0.933333337       1.5929001891558398E-006
  0.966666639      0.933333337       1.2794045650157441E-006
   1.00000000      0.933333337       1.2036889442485861E-006
   0.00000000      0.966666639       9.0230226233305481E-007
   3.33333351E-02  0.966666639       2.6601884370518289E-006
   6.66666701E-02  0.966666639       5.2440413312128723E-006
  0.100000001      0.966666639       8.6300491901094276E-006
  0.133333340      0.966666639       1.2630318906854828E-005
  0.166666672      0.966666639       1.7159462043969182E-005
  0.200000003      0.966666639       2.2115059955270499E-005
  0.233333334      0.966666639       2.7079153573275627E-005
  0.266666681      0.966666639       3.2079353777760006E-005
  0.300000012      0.966666639       3.6800992535432532E-005
  0.333333343      0.966666639       4.0834221594025853E-005
  0.366666675      0.966666639       4.4034146285218902E-005
  0.400000006      0.966666639       4.6293178617145921E-005
  0.433333337      0.966666639       4.7366716934055464E-005
  0.466666669      0.966666639       4.7281784146464785E-005
  0.500000000      0.966666639       4.5967286414426791E-005
  0.533333361      0.966666639       4.3352792557737945E-005
  0.566666663      0.966666639       3.9692614244032616E-005
  0.600000024      0.966666639       3.5065165408686914E-005
  0.633333325      0.966666639       2.9693333859732722E-005
  0.666666687      0.966666639       2.3881126085833164E-005
  0.699999988      0.966666639       1.8012466402582635E-005
  0.733333349      0.966666639       1.2748255041448586E-005
  0.766666651      0.966666639       8.6574375191053927E-006
  0.800000012      0.966666639       5.8457796696912753E-006
  0.833333313      0.966666639       4.0449252134429456E-006
  0.866666675      0.966666639       2.8591677926235837E-006
  0.899999976      0.966666639       1.9952012907636123E-006
  0.933333337      0.966666639       1.2794045650157441E-006
  0.966666639      0.966666639       8.4195190732739758E-007
   1.00000000      0.966666639       7.4708389508026626E-007
   0.00000000       1.00000000       3.5735005728481880E-007
   3.33333351E-02   1.00000000       1.5101207066237641E-006
   6.66666701E-02   1.00000000       3.6931127104011590E-006
  0.100000001       1.00000000       6.5699615702912708E-006
  0.133333340       1.00000000       1.0104332153387541E-005
  0.166666672       1.00000000       1.4363824224485983E-005
  0.200000003       1.00000000       1.8975922468150925E-005
  0.233333334       1.00000000       2.3797078864291253E-005
  0.266666681       1.00000000       2.8598213893615045E-005
  0.300000012       1.00000000       3.3125321723946534E-005
  0.333333343       1.00000000       3.7046587629908936E-005
  0.366666675       1.00000000       4.0212327891132811E-005
  0.400000006       1.00000000       4.2395847423350245E-005
  0.433333337       1.00000000       4.3385210151975092E-005
  0.466666669       1.00000000       4.3286080768240259E-005
  0.500000000       1.00000000       4.1937541851554702E-005
  0.533333361       1.00000000       3.9197661945881718E-005
  0.566666663       1.00000000       3.5470200252944636E-005
  0.600000024       1.00000000       3.0692343465022804E-005
  0.633333325       1.00000000       2.5263886801705099E-005
  0.666666687       1.00000000       1.9555190789617427E-005
  0.699999988       1.00000000       1.4211469273310169E-005
  0.733333349       1.00000000       9.8468501191018469E-006
  0.766666651       1.00000000       6.7191681692737856E-006
  0.800000012       1.00000000       4.7024720172257376E-006
  0.833333313       1.00000000       3.3863887740421048E-006
  0.866666675       1.00000000       2.4978059273620033E-006
  0.899999976       1.00000000       1.8285566214584454E-006
  0.933333337       1.00000000       1.2036889442485861E-006
  0.966666639       1.00000000       7.4708389508026626E-007
   1.00000000       1.00000000       7.0080236936997440E-007
