 # X Y T Z 
   0.00000000       0.00000000       6.4300206042648317E-006
   3.33333351E-02   0.00000000       6.5962059561997681E-006
   6.66666701E-02   0.00000000       7.0019867438037410E-006
  0.100000001       0.00000000       8.0180759840544994E-006
  0.133333340       0.00000000       1.1247569521737027E-005
  0.166666672       0.00000000       2.2539724910619879E-005
  0.200000003       0.00000000       4.9247704930200894E-005
  0.233333334       0.00000000       8.7587759834682343E-005
  0.266666681       0.00000000       1.2837660387071692E-004
  0.300000012       0.00000000       1.6492302841858330E-004
  0.333333343       0.00000000       1.9322260370952782E-004
  0.366666675       0.00000000       2.1161383629514829E-004
  0.400000006       0.00000000       2.2013719306778284E-004
  0.433333337       0.00000000       2.1984941891388938E-004
  0.466666669       0.00000000       2.1228861520181715E-004
  0.500000000       0.00000000       1.9912577492831043E-004
  0.533333361       0.00000000       1.8196700094656092E-004
  0.566666663       0.00000000       1.6225667745654006E-004
  0.600000024       0.00000000       1.4123926751221058E-004
  0.633333325       0.00000000       1.1995412544140102E-004
  0.666666687       0.00000000       9.9252557905166893E-005
  0.699999988       0.00000000       7.9808242737784604E-005
  0.733333349       0.00000000       6.2133289128309506E-005
  0.766666651       0.00000000       4.6601130361005732E-005
  0.800000012       0.00000000       3.3437393212931303E-005
  0.833333313       0.00000000       2.2714201702673986E-005
  0.866666675       0.00000000       1.4401327264695608E-005
  0.899999976       0.00000000       8.3769716890212399E-006
  0.933333337       0.00000000       4.3949046182133850E-006
  0.966666639       0.00000000       2.0026844981380467E-006
   1.00000000       0.00000000       9.6231289934909910E-007
   0.00000000       3.33333351E-02   6.5962059561997681E-006
   3.33333351E-02   3.33333351E-02   6.8218071010018456E-006
   6.66666701E-02   3.33333351E-02   7.3972951427629673E-006
  0.100000001       3.33333351E-02   8.8408278173620174E-006
  0.133333340       3.33333351E-02   1.3762371020139123E-005
  0.166666672       3.33333351E-02   3.6424741260694070E-005
  0.200000003       3.33333351E-02   8.0214328900779768E-005
  0.233333334       3.33333351E-02   1.2930011746503802E-004
  0.266666681       3.33333351E-02   1.7284390855460354E-004
  0.300000012       3.33333351E-02   2.0675347145220586E-004
  0.333333343       3.33333351E-02   2.3018840761362245E-004
  0.366666675       3.33333351E-02   2.4366587607116139E-004
  0.400000006       3.33333351E-02   2.4826055402059588E-004
  0.433333337       3.33333351E-02   2.4527741921015109E-004
  0.466666669       3.33333351E-02   2.3609757811880053E-004
  0.500000000       3.33333351E-02   2.2208818855566618E-004
  0.533333361       3.33333351E-02   2.0454297685233738E-004
  0.566666663       3.33333351E-02   1.8464350226165242E-004
  0.600000024       3.33333351E-02   1.6343587052488170E-004
  0.633333325       3.33333351E-02   1.4182047398397796E-004
  0.666666687       3.33333351E-02   1.2055456149065189E-004
  0.699999988       3.33333351E-02   1.0025344970599476E-004
  0.733333349       3.33333351E-02   8.1396097398404789E-005
  0.766666651       3.33333351E-02   6.4338384037455394E-005
  0.800000012       3.33333351E-02   4.9309537825044779E-005
  0.833333313       3.33333351E-02   3.6417042394726673E-005
  0.866666675       3.33333351E-02   2.5696816970496969E-005
  0.899999976       3.33333351E-02   1.7133923257900118E-005
  0.933333337       3.33333351E-02   1.0620074985306081E-005
  0.966666639       3.33333351E-02   6.0551235416308460E-006
   1.00000000       3.33333351E-02   3.7900519420479284E-006
   0.00000000       6.66666701E-02   7.0019867438037410E-006
   3.33333351E-02   6.66666701E-02   7.3972951427629673E-006
   6.66666701E-02   6.66666701E-02   8.3189578971902457E-006
  0.100000001       6.66666701E-02   1.0455263720236574E-005
  0.133333340       6.66666701E-02   1.7845072287594197E-005
  0.166666672       6.66666701E-02   6.5722103609425230E-005
  0.200000003       6.66666701E-02   1.4187858595268569E-004
  0.233333334       6.66666701E-02   2.1046408666397927E-004
  0.266666681       6.66666701E-02   2.5896935990303365E-004
  0.300000012       6.66666701E-02   2.8880893048481592E-004
  0.333333343       6.66666701E-02   3.0431576855655698E-004
  0.366666675       6.66666701E-02   3.0919781803488288E-004
  0.400000006       6.66666701E-02   3.0610722210872043E-004
  0.433333337       6.66666701E-02   2.9690261169956604E-004
  0.466666669       6.66666701E-02   2.8295472164432088E-004
  0.500000000       6.66666701E-02   2.6535986771924168E-004
  0.533333361       6.66666701E-02   2.4506095220347965E-004
  0.566666663       6.66666701E-02   2.2290452731907659E-004
  0.600000024       6.66666701E-02   1.9966069400188994E-004
  0.633333325       6.66666701E-02   1.7602544609719370E-004
  0.666666687       6.66666701E-02   1.5261800359533392E-004
  0.699999988       6.66666701E-02   1.2997475331878987E-004
  0.733333349       6.66666701E-02   1.0854413628544891E-004
  0.766666651       6.66666701E-02   8.8686436743972203E-005
  0.800000012       6.66666701E-02   7.0669018352365943E-005
  0.833333313       6.66666701E-02   5.4671758870966560E-005
  0.866666675       6.66666701E-02   4.0814551413996243E-005
  0.899999976       6.66666701E-02   2.9169591238760307E-005
  0.933333337       6.66666701E-02   1.9769896149005256E-005
  0.966666639       6.66666701E-02   1.2741505260266167E-005
   1.00000000       6.66666701E-02   9.2095165126464821E-006
   0.00000000      0.100000001       8.0180759840544994E-006
   3.33333351E-02  0.100000001       8.8408278173620174E-006
   6.66666701E-02  0.100000001       1.0455263720236574E-005
  0.100000001      0.100000001       1.3771197350322489E-005
  0.133333340      0.100000001       2.4980861276835012E-005
  0.166666672      0.100000001       1.2825383572779959E-004
  0.200000003      0.100000001       2.6814409479752519E-004
  0.233333334      0.100000001       3.6243984855498777E-004
  0.266666681      0.100000001       4.0879618449051424E-004
  0.300000012      0.100000001       4.2518963387736414E-004
  0.333333343      0.100000001       4.2449736807533049E-004
  0.366666675      0.100000001       4.1401237600579915E-004
  0.400000006      0.100000001       3.9764983235957962E-004
  0.433333337      0.100000001       3.7749986293405028E-004
  0.466666669      0.100000001       3.5472073408434186E-004
  0.500000000      0.100000001       3.3002502604895668E-004
  0.533333361      0.100000001       3.0393435669990888E-004
  0.566666663      0.100000001       2.7690432171198519E-004
  0.600000024      0.100000001       2.4937726399097660E-004
  0.633333325      0.100000001       2.2179643535924360E-004
  0.666666687      0.100000001       1.9460135568095130E-004
  0.699999988      0.100000001       1.6821431284142177E-004
  0.733333349      0.100000001       1.4302442930093275E-004
  0.766666651      0.100000001       1.1937414784457110E-004
  0.800000012      0.100000001       9.7548059253500471E-005
  0.833333313      0.100000001       7.7771605968549615E-005
  0.866666675      0.100000001       6.0222934708602856E-005
  0.899999976      0.100000001       4.5048518361295896E-005
  0.933333337      0.100000001       3.2405683992298482E-005
  0.966666639      0.100000001       2.2692489829228670E-005
   1.00000000      0.100000001       1.7885484302307834E-005
   0.00000000      0.133333340       1.1247569521737027E-005
   3.33333351E-02  0.133333340       1.3762371020139123E-005
   6.66666701E-02  0.133333340       1.7845072287594197E-005
  0.100000001      0.133333340       2.4980861276835012E-005
  0.133333340      0.133333340       5.0639165010991573E-005
  0.166666672      0.133333340       3.7506096447326788E-004
  0.200000003      0.133333340       6.0675680294852100E-004
  0.233333334      0.133333340       6.7598915143542247E-004
  0.266666681      0.133333340       6.7279194728552124E-004
  0.300000012      0.133333340       6.4332770144693587E-004
  0.333333343      0.133333340       6.0567106880352300E-004
  0.366666675      0.133333340       5.6642479257381078E-004
  0.400000006      0.133333340       5.2776366204915085E-004
  0.433333337      0.133333340       4.9019278350798806E-004
  0.466666669      0.133333340       4.5363280188333830E-004
  0.500000000      0.133333340       4.1785739185173812E-004
  0.533333361      0.133333340       3.8267135810428885E-004
  0.566666663      0.133333340       3.4797822568168079E-004
  0.600000024      0.133333340       3.1379673033028857E-004
  0.633333325      0.133333340       2.8025190532608929E-004
  0.666666687      0.133333340       2.4755334266694416E-004
  0.699999988      0.133333340       2.1596736926315669E-004
  0.733333349      0.133333340       1.8578777100786392E-004
  0.766666651      0.133333340       1.5730914879987342E-004
  0.800000012      0.133333340       1.3080590068628806E-004
  0.833333313      0.133333340       1.0652158488865675E-004
  0.866666675      0.133333340       8.4672292798654807E-005
  0.899999976      0.133333340       6.5468458101557031E-005
  0.933333337      0.133333340       4.9198659201339455E-005
  0.966666639      0.133333340       3.6596798838978026E-005
   1.00000000      0.133333340       3.0509935551126751E-005
   0.00000000      0.166666672       2.2539724910619879E-005
   3.33333351E-02  0.166666672       3.6424741260694070E-005
   6.66666701E-02  0.166666672       6.5722103609425230E-005
  0.100000001      0.166666672       1.2825383572779959E-004
  0.133333340      0.166666672       3.7506096447326788E-004
  0.166666672      0.166666672       8.5151869594020098E-004
  0.200000003      0.166666672       1.0880176497247611E-003
  0.233333334      0.166666672       1.0994255011257761E-003
  0.266666681      0.166666672       1.0220975379398390E-003
  0.300000012      0.166666672       9.2770659205997628E-004
  0.333333343      0.166666672       8.3940480674820836E-004
  0.366666675      0.166666672       7.6181927446456930E-004
  0.400000006      0.166666672       6.9403678182880155E-004
  0.433333337      0.166666672       6.3397081280135376E-004
  0.466666669      0.166666672       5.7964642400616076E-004
  0.500000000      0.166666672       5.2950070091853222E-004
  0.533333361      0.166666672       4.8239539592065205E-004
  0.566666663      0.166666672       4.3755921459702962E-004
  0.600000024      0.166666672       3.9452183099453458E-004
  0.633333325      0.166666672       3.5305351763665585E-004
  0.666666687      0.166666672       3.1311096372531219E-004
  0.699999988      0.166666672       2.7478754170302204E-004
  0.733333349      0.166666672       2.3826740547675239E-004
  0.766666651      0.166666672       2.0378474527239706E-004
  0.800000012      0.166666672       1.7159104775695027E-004
  0.833333313      0.166666672       1.4193492950301332E-004
  0.866666675      0.166666672       1.1506104926416573E-004
  0.899999976      0.166666672       9.1243604261446198E-005
  0.933333337      0.166666672       7.0920357299311250E-005
  0.966666639      0.166666672       5.5219491556829123E-005
   1.00000000      0.166666672       4.7831283599582088E-005
   0.00000000      0.200000003       4.9247704930200894E-005
   3.33333351E-02  0.200000003       8.0214328900779768E-005
   6.66666701E-02  0.200000003       1.4187858595268569E-004
  0.100000001      0.200000003       2.6814409479752519E-004
  0.133333340      0.200000003       6.0675680294852100E-004
  0.166666672      0.200000003       1.0880176497247611E-003
  0.200000003      0.200000003       1.3724670378386602E-003
  0.233333334      0.200000003       1.4130537532649513E-003
  0.266666681      0.200000003       1.3256521091300738E-003
  0.300000012      0.200000003       1.2022152304842714E-003
  0.333333343      0.200000003       1.0814837689773094E-003
  0.366666675      0.200000003       9.7432305264429195E-004
  0.400000006      0.200000003       8.8131248245479766E-004
  0.433333337      0.200000003       8.0011493489753329E-004
  0.466666669      0.200000003       7.2803651564040445E-004
  0.500000000      0.200000003       6.6277915349820693E-004
  0.533333361      0.200000003       6.0258330992157317E-004
  0.566666663      0.200000003       5.4618820998226809E-004
  0.600000024      0.200000003       4.9275125776021100E-004
  0.633333325      0.200000003       4.4176797713647907E-004
  0.666666687      0.200000003       3.9300059130211362E-004
  0.699999988      0.200000003       3.4641405296556289E-004
  0.733333349      0.200000003       3.0211758930878533E-004
  0.766666651      0.200000003       2.6031200485725832E-004
  0.800000012      0.200000003       2.2124585517180106E-004
  0.833333313      0.200000003       1.8518677296311967E-004
  0.866666675      0.200000003       1.5241911758065080E-004
  0.899999976      0.200000003       1.2329467375094959E-004
  0.933333337      0.200000003       9.8427905299482688E-005
  0.966666639      0.200000003       7.9390756917719350E-005
   1.00000000      0.200000003       7.0647775983318553E-005
   0.00000000      0.233333334       8.7587759834682343E-005
   3.33333351E-02  0.233333334       1.2930011746503802E-004
   6.66666701E-02  0.233333334       2.1046408666397927E-004
  0.100000001      0.233333334       3.6243984855498777E-004
  0.133333340      0.233333334       6.7598915143542247E-004
  0.166666672      0.233333334       1.0994255011257761E-003
  0.200000003      0.233333334       1.4130537532649513E-003
  0.233333334      0.233333334       1.5274538036537950E-003
  0.266666681      0.233333334       1.4965820057182978E-003
  0.300000012      0.233333334       1.3994560319477687E-003
  0.333333343      0.233333334       1.2841385749094211E-003
  0.366666675      0.233333334       1.1714291823673425E-003
  0.400000006      0.233333334       1.0680036622184876E-003
  0.433333337      0.233333334       9.7464641872943862E-004
  0.466666669      0.233333334       8.9010164045579118E-004
  0.500000000      0.233333334       8.1266059190565067E-004
  0.533333361      0.233333334       7.4075430751871128E-004
  0.566666663      0.233333334       6.7314099378702730E-004
  0.600000024      0.233333334       6.0893700971801929E-004
  0.633333325      0.233333334       5.4759066982963071E-004
  0.666666687      0.233333334       4.8883581030711195E-004
  0.699999988      0.233333334       4.3263750304149045E-004
  0.733333349      0.233333334       3.7913413053598349E-004
  0.766666651      0.233333334       3.2857922987572459E-004
  0.800000012      0.233333334       2.8128911022816118E-004
  0.833333313      0.233333334       2.3760674985811610E-004
  0.866666675      0.233333334       1.9790027523392391E-004
  0.899999976      0.233333334       1.6263600523206003E-004
  0.933333337      0.233333334       1.3264531429421045E-004
  0.966666639      0.233333334       1.0997987666843805E-004
   1.00000000      0.233333334       9.9779822729150874E-005
   0.00000000      0.266666681       1.2837660387071692E-004
   3.33333351E-02  0.266666681       1.7284390855460354E-004
   6.66666701E-02  0.266666681       2.5896935990303365E-004
  0.100000001      0.266666681       4.0879618449051424E-004
  0.133333340      0.266666681       6.7279194728552124E-004
  0.166666672      0.266666681       1.0220975379398390E-003
  0.200000003      0.266666681       1.3256521091300738E-003
  0.233333334      0.266666681       1.4965820057182978E-003
  0.266666681      0.266666681       1.5394315242105178E-003
  0.300000012      0.266666681       1.5009498980784986E-003
  0.333333343      0.266666681       1.4228762035598660E-003
  0.366666675      0.266666681       1.3302761514543085E-003
  0.400000006      0.266666681       1.2354503990907682E-003
  0.433333337      0.266666681       1.1434659534128094E-003
  0.466666669      0.266666681       1.0558416585288828E-003
  0.500000000      0.266666681       9.7255199468474038E-004
  0.533333361      0.266666681       8.9302482951761982E-004
  0.566666663      0.266666681       8.1661336515335362E-004
  0.600000024      0.266666681       7.4280746209498668E-004
  0.633333325      0.266666681       6.7131695102056897E-004
  0.666666687      0.266666681       6.0208956064998725E-004
  0.699999988      0.266666681       5.3529187105310196E-004
  0.733333349      0.266666681       4.7126671144987039E-004
  0.766666651      0.266666681       4.1047612652493409E-004
  0.800000012      0.266666681       3.5344114788508365E-004
  0.833333313      0.266666681       3.0069598300005204E-004
  0.866666675      0.266666681       2.5278563481106125E-004
  0.899999976      0.266666681       2.1036359423914561E-004
  0.933333337      0.266666681       1.7453642922948606E-004
  0.966666639      0.266666681       1.4785804746700879E-004
   1.00000000      0.266666681       1.3602832577226919E-004
   0.00000000      0.300000012       1.6492302841858330E-004
   3.33333351E-02  0.300000012       2.0675347145220586E-004
   6.66666701E-02  0.300000012       2.8880893048481592E-004
  0.100000001      0.300000012       4.2518963387736414E-004
  0.133333340      0.300000012       6.4332770144693587E-004
  0.166666672      0.300000012       9.2770659205997628E-004
  0.200000003      0.300000012       1.2022152304842714E-003
  0.233333334      0.300000012       1.3994560319477687E-003
  0.266666681      0.300000012       1.5009498980784986E-003
  0.300000012      0.300000012       1.5248261035371573E-003
  0.333333343      0.300000012       1.4982150363078207E-003
  0.366666675      0.300000012       1.4429432546518850E-003
  0.400000006      0.300000012       1.3729681690056242E-003
  0.433333337      0.300000012       1.2961450890850946E-003
  0.466666669      0.300000012       1.2164886438777492E-003
  0.500000000      0.300000012       1.1358539634546650E-003
  0.533333361      0.300000012       1.0549968981985478E-003
  0.566666663      0.300000012       9.7419782272246155E-004
  0.600000024      0.300000012       8.9361582331160612E-004
  0.633333325      0.300000012       8.1348210500366714E-004
  0.666666687      0.300000012       7.3419482403854841E-004
  0.699999988      0.300000012       6.5634821884609864E-004
  0.733333349      0.300000012       5.8071342213638147E-004
  0.766666651      0.300000012       5.0818339744396516E-004
  0.800000012      0.300000012       4.3969817130629855E-004
  0.833333313      0.300000012       3.7617751477592496E-004
  0.866666675      0.300000012       3.1850608451925100E-004
  0.899999976      0.300000012       2.6764989320612908E-004
  0.933333337      0.300000012       2.2507647039133447E-004
  0.966666639      0.300000012       1.9385610604564295E-004
   1.00000000      0.300000012       1.8012441646109999E-004
   0.00000000      0.333333343       1.9322260370952782E-004
   3.33333351E-02  0.333333343       2.3018840761362245E-004
   6.66666701E-02  0.333333343       3.0431576855655698E-004
  0.100000001      0.333333343       4.2449736807533049E-004
  0.133333340      0.333333343       6.0567106880352300E-004
  0.166666672      0.333333343       8.3940480674820836E-004
  0.200000003      0.333333343       1.0814837689773094E-003
  0.233333334      0.333333343       1.2841385749094211E-003
  0.266666681      0.333333343       1.4228762035598660E-003
  0.300000012      0.333333343       1.4982150363078207E-003
  0.333333343      0.333333343       1.5230939386673315E-003
  0.366666675      0.333333343       1.5122244027211309E-003
  0.400000006      0.333333343       1.4774407769094320E-003
  0.433333337      0.333333343       1.4268920079516067E-003
  0.466666669      0.333333343       1.3657139744810830E-003
  0.500000000      0.333333343       1.2969752245437977E-003
  0.533333361      0.333333343       1.2224796971489259E-003
  0.566666663      0.333333343       1.1433522661960561E-003
  0.600000024      0.333333343       1.0604392578114055E-003
  0.633333325      0.333333343       9.7457105147958061E-004
  0.666666687      0.333333343       8.8672213360314238E-004
  0.699999988      0.333333343       7.9808904981627587E-004
  0.733333349      0.333333343       7.1009629421581264E-004
  0.766666651      0.333333343       6.2433770211536594E-004
  0.800000012      0.333333343       5.4246941860770217E-004
  0.833333313      0.333333343       4.6609181709836626E-004
  0.866666675      0.333333343       3.9668989437581373E-004
  0.899999976      0.333333343       3.3574490749144388E-004
  0.933333337      0.333333343       2.8521424481687651E-004
  0.966666639      0.333333343       2.4870009581503150E-004
   1.00000000      0.333333343       2.3264867697371199E-004
   0.00000000      0.366666675       2.1161383629514829E-004
   3.33333351E-02  0.366666675       2.4366587607116139E-004
   6.66666701E-02  0.366666675       3.0919781803488288E-004
  0.100000001      0.366666675       4.1401237600579915E-004
  0.133333340      0.366666675       5.6642479257381078E-004
  0.166666672      0.366666675       7.6181927446456930E-004
  0.200000003      0.366666675       9.7432305264429195E-004
  0.233333334      0.366666675       1.1714291823673425E-003
  0.266666681      0.366666675       1.3302761514543085E-003
  0.300000012      0.366666675       1.4429432546518850E-003
  0.333333343      0.366666675       1.5122244027211309E-003
  0.366666675      0.366666675       1.5454652040461237E-003
  0.400000006      0.366666675       1.5504466409867006E-003
  0.433333337      0.366666675       1.5335917814816439E-003
  0.466666669      0.366666675       1.4995864192592994E-003
  0.500000000      0.366666675       1.4516215682466708E-003
  0.533333361      0.366666675       1.3918218086036655E-003
  0.566666663      0.366666675       1.3216733249309792E-003
  0.600000024      0.366666675       1.2423898779310716E-003
  0.633333325      0.366666675       1.1552032655104052E-003
  0.666666687      0.366666675       1.0615767429178941E-003
  0.699999988      0.366666675       9.6333718321484605E-004
  0.733333349      0.366666675       8.6271565790226750E-004
  0.766666651      0.366666675       7.6228483810720398E-004
  0.800000012      0.366666675       6.6479537949223780E-004
  0.833333313      0.366666675       5.7295315862788878E-004
  0.866666675      0.366666675       4.8924448770617894E-004
  0.899999976      0.366666675       4.1598416254982440E-004
  0.933333337      0.366666675       3.5581693457711292E-004
  0.966666639      0.366666675       3.1290955890420546E-004
   1.00000000      0.366666675       2.9390139767144905E-004
   0.00000000      0.400000006       2.2013719306778284E-004
   3.33333351E-02  0.400000006       2.4826055402059588E-004
   6.66666701E-02  0.400000006       3.0610722210872043E-004
  0.100000001      0.400000006       3.9764983235957962E-004
  0.133333340      0.400000006       5.2776366204915085E-004
  0.166666672      0.400000006       6.9403678182880155E-004
  0.200000003      0.400000006       8.8131248245479766E-004
  0.233333334      0.400000006       1.0680036622184876E-003
  0.266666681      0.400000006       1.2354503990907682E-003
  0.300000012      0.400000006       1.3729681690056242E-003
  0.333333343      0.400000006       1.4774407769094320E-003
  0.366666675      0.400000006       1.5504466409867006E-003
  0.400000006      0.400000006       1.5954948193269360E-003
  0.433333337      0.400000006       1.6162806584040582E-003
  0.466666669      0.400000006       1.6158828234402421E-003
  0.500000000      0.400000006       1.5965615542821666E-003
  0.533333361      0.400000006       1.5598720948433700E-003
  0.566666663      0.400000006       1.5069192904652810E-003
  0.600000024      0.400000006       1.4386622682394917E-003
  0.633333325      0.400000006       1.3562223060975655E-003
  0.666666687      0.400000006       1.2611632437388356E-003
  0.699999988      0.400000006       1.1557129205506257E-003
  0.733333349      0.400000006       1.0428839023165185E-003
  0.766666651      0.400000006       9.2644132010496485E-004
  0.800000012      0.400000006       8.1067437182395666E-004
  0.833333313      0.400000006       6.9999016371482549E-004
  0.866666675      0.400000006       5.9848642414607792E-004
  0.899999976      0.400000006       5.0980779414221817E-004
  0.933333337      0.400000006       4.3759345183196194E-004
  0.966666639      0.400000006       3.8664883972498677E-004
   1.00000000      0.400000006       3.6371135751980371E-004
   0.00000000      0.433333337       2.1984941891388938E-004
   3.33333351E-02  0.433333337       2.4527741921015109E-004
   6.66666701E-02  0.433333337       2.9690261169956604E-004
  0.100000001      0.433333337       3.7749986293405028E-004
  0.133333340      0.433333337       4.9019278350798806E-004
  0.166666672      0.433333337       6.3397081280135376E-004
  0.200000003      0.433333337       8.0011493489753329E-004
  0.233333334      0.433333337       9.7464641872943862E-004
  0.266666681      0.433333337       1.1434659534128094E-003
  0.300000012      0.433333337       1.2961450890850946E-003
  0.333333343      0.433333337       1.4268920079516067E-003
  0.366666675      0.433333337       1.5335917814816439E-003
  0.400000006      0.433333337       1.6162806584040582E-003
  0.433333337      0.433333337       1.6758587578435792E-003
  0.466666669      0.433333337       1.7132774048327275E-003
  0.500000000      0.433333337       1.7291536504035769E-003
  0.533333361      0.433333337       1.7236918279264679E-003
  0.566666663      0.433333337       1.6968083948828360E-003
  0.600000024      0.433333337       1.6483901537235307E-003
  0.633333325      0.433333337       1.5786397001031807E-003
  0.666666687      0.433333337       1.4884691175427553E-003
  0.699999988      0.433333337       1.3798930922497654E-003
  0.733333349      0.433333337       1.2563452750787188E-003
  0.766666651      0.433333337       1.1227992192948794E-003
  0.800000012      0.433333337       9.8554185925042639E-004
  0.833333313      0.433333337       8.5150542330953045E-004
  0.866666675      0.433333337       7.2733723866930133E-004
  0.899999976      0.433333337       6.1879327870605625E-004
  0.933333337      0.433333337       5.3098846600193325E-004
  0.966666639      0.433333337       4.6951699111347521E-004
   1.00000000      0.433333337       4.4116575618960560E-004
   0.00000000      0.466666669       2.1228861520181715E-004
   3.33333351E-02  0.466666669       2.3609757811880053E-004
   6.66666701E-02  0.466666669       2.8295472164432088E-004
  0.100000001      0.466666669       3.5472073408434186E-004
  0.133333340      0.466666669       4.5363280188333830E-004
  0.166666672      0.466666669       5.7964642400616076E-004
  0.200000003      0.466666669       7.2803651564040445E-004
  0.233333334      0.466666669       8.9010164045579118E-004
  0.266666681      0.466666669       1.0558416585288828E-003
  0.300000012      0.466666669       1.2164886438777492E-003
  0.333333343      0.466666669       1.3657139744810830E-003
  0.366666675      0.466666669       1.4995864192592994E-003
  0.400000006      0.466666669       1.6158828234402421E-003
  0.433333337      0.466666669       1.7132774048327275E-003
  0.466666669      0.466666669       1.7906853050959988E-003
  0.500000000      0.466666669       1.8468462146569574E-003
  0.533333361      0.466666669       1.8801450210939115E-003
  0.566666663      0.466666669       1.8886437773235627E-003
  0.600000024      0.466666669       1.8703039640407316E-003
  0.633333325      0.466666669       1.8233856581356190E-003
  0.666666687      0.466666669       1.7470079728006786E-003
  0.699999988      0.466666669       1.6418341053971483E-003
  0.733333349      0.466666669       1.5107915460962030E-003
  0.766666651      0.466666669       1.3596324168655878E-003
  0.800000012      0.466666669       1.1969778182570464E-003
  0.833333313      0.466666669       1.0334091696277935E-003
  0.866666675      0.466666669       8.7960626264914311E-004
  0.899999976      0.466666669       7.4469773742877733E-004
  0.933333337      0.466666669       6.3603071823245170E-004
  0.966666639      0.466666669       5.6025561778864127E-004
   1.00000000      0.466666669       5.2424081591925581E-004
   0.00000000      0.500000000       1.9912577492831043E-004
   3.33333351E-02  0.500000000       2.2208818855566618E-004
   6.66666701E-02  0.500000000       2.6535986771924168E-004
  0.100000001      0.500000000       3.3002502604895668E-004
  0.133333340      0.500000000       4.1785739185173812E-004
  0.166666672      0.500000000       5.2950070091853222E-004
  0.200000003      0.500000000       6.6277915349820693E-004
  0.233333334      0.500000000       8.1266059190565067E-004
  0.266666681      0.500000000       9.7255199468474038E-004
  0.300000012      0.500000000       1.1358539634546650E-003
  0.333333343      0.500000000       1.2969752245437977E-003
  0.366666675      0.500000000       1.4516215682466708E-003
  0.400000006      0.500000000       1.5965615542821666E-003
  0.433333337      0.500000000       1.7291536504035769E-003
  0.466666669      0.500000000       1.8468462146569574E-003
  0.500000000      0.500000000       1.9467674408812992E-003
  0.533333361      0.500000000       2.0254625592469010E-003
  0.566666663      0.500000000       2.0788137528408063E-003
  0.600000024      0.500000000       2.1021798972295268E-003
  0.633333325      0.500000000       2.0908025560577828E-003
  0.666666687      0.500000000       2.0405284984712784E-003
  0.699999988      0.500000000       1.9488835737231003E-003
  0.733333349      0.500000000       1.8164713482195383E-003
  0.766666651      0.500000000       1.6484937192349986E-003
  0.800000012      0.500000000       1.4557717630858560E-003
  0.833333313      0.500000000       1.2540181690814537E-003
  0.866666675      0.500000000       1.0603845367675336E-003
  0.899999976      0.500000000       8.8949153550123923E-004
  0.933333337      0.500000000       7.5210680827029206E-004
  0.966666639      0.500000000       6.5635283153188352E-004
   1.00000000      0.500000000       6.0932255567651156E-004
   0.00000000      0.533333361       1.8196700094656092E-004
   3.33333351E-02  0.533333361       2.0454297685233738E-004
   6.66666701E-02  0.533333361       2.4506095220347965E-004
  0.100000001      0.533333361       3.0393435669990888E-004
  0.133333340      0.533333361       3.8267135810428885E-004
  0.166666672      0.533333361       4.8239539592065205E-004
  0.200000003      0.533333361       6.0258330992157317E-004
  0.233333334      0.533333361       7.4075430751871128E-004
  0.266666681      0.533333361       8.9302482951761982E-004
  0.300000012      0.533333361       1.0549968981985478E-003
  0.333333343      0.533333361       1.2224796971489259E-003
  0.366666675      0.533333361       1.3918218086036655E-003
  0.400000006      0.533333361       1.5598720948433700E-003
  0.433333337      0.533333361       1.7236918279264679E-003
  0.466666669      0.533333361       1.8801450210939115E-003
  0.500000000      0.533333361       2.0254625592469010E-003
  0.533333361      0.533333361       2.1548508137295354E-003
  0.566666663      0.533333361       2.2622125176168946E-003
  0.600000024      0.533333361       2.3400666807555232E-003
  0.633333325      0.533333361       2.3797884972631927E-003
  0.666666687      0.533333361       2.3723304275305216E-003
  0.699999988      0.533333361       2.3096206896625693E-003
  0.733333349      0.533333361       2.1868387325548184E-003
  0.766666651      0.533333361       2.0056245784866116E-003
  0.800000012      0.533333361       1.7775683553321439E-003
  0.833333313      0.533333361       1.5252758596930086E-003
  0.866666675      0.533333361       1.2765707387201309E-003
  0.899999976      0.533333361       1.0553314620548807E-003
  0.933333337      0.533333361       8.7760936173502670E-004
  0.966666639      0.533333361       7.5352983892210319E-004
   1.00000000      0.533333361       6.9064285555585673E-004
   0.00000000      0.566666663       1.6225667745654006E-004
   3.33333351E-02  0.566666663       1.8464350226165242E-004
   6.66666701E-02  0.566666663       2.2290452731907659E-004
  0.100000001      0.566666663       2.7690432171198519E-004
  0.133333340      0.566666663       3.4797822568168079E-004
  0.166666672      0.566666663       4.3755921459702962E-004
  0.200000003      0.566666663       5.4618820998226809E-004
  0.233333334      0.566666663       6.7314099378702730E-004
  0.266666681      0.566666663       8.1661336515335362E-004
  0.300000012      0.566666663       9.7419782272246155E-004
  0.333333343      0.566666663       1.1433522661960561E-003
  0.366666675      0.566666663       1.3216733249309792E-003
  0.400000006      0.566666663       1.5069192904652810E-003
  0.433333337      0.566666663       1.6968083948828360E-003
  0.466666669      0.566666663       1.8886437773235627E-003
  0.500000000      0.566666663       2.0788137528408063E-003
  0.533333361      0.566666663       2.2622125176168946E-003
  0.566666663      0.566666663       2.4316407080963703E-003
  0.600000024      0.566666663       2.5772876330302412E-003
  0.633333325      0.566666663       2.6864725331743737E-003
  0.666666687      0.566666663       2.7439333117129159E-003
  0.699999988      0.566666663       2.7331043482848173E-003
  0.733333349      0.566666663       2.6390414905815211E-003
  0.766666651      0.566666663       2.4539027934135575E-003
  0.800000012      0.566666663       2.1854710400322380E-003
  0.833333313      0.566666663       1.8646697706801751E-003
  0.866666675      0.566666663       1.5375274740529064E-003
  0.899999976      0.566666663       1.2443462775039579E-003
  0.933333337      0.566666663       1.0093679260528739E-003
  0.966666639      0.566666663       8.4512617144919238E-004
   1.00000000      0.566666663       7.5974173288709116E-004
   0.00000000      0.600000024       1.4123926751221058E-004
   3.33333351E-02  0.600000024       1.6343587052488170E-004
   6.66666701E-02  0.600000024       1.9966069400188994E-004
  0.100000001      0.600000024       2.4937726399097660E-004
  0.133333340      0.600000024       3.1379673033028857E-004
  0.166666672      0.600000024       3.9452183099453458E-004
  0.200000003      0.600000024       4.9275125776021100E-004
  0.233333334      0.600000024       6.0893700971801929E-004
  0.266666681      0.600000024       7.4280746209498668E-004
  0.300000012      0.600000024       8.9361582331160612E-004
  0.333333343      0.600000024       1.0604392578114055E-003
  0.366666675      0.600000024       1.2423898779310716E-003
  0.400000006      0.600000024       1.4386622682394917E-003
  0.433333337      0.600000024       1.6483901537235307E-003
  0.466666669      0.600000024       1.8703039640407316E-003
  0.500000000      0.600000024       2.1021798972295268E-003
  0.533333361      0.600000024       2.3400666807555232E-003
  0.566666663      0.600000024       2.5772876330302412E-003
  0.600000024      0.600000024       2.8032632836097271E-003
  0.633333325      0.600000024       3.0023061785964446E-003
  0.666666687      0.600000024       3.1527300152782915E-003
  0.699999988      0.600000024       3.2269332464449308E-003
  0.733333349      0.600000024       3.1937064544099295E-003
  0.766666651      0.600000024       3.0253263484727633E-003
  0.800000012      0.600000024       2.7142024099619383E-003
  0.833333313      0.600000024       2.2983501168169860E-003
  0.866666675      0.600000024       1.8557986749480433E-003
  0.899999976      0.600000024       1.4579477797061989E-003
  0.933333337      0.600000024       1.1417054520664234E-003
  0.966666639      0.600000024       9.2147590357221515E-004
   1.00000000      0.600000024       8.0523965082417897E-004
   0.00000000      0.633333325       1.1995412544140102E-004
   3.33333351E-02  0.633333325       1.4182047398397796E-004
   6.66666701E-02  0.633333325       1.7602544609719370E-004
  0.100000001      0.633333325       2.2179643535924360E-004
  0.133333340      0.633333325       2.8025190532608929E-004
  0.166666672      0.633333325       3.5305351763665585E-004
  0.200000003      0.633333325       4.4176797713647907E-004
  0.233333334      0.633333325       5.4759066982963071E-004
  0.266666681      0.633333325       6.7131695102056897E-004
  0.300000012      0.633333325       8.1348210500366714E-004
  0.333333343      0.633333325       9.7457105147958061E-004
  0.366666675      0.633333325       1.1552032655104052E-003
  0.400000006      0.633333325       1.3562223060975655E-003
  0.433333337      0.633333325       1.5786397001031807E-003
  0.466666669      0.633333325       1.8233856581356190E-003
  0.500000000      0.633333325       2.0908025560577828E-003
  0.533333361      0.633333325       2.3797884972631927E-003
  0.566666663      0.633333325       2.6864725331743737E-003
  0.600000024      0.633333325       3.0023061785964446E-003
  0.633333325      0.633333325       3.3115287307416120E-003
  0.666666687      0.633333325       3.5881626865131699E-003
  0.699999988      0.633333325       3.7931013059895827E-003
  0.733333349      0.633333325       3.8727377877284591E-003
  0.766666651      0.633333325       3.7634569206364955E-003
  0.800000012      0.633333325       3.4165570128716857E-003
  0.833333313      0.633333325       2.8663658639222346E-003
  0.866666675      0.633333325       2.2476782005850108E-003
  0.899999976      0.633333325       1.6950648946659798E-003
  0.933333337      0.633333325       1.2648876950658889E-003
  0.966666639      0.633333325       9.6953908793208799E-004
   1.00000000      0.633333325       8.1349303976400577E-004
   0.00000000      0.666666687       9.9252557905166893E-005
   3.33333351E-02  0.666666687       1.2055456149065189E-004
   6.66666701E-02  0.666666687       1.5261800359533392E-004
  0.100000001      0.666666687       1.9460135568095130E-004
  0.133333340      0.666666687       2.4755334266694416E-004
  0.166666672      0.666666687       3.1311096372531219E-004
  0.200000003      0.666666687       3.9300059130211362E-004
  0.233333334      0.666666687       4.8883581030711195E-004
  0.266666681      0.666666687       6.0208956064998725E-004
  0.300000012      0.666666687       7.3419482403854841E-004
  0.333333343      0.666666687       8.8672213360314238E-004
  0.366666675      0.666666687       1.0615767429178941E-003
  0.400000006      0.666666687       1.2611632437388356E-003
  0.433333337      0.666666687       1.4884691175427553E-003
  0.466666669      0.666666687       1.7470079728006786E-003
  0.500000000      0.666666687       2.0405284984712784E-003
  0.533333361      0.666666687       2.3723304275305216E-003
  0.566666663      0.666666687       2.7439333117129159E-003
  0.600000024      0.666666687       3.1527300152782915E-003
  0.633333325      0.666666687       3.5881626865131699E-003
  0.666666687      0.666666687       4.0259507470647151E-003
  0.699999988      0.666666687       4.4200367855390171E-003
  0.733333349      0.666666687       4.6923254351051262E-003
  0.766666651      0.666666687       4.7232925013038713E-003
  0.800000012      0.666666687       4.3719853034235520E-003
  0.833333313      0.666666687       3.6314268031085351E-003
  0.866666675      0.666666687       2.7332967726105611E-003
  0.899999976      0.666666687       1.9481306684230495E-003
  0.933333337      0.666666687       1.3627592150373174E-003
  0.966666639      0.666666687       9.7339626037775220E-004
   1.00000000      0.666666687       7.7105946479531795E-004
   0.00000000      0.699999988       7.9808242737784604E-005
   3.33333351E-02  0.699999988       1.0025344970599476E-004
   6.66666701E-02  0.699999988       1.2997475331878987E-004
  0.100000001      0.699999988       1.6821431284142177E-004
  0.133333340      0.699999988       2.1596736926315669E-004
  0.166666672      0.699999988       2.7478754170302204E-004
  0.200000003      0.699999988       3.4641405296556289E-004
  0.233333334      0.699999988       4.3263750304149045E-004
  0.266666681      0.699999988       5.3529187105310196E-004
  0.300000012      0.699999988       6.5634821884609864E-004
  0.333333343      0.699999988       7.9808904981627587E-004
  0.366666675      0.699999988       9.6333718321484605E-004
  0.400000006      0.699999988       1.1557129205506257E-003
  0.433333337      0.699999988       1.3798930922497654E-003
  0.466666669      0.699999988       1.6418341053971483E-003
  0.500000000      0.699999988       1.9488835737231003E-003
  0.533333361      0.699999988       2.3096206896625693E-003
  0.566666663      0.699999988       2.7331043482848173E-003
  0.600000024      0.699999988       3.2269332464449308E-003
  0.633333325      0.699999988       3.7931013059895827E-003
  0.666666687      0.699999988       4.4200367855390171E-003
  0.699999988      0.699999988       5.0682787969447878E-003
  0.733333349      0.699999988       5.6451125514043110E-003
  0.766666651      0.699999988       5.9598836697115874E-003
  0.800000012      0.699999988       5.6908178036945622E-003
  0.833333313      0.699999988       4.6912008667674334E-003
  0.866666675      0.699999988       3.3365294400679395E-003
  0.899999976      0.699999988       2.1948512673092423E-003
  0.933333337      0.699999988       1.4099088273621006E-003
  0.966666639      0.699999988       9.1677792892089270E-004
   1.00000000      0.699999988       6.6999276835646212E-004
   0.00000000      0.733333349       6.2133289128309506E-005
   3.33333351E-02  0.733333349       8.1396097398404789E-005
   6.66666701E-02  0.733333349       1.0854413628544891E-004
  0.100000001      0.733333349       1.4302442930093275E-004
  0.133333340      0.733333349       1.8578777100786392E-004
  0.166666672      0.733333349       2.3826740547675239E-004
  0.200000003      0.733333349       3.0211758930878533E-004
  0.233333334      0.733333349       3.7913413053598349E-004
  0.266666681      0.733333349       4.7126671144987039E-004
  0.300000012      0.733333349       5.8071342213638147E-004
  0.333333343      0.733333349       7.1009629421581264E-004
  0.366666675      0.733333349       8.6271565790226750E-004
  0.400000006      0.733333349       1.0428839023165185E-003
  0.433333337      0.733333349       1.2563452750787188E-003
  0.466666669      0.733333349       1.5107915460962030E-003
  0.500000000      0.733333349       1.8164713482195383E-003
  0.533333361      0.733333349       2.1868387325548184E-003
  0.566666663      0.733333349       2.6390414905815211E-003
  0.600000024      0.733333349       3.1937064544099295E-003
  0.633333325      0.733333349       3.8727377877284591E-003
  0.666666687      0.733333349       4.6923254351051262E-003
  0.699999988      0.733333349       5.6451125514043110E-003
  0.733333349      0.733333349       6.6568873381733706E-003
  0.766666651      0.733333349       7.4766043743589253E-003
  0.800000012      0.733333349       7.4771653162925113E-003
  0.833333313      0.733333349       6.1762006498228619E-003
  0.866666675      0.733333349       4.0882021639698073E-003
  0.899999976      0.733333349       2.3839963875774270E-003
  0.933333337      0.733333349       1.3708333831380286E-003
  0.966666639      0.733333349       7.8931534024346292E-004
   1.00000000      0.733333349       5.1593394726739202E-004
   0.00000000      0.766666651       4.6601130361005732E-005
   3.33333351E-02  0.766666651       6.4338384037455394E-005
   6.66666701E-02  0.766666651       8.8686436743972203E-005
  0.100000001      0.766666651       1.1937414784457110E-004
  0.133333340      0.766666651       1.5730914879987342E-004
  0.166666672      0.766666651       2.0378474527239706E-004
  0.200000003      0.766666651       2.6031200485725832E-004
  0.233333334      0.766666651       3.2857922987572459E-004
  0.266666681      0.766666651       4.1047612652493409E-004
  0.300000012      0.766666651       5.0818339744396516E-004
  0.333333343      0.766666651       6.2433770211536594E-004
  0.366666675      0.766666651       7.6228483810720398E-004
  0.400000006      0.766666651       9.2644132010496485E-004
  0.433333337      0.766666651       1.1227992192948794E-003
  0.466666669      0.766666651       1.3596324168655878E-003
  0.500000000      0.766666651       1.6484937192349986E-003
  0.533333361      0.766666651       2.0056245784866116E-003
  0.566666663      0.766666651       2.4539027934135575E-003
  0.600000024      0.766666651       3.0253263484727633E-003
  0.633333325      0.766666651       3.7634569206364955E-003
  0.666666687      0.766666651       4.7232925013038713E-003
  0.699999988      0.766666651       5.9598836697115874E-003
  0.733333349      0.766666651       7.4766043743589253E-003
  0.766666651      0.766666651       9.0261327904181503E-003
  0.800000012      0.766666651       9.5744425137245480E-003
  0.833333313      0.766666651       8.0877341707748449E-003
  0.866666675      0.766666651       5.0234864667381010E-003
  0.899999976      0.766666651       2.4242107982493416E-003
  0.933333337      0.766666651       1.2079563228518701E-003
  0.966666639      0.766666651       5.9739265759216234E-004
   1.00000000      0.766666651       3.3536007239268239E-004
   0.00000000      0.800000012       3.3437393212931303E-005
   3.33333351E-02  0.800000012       4.9309537825044779E-005
   6.66666701E-02  0.800000012       7.0669018352365943E-005
  0.100000001      0.800000012       9.7548059253500471E-005
  0.133333340      0.800000012       1.3080590068628806E-004
  0.166666672      0.800000012       1.7159104775695027E-004
  0.200000003      0.800000012       2.2124585517180106E-004
  0.233333334      0.800000012       2.8128911022816118E-004
  0.266666681      0.800000012       3.5344114788508365E-004
  0.300000012      0.800000012       4.3969817130629855E-004
  0.333333343      0.800000012       5.4246941860770217E-004
  0.366666675      0.800000012       6.6479537949223780E-004
  0.400000006      0.800000012       8.1067437182395666E-004
  0.433333337      0.800000012       9.8554185925042639E-004
  0.466666669      0.800000012       1.1969778182570464E-003
  0.500000000      0.800000012       1.4557717630858560E-003
  0.533333361      0.800000012       1.7775683553321439E-003
  0.566666663      0.800000012       2.1854710400322380E-003
  0.600000024      0.800000012       2.7142024099619383E-003
  0.633333325      0.800000012       3.4165570128716857E-003
  0.666666687      0.800000012       4.3719853034235520E-003
  0.699999988      0.800000012       5.6908178036945622E-003
  0.733333349      0.800000012       7.4771653162925113E-003
  0.766666651      0.800000012       9.5744425137245480E-003
  0.800000012      0.800000012       1.0685389947907305E-002
  0.833333313      0.800000012       9.3510330919150779E-003
  0.866666675      0.800000012       5.7801879295275105E-003
  0.899999976      0.800000012       2.2412588651260683E-003
  0.933333337      0.800000012       9.0483961406614586E-004
  0.966666639      0.800000012       3.7627338171639042E-004
   1.00000000      0.800000012       1.7227041139059450E-004
   0.00000000      0.833333313       2.2714201702673986E-005
   3.33333351E-02  0.833333313       3.6417042394726673E-005
   6.66666701E-02  0.833333313       5.4671758870966560E-005
  0.100000001      0.833333313       7.7771605968549615E-005
  0.133333340      0.833333313       1.0652158488865675E-004
  0.166666672      0.833333313       1.4193492950301332E-004
  0.200000003      0.833333313       1.8518677296311967E-004
  0.233333334      0.833333313       2.3760674985811610E-004
  0.266666681      0.833333313       3.0069598300005204E-004
  0.300000012      0.833333313       3.7617751477592496E-004
  0.333333343      0.833333313       4.6609181709836626E-004
  0.366666675      0.833333313       5.7295315862788878E-004
  0.400000006      0.833333313       6.9999016371482549E-004
  0.433333337      0.833333313       8.5150542330953045E-004
  0.466666669      0.833333313       1.0334091696277935E-003
  0.500000000      0.833333313       1.2540181690814537E-003
  0.533333361      0.833333313       1.5252758596930086E-003
  0.566666663      0.833333313       1.8646697706801751E-003
  0.600000024      0.833333313       2.2983501168169860E-003
  0.633333325      0.833333313       2.8663658639222346E-003
  0.666666687      0.833333313       3.6314268031085351E-003
  0.699999988      0.833333313       4.6912008667674334E-003
  0.733333349      0.833333313       6.1762006498228619E-003
  0.766666651      0.833333313       8.0877341707748449E-003
  0.800000012      0.833333313       9.3510330919150779E-003
  0.833333313      0.833333313       8.3969043692118783E-003
  0.866666675      0.833333313       5.1622532725773829E-003
  0.899999976      0.833333313       1.6388254580519161E-003
  0.933333337      0.833333313       5.3062881912510542E-004
  0.966666639      0.833333313       1.8507866112519997E-004
   1.00000000      0.833333313       6.4954487766452556E-005
   0.00000000      0.866666675       1.4401327264695608E-005
   3.33333351E-02  0.866666675       2.5696816970496969E-005
   6.66666701E-02  0.866666675       4.0814551413996243E-005
  0.100000001      0.866666675       6.0222934708602856E-005
  0.133333340      0.866666675       8.4672292798654807E-005
  0.166666672      0.866666675       1.1506104926416573E-004
  0.200000003      0.866666675       1.5241911758065080E-004
  0.233333334      0.866666675       1.9790027523392391E-004
  0.266666681      0.866666675       2.5278563481106125E-004
  0.300000012      0.866666675       3.1850608451925100E-004
  0.333333343      0.866666675       3.9668989437581373E-004
  0.366666675      0.866666675       4.8924448770617894E-004
  0.400000006      0.866666675       5.9848642414607792E-004
  0.433333337      0.866666675       7.2733723866930133E-004
  0.466666669      0.866666675       8.7960626264914311E-004
  0.500000000      0.866666675       1.0603845367675336E-003
  0.533333361      0.866666675       1.2765707387201309E-003
  0.566666663      0.866666675       1.5375274740529064E-003
  0.600000024      0.866666675       1.8557986749480433E-003
  0.633333325      0.866666675       2.2476782005850108E-003
  0.666666687      0.866666675       2.7332967726105611E-003
  0.699999988      0.866666675       3.3365294400679395E-003
  0.733333349      0.866666675       4.0882021639698073E-003
  0.766666651      0.866666675       5.0234864667381010E-003
  0.800000012      0.866666675       5.7801879295275105E-003
  0.833333313      0.866666675       5.1622532725773829E-003
  0.866666675      0.866666675       2.8995535887983265E-003
  0.899999976      0.866666675       6.6297939480658842E-004
  0.933333337      0.866666675       2.2112664733044891E-004
  0.966666639      0.866666675       6.4715547682060002E-005
   1.00000000      0.866666675       1.9745477424297394E-005
   0.00000000      0.899999976       8.3769716890212399E-006
   3.33333351E-02  0.899999976       1.7133923257900118E-005
   6.66666701E-02  0.899999976       2.9169591238760307E-005
  0.100000001      0.899999976       4.5048518361295896E-005
  0.133333340      0.899999976       6.5468458101557031E-005
  0.166666672      0.899999976       9.1243604261446198E-005
  0.200000003      0.899999976       1.2329467375094959E-004
  0.233333334      0.899999976       1.6263600523206003E-004
  0.266666681      0.899999976       2.1036359423914561E-004
  0.300000012      0.899999976       2.6764989320612908E-004
  0.333333343      0.899999976       3.3574490749144388E-004
  0.366666675      0.899999976       4.1598416254982440E-004
  0.400000006      0.899999976       5.0980779414221817E-004
  0.433333337      0.899999976       6.1879327870605625E-004
  0.466666669      0.899999976       7.4469773742877733E-004
  0.500000000      0.899999976       8.8949153550123923E-004
  0.533333361      0.899999976       1.0553314620548807E-003
  0.566666663      0.899999976       1.2443462775039579E-003
  0.600000024      0.899999976       1.4579477797061989E-003
  0.633333325      0.899999976       1.6950648946659798E-003
  0.666666687      0.899999976       1.9481306684230495E-003
  0.699999988      0.899999976       2.1948512673092423E-003
  0.733333349      0.899999976       2.3839963875774270E-003
  0.766666651      0.899999976       2.4242107982493416E-003
  0.800000012      0.899999976       2.2412588651260683E-003
  0.833333313      0.899999976       1.6388254580519161E-003
  0.866666675      0.899999976       6.6297939480658842E-004
  0.899999976      0.899999976       2.1149143757012031E-004
  0.933333337      0.899999976       6.6035676051673709E-005
  0.966666639      0.899999976       1.8108842409322715E-005
   1.00000000      0.899999976       9.2479585681171123E-006
   0.00000000      0.933333337       4.3949046182133850E-006
   3.33333351E-02  0.933333337       1.0620074985306081E-005
   6.66666701E-02  0.933333337       1.9769896149005256E-005
  0.100000001      0.933333337       3.2405683992298482E-005
  0.133333340      0.933333337       4.9198659201339455E-005
  0.166666672      0.933333337       7.0920357299311250E-005
  0.200000003      0.933333337       9.8427905299482688E-005
  0.233333334      0.933333337       1.3264531429421045E-004
  0.266666681      0.933333337       1.7453642922948606E-004
  0.300000012      0.933333337       2.2507647039133447E-004
  0.333333343      0.933333337       2.8521424481687651E-004
  0.366666675      0.933333337       3.5581693457711292E-004
  0.400000006      0.933333337       4.3759345183196194E-004
  0.433333337      0.933333337       5.3098846600193325E-004
  0.466666669      0.933333337       6.3603071823245170E-004
  0.500000000      0.933333337       7.5210680827029206E-004
  0.533333361      0.933333337       8.7760936173502670E-004
  0.566666663      0.933333337       1.0093679260528739E-003
  0.600000024      0.933333337       1.1417054520664234E-003
  0.633333325      0.933333337       1.2648876950658889E-003
  0.666666687      0.933333337       1.3627592150373174E-003
  0.699999988      0.933333337       1.4099088273621006E-003
  0.733333349      0.933333337       1.3708333831380286E-003
  0.766666651      0.933333337       1.2079563228518701E-003
  0.800000012      0.933333337       9.0483961406614586E-004
  0.833333313      0.933333337       5.3062881912510542E-004
  0.866666675      0.933333337       2.2112664733044891E-004
  0.899999976      0.933333337       6.6035676051673709E-005
  0.933333337      0.933333337       2.3020349977839128E-005
  0.966666639      0.933333337       1.1225825627347287E-005
   1.00000000      0.933333337       7.9069940865483960E-006
   0.00000000      0.966666639       2.0026844981380467E-006
   3.33333351E-02  0.966666639       6.0551235416308460E-006
   6.66666701E-02  0.966666639       1.2741505260266167E-005
  0.100000001      0.966666639       2.2692489829228670E-005
  0.133333340      0.966666639       3.6596798838978026E-005
  0.166666672      0.966666639       5.5219491556829123E-005
  0.200000003      0.966666639       7.9390756917719350E-005
  0.233333334      0.966666639       1.0997987666843805E-004
  0.266666681      0.966666639       1.4785804746700879E-004
  0.300000012      0.966666639       1.9385610604564295E-004
  0.333333343      0.966666639       2.4870009581503150E-004
  0.366666675      0.966666639       3.1290955890420546E-004
  0.400000006      0.966666639       3.8664883972498677E-004
  0.433333337      0.966666639       4.6951699111347521E-004
  0.466666669      0.966666639       5.6025561778864127E-004
  0.500000000      0.966666639       6.5635283153188352E-004
  0.533333361      0.966666639       7.5352983892210319E-004
  0.566666663      0.966666639       8.4512617144919238E-004
  0.600000024      0.966666639       9.2147590357221515E-004
  0.633333325      0.966666639       9.6953908793208799E-004
  0.666666687      0.966666639       9.7339626037775220E-004
  0.699999988      0.966666639       9.1677792892089270E-004
  0.733333349      0.966666639       7.8931534024346292E-004
  0.766666651      0.966666639       5.9739265759216234E-004
  0.800000012      0.966666639       3.7627338171639042E-004
  0.833333313      0.966666639       1.8507866112519997E-004
  0.866666675      0.966666639       6.4715547682060002E-005
  0.899999976      0.966666639       1.8108842409322715E-005
  0.933333337      0.966666639       1.1225825627347287E-005
  0.966666639      0.966666639       8.9537873744454342E-006
   1.00000000      0.966666639       8.0236054614015139E-006
   0.00000000       1.00000000       9.6231289934909910E-007
   3.33333351E-02   1.00000000       3.7900519420479284E-006
   6.66666701E-02   1.00000000       9.2095165126464821E-006
  0.100000001       1.00000000       1.7885484302307834E-005
  0.133333340       1.00000000       3.0509935551126751E-005
  0.166666672       1.00000000       4.7831283599582088E-005
  0.200000003       1.00000000       7.0647775983318553E-005
  0.233333334       1.00000000       9.9779822729150874E-005
  0.266666681       1.00000000       1.3602832577226919E-004
  0.300000012       1.00000000       1.8012441646109999E-004
  0.333333343       1.00000000       2.3264867697371199E-004
  0.366666675       1.00000000       2.9390139767144905E-004
  0.400000006       1.00000000       3.6371135751980371E-004
  0.433333337       1.00000000       4.4116575618960560E-004
  0.466666669       1.00000000       5.2424081591925581E-004
  0.500000000       1.00000000       6.0932255567651156E-004
  0.533333361       1.00000000       6.9064285555585673E-004
  0.566666663       1.00000000       7.5974173288709116E-004
  0.600000024       1.00000000       8.0523965082417897E-004
  0.633333325       1.00000000       8.1349303976400577E-004
  0.666666687       1.00000000       7.7105946479531795E-004
  0.699999988       1.00000000       6.6999276835646212E-004
  0.733333349       1.00000000       5.1593394726739202E-004
  0.766666651       1.00000000       3.3536007239268239E-004
  0.800000012       1.00000000       1.7227041139059450E-004
  0.833333313       1.00000000       6.4954487766452556E-005
  0.866666675       1.00000000       1.9745477424297394E-005
  0.899999976       1.00000000       9.2479585681171123E-006
  0.933333337       1.00000000       7.9069940865483960E-006
  0.966666639       1.00000000       8.0236054614015139E-006
   1.00000000       1.00000000       7.9312367783033722E-006
