 # X Y T Z 
   0.00000000       0.00000000       2.0376790293473691E-006
   3.33333351E-02   0.00000000       2.1545535899341594E-006
   6.66666701E-02   0.00000000       2.3774847139558771E-006
  0.100000001       0.00000000       2.7214134314201123E-006
  0.133333340       0.00000000       3.2455656297777910E-006
  0.166666672       0.00000000       4.0686518638646166E-006
  0.200000003       0.00000000       5.3643053483238943E-006
  0.233333334       0.00000000       7.3551791339494679E-006
  0.266666681       0.00000000       1.0208615397687481E-005
  0.300000012       0.00000000       1.3795339747883838E-005
  0.333333343       0.00000000       1.7583369581286572E-005
  0.366666675       0.00000000       2.0953870877293810E-005
  0.400000006       0.00000000       2.3533421011676686E-005
  0.433333337       0.00000000       2.5194873748397964E-005
  0.466666669       0.00000000       2.5940262466232232E-005
  0.500000000       0.00000000       2.5832635757476333E-005
  0.533333361       0.00000000       2.4968576596871346E-005
  0.566666663       0.00000000       2.3465847640612533E-005
  0.600000024       0.00000000       2.1457141929677275E-005
  0.633333325       0.00000000       1.9086243345988298E-005
  0.666666687       0.00000000       1.6504811701123338E-005
  0.699999988       0.00000000       1.3870264979356139E-005
  0.733333349       0.00000000       1.1310377641084607E-005
  0.766666651       0.00000000       8.7901680579142668E-006
  0.800000012       0.00000000       6.2736515045459221E-006
  0.833333313       0.00000000       4.4038946770778571E-006
  0.866666675       0.00000000       2.8622491955336343E-006
  0.899999976       0.00000000       1.9644181895553013E-006
  0.933333337       0.00000000       1.1927326887192237E-006
  0.966666639       0.00000000       4.4578802205132596E-007
   1.00000000       0.00000000       5.5015915766392243E-007
   0.00000000       3.33333351E-02   2.1545535899341594E-006
   3.33333351E-02   3.33333351E-02   2.2738334479428087E-006
   6.66666701E-02   3.33333351E-02   2.5096083720907155E-006
  0.100000001       3.33333351E-02   2.8927537727617156E-006
  0.133333340       3.33333351E-02   3.5083796524783166E-006
  0.166666672       3.33333351E-02   4.5368606339040429E-006
  0.200000003       3.33333351E-02   6.2305350669959251E-006
  0.233333334       3.33333351E-02   8.8356569508850790E-006
  0.266666681       3.33333351E-02   1.2384717161317581E-005
  0.300000012       3.33333351E-02   1.6472532783635902E-005
  0.333333343       3.33333351E-02   2.0433583303025075E-005
  0.366666675       3.33333351E-02   2.3779573354673964E-005
  0.400000006       3.33333351E-02   2.6311343185020765E-005
  0.433333337       3.33333351E-02   2.7983091499465116E-005
  0.466666669       3.33333351E-02   2.8809297017297843E-005
  0.500000000       3.33333351E-02   2.8837466661965386E-005
  0.533333361       3.33333351E-02   2.8140560127226554E-005
  0.566666663       3.33333351E-02   2.6812331120412881E-005
  0.600000024       3.33333351E-02   2.4963141876904279E-005
  0.633333325       3.33333351E-02   2.2716033850871763E-005
  0.666666687       3.33333351E-02   2.0200302724055963E-005
  0.699999988       3.33333351E-02   1.7537728012175831E-005
  0.733333349       3.33333351E-02   1.4817556887902902E-005
  0.766666651       3.33333351E-02   1.2092055092180443E-005
  0.800000012       3.33333351E-02   9.4668783109189429E-006
  0.833333313       3.33333351E-02   7.2345692923945354E-006
  0.866666675       3.33333351E-02   5.3685486291941650E-006
  0.899999976       3.33333351E-02   3.5417961073788847E-006
  0.933333337       3.33333351E-02   2.0324132288872894E-006
  0.966666639       3.33333351E-02   1.1763357730185239E-006
   1.00000000       3.33333351E-02   6.5405917164479497E-007
   0.00000000       6.66666701E-02   2.3774847139558771E-006
   3.33333351E-02   6.66666701E-02   2.5096083720907155E-006
   6.66666701E-02   6.66666701E-02   2.7884041089712270E-006
  0.100000001       6.66666701E-02   3.2702254539081832E-006
  0.133333340       6.66666701E-02   4.0894079262125141E-006
  0.166666672       6.66666701E-02   5.6053471625338477E-006
  0.200000003       6.66666701E-02   8.2651719278406433E-006
  0.233333334       6.66666701E-02   1.2290413006309029E-005
  0.266666681       6.66666701E-02   1.7258242267880917E-005
  0.300000012       6.66666701E-02   2.2194400831928702E-005
  0.333333343       6.66666701E-02   2.6388608900795818E-005
  0.366666675       6.66666701E-02   2.9667583777629020E-005
  0.400000006       6.66666701E-02   3.2072300950472578E-005
  0.433333337       6.66666701E-02   3.3657174882300203E-005
  0.466666669       6.66666701E-02   3.4461987481043544E-005
  0.500000000       6.66666701E-02   3.4524969742018833E-005
  0.533333361       6.66666701E-02   3.3894398937579746E-005
  0.566666663       6.66666701E-02   3.2633986941349810E-005
  0.600000024       6.66666701E-02   3.0823692499259379E-005
  0.633333325       6.66666701E-02   2.8557343401485217E-005
  0.666666687       6.66666701E-02   2.5937848141263539E-005
  0.699999988       6.66666701E-02   2.3067054404140658E-005
  0.733333349       6.66666701E-02   2.0041583510902323E-005
  0.766666651       6.66666701E-02   1.6959968426420637E-005
  0.800000012       6.66666701E-02   1.3945775890191115E-005
  0.833333313       6.66666701E-02   1.1137276390998073E-005
  0.866666675       6.66666701E-02   8.5181647595248460E-006
  0.899999976       6.66666701E-02   6.2434191526769913E-006
  0.933333337       6.66666701E-02   4.3292114469262036E-006
  0.966666639       6.66666701E-02   2.7631112621393677E-006
   1.00000000       6.66666701E-02   2.0132920060574185E-006
   0.00000000      0.100000001       2.7214134314201123E-006
   3.33333351E-02  0.100000001       2.8927537727617156E-006
   6.66666701E-02  0.100000001       3.2702254539081832E-006
  0.100000001      0.100000001       3.9436353974144179E-006
  0.133333340      0.100000001       5.1384515019645513E-006
  0.166666672      0.100000001       7.7031650375659742E-006
  0.200000003      0.100000001       1.2534010601694241E-005
  0.233333334      0.100000001       1.9360426093208532E-005
  0.266666681      0.100000001       2.6340007017409361E-005
  0.300000012      0.100000001       3.1975274242136295E-005
  0.333333343      0.100000001       3.6143534629646648E-005
  0.366666675      0.100000001       3.9165663072949529E-005
  0.400000006      0.100000001       4.1281302535051508E-005
  0.433333337      0.100000001       4.2616204829987661E-005
  0.466666669      0.100000001       4.3229702852662887E-005
  0.500000000      0.100000001       4.3152805166288402E-005
  0.533333361      0.100000001       4.2411879245474507E-005
  0.566666663      0.100000001       4.1041902592439485E-005
  0.600000024      0.100000001       3.9092801426214926E-005
  0.633333325      0.100000001       3.6630976191117585E-005
  0.666666687      0.100000001       3.3737601013086134E-005
  0.699999988      0.100000001       3.0505595714695028E-005
  0.733333349      0.100000001       2.7034337500977522E-005
  0.766666651      0.100000001       2.3432004867105839E-005
  0.800000012      0.100000001       1.9817963732803213E-005
  0.833333313      0.100000001       1.6300807931764991E-005
  0.866666675      0.100000001       1.2967697294852650E-005
  0.899999976      0.100000001       9.9369378505036860E-006
  0.933333337      0.100000001       7.3327819409171576E-006
  0.966666639      0.100000001       5.2777667827986162E-006
   1.00000000      0.100000001       4.2329522240727680E-006
   0.00000000      0.133333340       3.2455656297777910E-006
   3.33333351E-02  0.133333340       3.5083796524783166E-006
   6.66666701E-02  0.133333340       4.0894079262125141E-006
  0.100000001      0.133333340       5.1384515019645513E-006
  0.133333340      0.133333340       7.0565787804890099E-006
  0.166666672      0.133333340       1.2201743884435794E-005
  0.200000003      0.133333340       2.2939621754501209E-005
  0.233333334      0.133333340       3.4373735082652433E-005
  0.266666681      0.133333340       4.2316796140566991E-005
  0.300000012      0.133333340       4.7388049735783838E-005
  0.333333343      0.133333340       5.0762789190578271E-005
  0.366666675      0.133333340       5.3059691905342653E-005
  0.400000006      0.133333340       5.4566013280788055E-005
  0.433333337      0.133333340       5.5402687855203619E-005
  0.466666669      0.133333340       5.5609741107931048E-005
  0.500000000      0.133333340       5.5192461020837739E-005
  0.533333361      0.133333340       5.4147562906213878E-005
  0.566666663      0.133333340       5.2478672803467867E-005
  0.600000024      0.133333340       5.0205349871842840E-005
  0.633333325      0.133333340       4.7367568158107403E-005
  0.666666687      0.133333340       4.4026561468288761E-005
  0.699999988      0.133333340       4.0263604735649486E-005
  0.733333349      0.133333340       3.6176412415111109E-005
  0.766666651      0.133333340       3.1876958213926761E-005
  0.800000012      0.133333340       2.7484591190774784E-005
  0.833333313      0.133333340       2.3124256599708649E-005
  0.866666675      0.133333340       1.8919202480929917E-005
  0.899999976      0.133333340       1.5020991420182741E-005
  0.933333337      0.133333340       1.1522670732561264E-005
  0.966666639      0.133333340       8.7320732651141196E-006
   1.00000000      0.133333340       7.3592270333675241E-006
   0.00000000      0.166666672       4.0686518638646166E-006
   3.33333351E-02  0.166666672       4.5368606339040429E-006
   6.66666701E-02  0.166666672       5.6053471625338477E-006
  0.100000001      0.166666672       7.7031650375659742E-006
  0.133333340      0.166666672       1.2201743884435794E-005
  0.166666672      0.166666672       2.8815703932318795E-005
  0.200000003      0.166666672       4.8879060674735599E-005
  0.233333334      0.166666672       6.0106041122256842E-005
  0.266666681      0.166666672       6.5562346700928851E-005
  0.300000012      0.166666672       6.8576945913817071E-005
  0.333333343      0.166666672       7.0433549458178712E-005
  0.366666675      0.166666672       7.1605141774307548E-005
  0.400000006      0.166666672       7.2256876902736670E-005
  0.433333337      0.166666672       7.2422637971402749E-005
  0.466666669      0.166666672       7.2079860819235323E-005
  0.500000000      0.166666672       7.1185307893454930E-005
  0.533333361      0.166666672       6.9694817829403375E-005
  0.566666663      0.166666672       6.7575923913135426E-005
  0.600000024      0.166666672       6.4816484519183737E-005
  0.633333325      0.166666672       6.1430227530404687E-005
  0.666666687      0.166666672       5.7459294152395658E-005
  0.699999988      0.166666672       5.2973931529859132E-005
  0.733333349      0.166666672       4.8070110156231839E-005
  0.766666651      0.166666672       4.2865445634044887E-005
  0.800000012      0.166666672       3.7491024542361183E-005
  0.833333313      0.166666672       3.2092628559891748E-005
  0.866666675      0.166666672       2.6825166922928267E-005
  0.899999976      0.166666672       2.1850263286804077E-005
  0.933333337      0.166666672       1.7358738716672609E-005
  0.966666639      0.166666672       1.3775359661064571E-005
   1.00000000      0.166666672       1.2077752293674146E-005
   0.00000000      0.200000003       5.3643053483238943E-006
   3.33333351E-02  0.200000003       6.2305350669959251E-006
   6.66666701E-02  0.200000003       8.2651719278406433E-006
  0.100000001      0.200000003       1.2534010601694241E-005
  0.133333340      0.200000003       2.2939621754501209E-005
  0.166666672      0.200000003       4.8879060674735599E-005
  0.200000003      0.200000003       7.2017953102562841E-005
  0.233333334      0.200000003       8.3955731712269082E-005
  0.266666681      0.200000003       8.9354454738361860E-005
  0.300000012      0.200000003       9.1883057848837890E-005
  0.333333343      0.200000003       9.3139943999886592E-005
  0.366666675      0.200000003       9.3743075833004318E-005
  0.400000006      0.200000003       9.3894477894792552E-005
  0.433333337      0.200000003       9.3619998960489578E-005
  0.466666669      0.200000003       9.2872299065262627E-005
  0.500000000      0.200000003       9.1577694489230495E-005
  0.533333361      0.200000003       8.9660365284819840E-005
  0.566666663      0.200000003       8.7057282748115208E-005
  0.600000024      0.200000003       8.3728807859227385E-005
  0.633333325      0.200000003       7.9666380975843909E-005
  0.666666687      0.200000003       7.4897318717704638E-005
  0.699999988      0.200000003       6.9486338994781443E-005
  0.733333349      0.200000003       6.3533920086891092E-005
  0.766666651      0.200000003       5.7171349385981665E-005
  0.800000012      0.200000003       5.0553672921823707E-005
  0.833333313      0.200000003       4.3855720051857989E-005
  0.866666675      0.200000003       3.7267625134106651E-005
  0.899999976      0.200000003       3.0999602235218785E-005
  0.933333337      0.200000003       2.5348106181902885E-005
  0.966666639      0.200000003       2.0870390801242260E-005
   1.00000000      0.200000003       1.8811457789265134E-005
   0.00000000      0.233333334       7.3551791339494679E-006
   3.33333351E-02  0.233333334       8.8356569508850790E-006
   6.66666701E-02  0.233333334       1.2290413006309029E-005
  0.100000001      0.233333334       1.9360426093208532E-005
  0.133333340      0.233333334       3.4373735082652433E-005
  0.166666672      0.233333334       6.0106041122256842E-005
  0.200000003      0.233333334       8.3955731712269082E-005
  0.233333334      0.233333334       9.9576254590518694E-005
  0.266666681      0.233333334       1.0847419708303799E-004
  0.300000012      0.233333334       1.1338931955376613E-004
  0.333333343      0.233333334       1.1613881649981476E-004
  0.366666675      0.233333334       1.1766730039432824E-004
  0.400000006      0.233333334       1.1839752803311236E-004
  0.433333337      0.233333334       1.1847629837731351E-004
  0.466666669      0.233333334       1.1791171020358957E-004
  0.500000000      0.233333334       1.1664684690552114E-004
  0.533333361      0.233333334       1.1460127812231084E-004
  0.566666663      0.233333334       1.1169701006213332E-004
  0.600000024      0.233333334       1.0787669742281543E-004
  0.633333325      0.233333334       1.0311720126285188E-004
  0.666666687      0.233333334       9.7439137158245319E-005
  0.699999988      0.233333334       9.0911951718933477E-005
  0.733333349      0.233333334       8.3653942126975115E-005
  0.766666651      0.233333334       7.5827152836821613E-005
  0.800000012      0.233333334       6.7629186439450479E-005
  0.833333313      0.233333334       5.9284533908501988E-005
  0.866666675      0.233333334       5.1041275955933792E-005
  0.899999976      0.233333334       4.3187602186819268E-005
  0.933333337      0.233333334       3.6129748732707676E-005
  0.966666639      0.233333334       3.0609039747855335E-005
   1.00000000      0.233333334       2.8133083507497666E-005
   0.00000000      0.266666681       1.0208615397687481E-005
   3.33333351E-02  0.266666681       1.2384717161317581E-005
   6.66666701E-02  0.266666681       1.7258242267880917E-005
  0.100000001      0.266666681       2.6340007017409361E-005
  0.133333340      0.266666681       4.2316796140566991E-005
  0.166666672      0.266666681       6.5562346700928851E-005
  0.200000003      0.266666681       8.9354454738361860E-005
  0.233333334      0.266666681       1.0847419708303799E-004
  0.266666681      0.266666681       1.2204358626619532E-004
  0.300000012      0.266666681       1.3124609596268741E-004
  0.333333343      0.266666681       1.3746897397620174E-004
  0.366666675      0.266666681       1.4170550367144716E-004
  0.400000006      0.266666681       1.4453444515342392E-004
  0.433333337      0.266666681       1.4623666389895125E-004
  0.466666669      0.266666681       1.4690545776645481E-004
  0.500000000      0.266666681       1.4652575286258751E-004
  0.533333361      0.266666681       1.4502823506619224E-004
  0.566666663      0.266666681       1.4232778646040175E-004
  0.600000024      0.266666681       1.3835271294512268E-004
  0.633333325      0.266666681       1.3306796801019553E-004
  0.666666687      0.266666681       1.2649304324808668E-004
  0.699999988      0.266666681       1.1871355468966741E-004
  0.733333349      0.266666681       1.0988496149396361E-004
  0.766666651      0.266666681       1.0022764596865393E-004
  0.800000012      0.266666681       9.0015106011425534E-005
  0.833333313      0.266666681       7.9559696215147940E-005
  0.866666675      0.266666681       6.9206797868370102E-005
  0.899999976      0.266666681       5.9357270083820090E-005
  0.933333337      0.266666681       5.0562528610998190E-005
  0.966666639      0.266666681       4.3791800893398667E-005
   1.00000000      0.266666681       4.0810461079937967E-005
   0.00000000      0.300000012       1.3795339747883838E-005
   3.33333351E-02  0.300000012       1.6472532783635902E-005
   6.66666701E-02  0.300000012       2.2194400831928702E-005
  0.100000001      0.300000012       3.1975274242136295E-005
  0.133333340      0.300000012       4.7388049735783838E-005
  0.166666672      0.300000012       6.8576945913817071E-005
  0.200000003      0.300000012       9.1883057848837890E-005
  0.233333334      0.300000012       1.1338931955376613E-004
  0.266666681      0.300000012       1.3124609596268741E-004
  0.300000012      0.300000012       1.4533847072735294E-004
  0.333333343      0.300000012       1.5627814016197909E-004
  0.366666675      0.300000012       1.6475237565433413E-004
  0.400000006      0.300000012       1.7127439555114581E-004
  0.433333337      0.300000012       1.7614329581157483E-004
  0.466666669      0.300000012       1.7947942858960748E-004
  0.500000000      0.300000012       1.8127635299183007E-004
  0.533333361      0.300000012       1.8145055098311218E-004
  0.566666663      0.300000012       1.7988562729678574E-004
  0.600000024      0.300000012       1.7647191403416832E-004
  0.633333325      0.300000012       1.7114222946778353E-004
  0.666666687      0.300000012       1.6390287887462431E-004
  0.699999988      0.300000012       1.5485705804265781E-004
  0.733333349      0.300000012       1.4421655839571158E-004
  0.766666651      0.300000012       1.3229831115124386E-004
  0.800000012      0.300000012       1.1950609373373341E-004
  0.833333313      0.300000012       1.0630463838530181E-004
  0.866666675      0.300000012       9.3203157400758587E-005
  0.899999976      0.300000012       8.0776976592465249E-005
  0.933333337      0.300000012       6.9782125865897813E-005
  0.966666639      0.300000012       6.1459171684102409E-005
   1.00000000      0.300000012       5.7830558526151171E-005
   0.00000000      0.333333343       1.7583369581286572E-005
   3.33333351E-02  0.333333343       2.0433583303025075E-005
   6.66666701E-02  0.333333343       2.6388608900795818E-005
  0.100000001      0.333333343       3.6143534629646648E-005
  0.133333340      0.333333343       5.0762789190578271E-005
  0.166666672      0.333333343       7.0433549458178712E-005
  0.200000003      0.333333343       9.3139943999886592E-005
  0.233333334      0.333333343       1.1613881649981476E-004
  0.266666681      0.333333343       1.3746897397620174E-004
  0.300000012      0.333333343       1.5627814016197909E-004
  0.333333343      0.333333343       1.7246727766912425E-004
  0.366666675      0.333333343       1.8625577714672897E-004
  0.400000006      0.333333343       1.9789967488672308E-004
  0.433333337      0.333333343       2.0756204653552275E-004
  0.466666669      0.333333343       2.1527655385199135E-004
  0.500000000      0.333333343       2.2095733405699613E-004
  0.533333361      0.333333343       2.2443011422370397E-004
  0.566666663      0.333333343       2.2547375226718725E-004
  0.600000024      0.333333343       2.2386808741063979E-004
  0.633333325      0.333333343       2.1944573619421895E-004
  0.666666687      0.333333343       2.1214431351693634E-004
  0.699999988      0.333333343       2.0205269009017154E-004
  0.733333349      0.333333343       1.8944162600804165E-004
  0.766666651      0.333333343       1.7476804006433824E-004
  0.800000012      0.333333343       1.5864745926409793E-004
  0.833333313      0.333333343       1.4180370013050877E-004
  0.866666675      0.333333343       1.2502442585195353E-004
  0.899999976      0.333333343       1.0916730184767914E-004
  0.933333337      0.333333343       9.5284861821132963E-005
  0.966666639      0.333333343       8.4946558255020440E-005
   1.00000000      0.333333343       8.0438201686669432E-005
   0.00000000      0.366666675       2.0953870877293810E-005
   3.33333351E-02  0.366666675       2.3779573354673964E-005
   6.66666701E-02  0.366666675       2.9667583777629020E-005
  0.100000001      0.366666675       3.9165663072949529E-005
  0.133333340      0.366666675       5.3059691905342653E-005
  0.166666672      0.366666675       7.1605141774307548E-005
  0.200000003      0.366666675       9.3743075833004318E-005
  0.233333334      0.366666675       1.1766730039432824E-004
  0.266666681      0.366666675       1.4170550367144716E-004
  0.300000012      0.366666675       1.6475237565433413E-004
  0.333333343      0.366666675       1.8625577714672897E-004
  0.366666675      0.366666675       2.0601054174023401E-004
  0.400000006      0.366666675       2.2394849082486010E-004
  0.433333337      0.366666675       2.3999389671711178E-004
  0.466666669      0.366666675       2.5398623542602984E-004
  0.500000000      0.366666675       2.6565280098198669E-004
  0.533333361      0.366666675       2.7461580976250192E-004
  0.566666663      0.366666675       2.8042518883221262E-004
  0.600000024      0.366666675       2.8261298776530424E-004
  0.633333325      0.366666675       2.8076682265258413E-004
  0.666666687      0.366666675       2.7461777146243701E-004
  0.699999988      0.366666675       2.6413248517368490E-004
  0.733333349      0.366666675       2.4959031258912294E-004
  0.766666651      0.366666675       2.3161774207078225E-004
  0.800000012      0.366666675       2.1115537212750815E-004
  0.833333313      0.366666675       1.8936084420387463E-004
  0.866666675      0.366666675       1.6749891353071887E-004
  0.899999976      0.366666675       1.4689694502754898E-004
  0.933333337      0.366666675       1.2905420854894285E-004
  0.966666639      0.366666675       1.1595781673697376E-004
   1.00000000      0.366666675       1.1017854915394741E-004
   0.00000000      0.400000006       2.3533421011676686E-005
   3.33333351E-02  0.400000006       2.6311343185020765E-005
   6.66666701E-02  0.400000006       3.2072300950472578E-005
  0.100000001      0.400000006       4.1281302535051508E-005
  0.133333340      0.400000006       5.4566013280788055E-005
  0.166666672      0.400000006       7.2256876902736670E-005
  0.200000003      0.400000006       9.3894477894792552E-005
  0.233333334      0.400000006       1.1839752803311236E-004
  0.266666681      0.400000006       1.4453444515342392E-004
  0.300000012      0.400000006       1.7127439555114581E-004
  0.333333343      0.400000006       1.9789967488672308E-004
  0.366666675      0.400000006       2.2394849082486010E-004
  0.400000006      0.400000006       2.4909169045359865E-004
  0.433333337      0.400000006       2.7301123622168369E-004
  0.466666669      0.400000006       2.9530838913727740E-004
  0.500000000      0.400000006       3.1544777482434428E-004
  0.533333361      0.400000006       3.3273704731577461E-004
  0.566666663      0.400000006       3.4634277821631661E-004
  0.600000024      0.400000006       3.5534574141786164E-004
  0.633333325      0.400000006       3.5883972440057475E-004
  0.666666687      0.400000006       3.5607505313827446E-004
  0.699999988      0.400000006       3.4663803714820912E-004
  0.733333349      0.400000006       3.3063646071625934E-004
  0.766666651      0.400000006       3.0882997677134100E-004
  0.800000012      0.400000006       2.8262510759627217E-004
  0.833333313      0.400000006       2.5389911208934966E-004
  0.866666675      0.400000006       2.2474392136416453E-004
  0.899999976      0.400000006       1.9728930381723327E-004
  0.933333337      0.400000006       1.7373895409458881E-004
  0.966666639      0.400000006       1.5664676021428988E-004
   1.00000000      0.400000006       1.4892267115977414E-004
   0.00000000      0.433333337       2.5194873748397964E-005
   3.33333351E-02  0.433333337       2.7983091499465116E-005
   6.66666701E-02  0.433333337       3.3657174882300203E-005
  0.100000001      0.433333337       4.2616204829987661E-005
  0.133333340      0.433333337       5.5402687855203619E-005
  0.166666672      0.433333337       7.2422637971402749E-005
  0.200000003      0.433333337       9.3619998960489578E-005
  0.233333334      0.433333337       1.1847629837731351E-004
  0.266666681      0.433333337       1.4623666389895125E-004
  0.300000012      0.433333337       1.7614329581157483E-004
  0.333333343      0.433333337       2.0756204653552275E-004
  0.366666675      0.433333337       2.3999389671711178E-004
  0.400000006      0.433333337       2.7301123622168369E-004
  0.433333337      0.433333337       3.0616181744252133E-004
  0.466666669      0.433333337       3.3886934214008731E-004
  0.500000000      0.433333337       3.7034737472209356E-004
  0.533333361      0.433333337       3.9953831631597196E-004
  0.566666663      0.433333337       4.2509039095833280E-004
  0.600000024      0.433333337       4.4539002171974345E-004
  0.633333325      0.433333337       4.5867161086656107E-004
  0.666666687      0.433333337       4.6322784552607047E-004
  0.699999988      0.433333337       4.5773359529983112E-004
  0.733333349      0.433333337       4.4165903222377156E-004
  0.766666651      0.433333337       4.1566285893086786E-004
  0.800000012      0.433333337       3.8174787497602565E-004
  0.833333313      0.433333337       3.4298087568327389E-004
  0.866666675      0.433333337       3.0291702074789146E-004
  0.899999976      0.433333337       2.6509942093251311E-004
  0.933333337      0.433333337       2.3289476764933034E-004
  0.966666639      0.433333337       2.0968452911580902E-004
   1.00000000      0.433333337       1.9883545787029259E-004
   0.00000000      0.466666669       2.5940262466232232E-005
   3.33333351E-02  0.466666669       2.8809297017297843E-005
   6.66666701E-02  0.466666669       3.4461987481043544E-005
  0.100000001      0.466666669       4.3229702852662887E-005
  0.133333340      0.466666669       5.5609741107931048E-005
  0.166666672      0.466666669       7.2079860819235323E-005
  0.200000003      0.466666669       9.2872299065262627E-005
  0.233333334      0.466666669       1.1791171020358957E-004
  0.266666681      0.466666669       1.4690545776645481E-004
  0.300000012      0.466666669       1.7947942858960748E-004
  0.333333343      0.466666669       2.1527655385199135E-004
  0.366666675      0.466666669       2.5398623542602984E-004
  0.400000006      0.466666669       2.9530838913727740E-004
  0.433333337      0.466666669       3.3886934214008731E-004
  0.466666669      0.466666669       3.8410697961190082E-004
  0.500000000      0.466666669       4.3013973982091586E-004
  0.533333361      0.466666669       4.7563476127216093E-004
  0.566666663      0.466666669       5.1869713009430971E-004
  0.600000024      0.466666669       5.5681493935181149E-004
  0.633333325      0.466666669       5.8691290758294454E-004
  0.666666687      0.466666669       6.0558806397088632E-004
  0.699999988      0.466666669       6.0961384205998679E-004
  0.733333349      0.466666669       5.9676548211740207E-004
  0.766666651      0.466666669       5.6684906708714326E-004
  0.800000012      0.466666669       5.2243890011517680E-004
  0.833333313      0.466666669       4.6856896173234810E-004
  0.866666675      0.466666669       4.1146299742229116E-004
  0.899999976      0.466666669       3.5724646781202412E-004
  0.933333337      0.466666669       3.1129022461991521E-004
  0.966666639      0.466666669       2.7825991057704177E-004
   1.00000000      0.466666669       2.6220588500374602E-004
   0.00000000      0.500000000       2.5832635757476333E-005
   3.33333351E-02  0.500000000       2.8837466661965386E-005
   6.66666701E-02  0.500000000       3.4524969742018833E-005
  0.100000001      0.500000000       4.3152805166288402E-005
  0.133333340      0.500000000       5.5192461020837739E-005
  0.166666672      0.500000000       7.1185307893454930E-005
  0.200000003      0.500000000       9.1577694489230495E-005
  0.233333334      0.500000000       1.1664684690552114E-004
  0.266666681      0.500000000       1.4652575286258751E-004
  0.300000012      0.500000000       1.8127635299183007E-004
  0.333333343      0.500000000       2.2095733405699613E-004
  0.366666675      0.500000000       2.6565280098198669E-004
  0.400000006      0.500000000       3.1544777482434428E-004
  0.433333337      0.500000000       3.7034737472209356E-004
  0.466666669      0.500000000       4.3013973982091586E-004
  0.500000000      0.500000000       4.9420342287007655E-004
  0.533333361      0.500000000       5.6126387956459683E-004
  0.566666663      0.500000000       6.2911586383402967E-004
  0.600000024      0.500000000       6.9435377504549175E-004
  0.633333325      0.500000000       7.5219585841359736E-004
  0.666666687      0.500000000       7.9655786049383389E-004
  0.699999988      0.500000000       8.2062922518960375E-004
  0.733333349      0.500000000       8.1828000716424110E-004
  0.766666651      0.500000000       7.8644144199458484E-004
  0.800000012      0.500000000       7.2761686996818424E-004
  0.833333313      0.500000000       6.5009402947348164E-004
  0.866666675      0.500000000       5.6517340473688819E-004
  0.899999976      0.500000000       4.8390467271972092E-004
  0.933333337      0.500000000       4.1524105791226310E-004
  0.966666639      0.500000000       3.6590184916298555E-004
   1.00000000      0.500000000       3.4099868771630189E-004
   0.00000000      0.533333361       2.4968576596871346E-005
   3.33333351E-02  0.533333361       2.8140560127226554E-005
   6.66666701E-02  0.533333361       3.3894398937579746E-005
  0.100000001      0.533333361       4.2411879245474507E-005
  0.133333340      0.533333361       5.4147562906213878E-005
  0.166666672      0.533333361       6.9694817829403375E-005
  0.200000003      0.533333361       8.9660365284819840E-005
  0.233333334      0.533333361       1.1460127812231084E-004
  0.266666681      0.533333361       1.4502823506619224E-004
  0.300000012      0.533333361       1.8145055098311218E-004
  0.333333343      0.533333361       2.2443011422370397E-004
  0.366666675      0.533333361       2.7461580976250192E-004
  0.400000006      0.533333361       3.3273704731577461E-004
  0.433333337      0.533333361       3.9953831631597196E-004
  0.466666669      0.533333361       4.7563476127216093E-004
  0.500000000      0.533333361       5.6126387956459683E-004
  0.533333361      0.533333361       6.5590564904956824E-004
  0.566666663      0.533333361       7.5775058389454769E-004
  0.600000024      0.533333361       8.6302446261812057E-004
  0.633333325      0.533333361       9.6524951868262035E-004
  0.666666687      0.533333361       1.0546704793336042E-003
  0.699999988      0.533333361       1.1183638670793626E-003
  0.733333349      0.533333361       1.1420176606151665E-003
  0.766666651      0.533333361       1.1146961985765073E-003
  0.800000012      0.533333361       1.0361689148102151E-003
  0.833333313      0.533333361       9.1999548555814410E-004
  0.866666675      0.533333361       7.8765753660647734E-004
  0.899999976      0.533333361       6.6010023914191964E-004
  0.933333337      0.533333361       5.5287414339752895E-004
  0.966666639      0.533333361       4.7592952542765233E-004
   1.00000000      0.533333361       4.3591503760515954E-004
   0.00000000      0.566666663       2.3465847640612533E-005
   3.33333351E-02  0.566666663       2.6812331120412881E-005
   6.66666701E-02  0.566666663       3.2633986941349810E-005
  0.100000001      0.566666663       4.1041902592439485E-005
  0.133333340      0.566666663       5.2478672803467867E-005
  0.166666672      0.566666663       6.7575923913135426E-005
  0.200000003      0.566666663       8.7057282748115208E-005
  0.233333334      0.566666663       1.1169701006213332E-004
  0.266666681      0.566666663       1.4232778646040175E-004
  0.300000012      0.566666663       1.7988562729678574E-004
  0.333333343      0.566666663       2.2547375226718725E-004
  0.366666675      0.566666663       2.8042518883221262E-004
  0.400000006      0.566666663       3.4634277821631661E-004
  0.433333337      0.566666663       4.2509039095833280E-004
  0.466666669      0.566666663       5.1869713009430971E-004
  0.500000000      0.566666663       6.2911586383402967E-004
  0.533333361      0.566666663       7.5775058389454769E-004
  0.566666663      0.566666663       9.0464169333803876E-004
  0.600000024      0.566666663       1.0671933304409913E-003
  0.633333325      0.566666663       1.2383825108076938E-003
  0.666666687      0.566666663       1.4045945400008733E-003
  0.699999988      0.566666663       1.5437870580959554E-003
  0.733333349      0.566666663       1.6260357060410265E-003
  0.766666651      0.566666663       1.6209830804570018E-003
  0.800000012      0.566666663       1.5166632581162319E-003
  0.833333313      0.566666663       1.3345093023206809E-003
  0.866666675      0.566666663       1.1176715677096772E-003
  0.899999976      0.566666663       9.0816446494301816E-004
  0.933333337      0.566666663       7.3413217801560819E-004
  0.966666639      0.566666663       6.1022417094598299E-004
   1.00000000      0.566666663       5.4470445972385341E-004
   0.00000000      0.600000024       2.1457141929677275E-005
   3.33333351E-02  0.600000024       2.4963141876904279E-005
   6.66666701E-02  0.600000024       3.0823692499259379E-005
  0.100000001      0.600000024       3.9092801426214926E-005
  0.133333340      0.600000024       5.0205349871842840E-005
  0.166666672      0.600000024       6.4816484519183737E-005
  0.200000003      0.600000024       8.3728807859227385E-005
  0.233333334      0.600000024       1.0787669742281543E-004
  0.266666681      0.600000024       1.3835271294512268E-004
  0.300000012      0.600000024       1.7647191403416832E-004
  0.333333343      0.600000024       2.2386808741063979E-004
  0.366666675      0.600000024       2.8261298776530424E-004
  0.400000006      0.600000024       3.5534574141786164E-004
  0.433333337      0.600000024       4.4539002171974345E-004
  0.466666669      0.600000024       5.5681493935181149E-004
  0.500000000      0.600000024       6.9435377504549175E-004
  0.533333361      0.600000024       8.6302446261812057E-004
  0.566666663      0.600000024       1.0671933304409913E-003
  0.600000024      0.600000024       1.3087008839647797E-003
  0.633333325      0.600000024       1.5835724380713749E-003
  0.666666687      0.600000024       1.8769132714315999E-003
  0.699999988      0.600000024       2.1561763433657105E-003
  0.733333349      0.600000024       2.3650574807848354E-003
  0.766666651      0.600000024       2.4286264100550838E-003
  0.800000012      0.600000024       2.2954505999013795E-003
  0.833333313      0.600000024       1.9951963578586601E-003
  0.866666675      0.600000024       1.6202682134962671E-003
  0.899999976      0.600000024       1.2607449661753444E-003
  0.933333337      0.600000024       9.6968039225308993E-004
  0.966666639      0.600000024       7.6675472709609148E-004
   1.00000000      0.600000024       6.5952548594422507E-004
   0.00000000      0.633333325       1.9086243345988298E-005
   3.33333351E-02  0.633333325       2.2716033850871763E-005
   6.66666701E-02  0.633333325       2.8557343401485217E-005
  0.100000001      0.633333325       3.6630976191117585E-005
  0.133333340      0.633333325       4.7367568158107403E-005
  0.166666672      0.633333325       6.1430227530404687E-005
  0.200000003      0.633333325       7.9666380975843909E-005
  0.233333334      0.633333325       1.0311720126285188E-004
  0.266666681      0.633333325       1.3306796801019553E-004
  0.300000012      0.633333325       1.7114222946778353E-004
  0.333333343      0.633333325       2.1944573619421895E-004
  0.366666675      0.633333325       2.8076682265258413E-004
  0.400000006      0.633333325       3.5883972440057475E-004
  0.433333337      0.633333325       4.5867161086656107E-004
  0.466666669      0.633333325       5.8691290758294454E-004
  0.500000000      0.633333325       7.5219585841359736E-004
  0.533333361      0.633333325       9.6524951868262035E-004
  0.566666663      0.633333325       1.2383825108076938E-003
  0.600000024      0.633333325       1.5835724380713749E-003
  0.633333325      0.633333325       2.0079128118592865E-003
  0.666666687      0.633333325       2.5046231547898277E-003
  0.699999988      0.633333325       3.0367989960616961E-003
  0.733333349      0.633333325       3.5119707812015298E-003
  0.766666651      0.633333325       3.7619512526377128E-003
  0.800000012      0.633333325       3.6155787470440915E-003
  0.833333313      0.633333325       3.0927743037787669E-003
  0.866666675      0.633333325       2.4057515355031056E-003
  0.899999976      0.633333325       1.7628634470434339E-003
  0.933333337      0.633333325       1.2669305098068728E-003
  0.966666639      0.633333325       9.3522596095704596E-004
   1.00000000      0.633333325       7.6369070262418586E-004
   0.00000000      0.666666687       1.6504811701123338E-005
   3.33333351E-02  0.666666687       2.0200302724055963E-005
   6.66666701E-02  0.666666687       2.5937848141263539E-005
  0.100000001      0.666666687       3.3737601013086134E-005
  0.133333340      0.666666687       4.4026561468288761E-005
  0.166666672      0.666666687       5.7459294152395658E-005
  0.200000003      0.666666687       7.4897318717704638E-005
  0.233333334      0.666666687       9.7439137158245319E-005
  0.266666681      0.666666687       1.2649304324808668E-004
  0.300000012      0.666666687       1.6390287887462431E-004
  0.333333343      0.666666687       2.1214431351693634E-004
  0.366666675      0.666666687       2.7461777146243701E-004
  0.400000006      0.666666687       3.5607505313827446E-004
  0.433333337      0.666666687       4.6322784552607047E-004
  0.466666669      0.666666687       6.0558806397088632E-004
  0.500000000      0.666666687       7.9655786049383389E-004
  0.533333361      0.666666687       1.0546704793336042E-003
  0.566666663      0.666666687       1.4045945400008733E-003
  0.600000024      0.666666687       1.8769132714315999E-003
  0.633333325      0.666666687       2.5046231547898277E-003
  0.666666687      0.666666687       3.3116956345286969E-003
  0.699999988      0.666666687       4.2836484634616329E-003
  0.733333349      0.666666687       5.3016118615539093E-003
  0.766666651      0.666666687       6.0294711109886373E-003
  0.800000012      0.666666687       5.9613984552598451E-003
  0.833333313      0.666666687       4.9974198865737531E-003
  0.866666675      0.666666687       3.6577066227404561E-003
  0.899999976      0.666666687       2.4673611451839013E-003
  0.933333337      0.666666687       1.6196904886111136E-003
  0.966666639      0.666666687       1.0908580814363296E-003
   1.00000000      0.666666687       8.2967198750378635E-004
   0.00000000      0.699999988       1.3870264979356139E-005
   3.33333351E-02  0.699999988       1.7537728012175831E-005
   6.66666701E-02  0.699999988       2.3067054404140658E-005
  0.100000001      0.699999988       3.0505595714695028E-005
  0.133333340      0.699999988       4.0263604735649486E-005
  0.166666672      0.699999988       5.2973931529859132E-005
  0.200000003      0.699999988       6.9486338994781443E-005
  0.233333334      0.699999988       9.0911951718933477E-005
  0.266666681      0.699999988       1.1871355468966741E-004
  0.300000012      0.699999988       1.5485705804265781E-004
  0.333333343      0.699999988       2.0205269009017154E-004
  0.366666675      0.699999988       2.6413248517368490E-004
  0.400000006      0.699999988       3.4663803714820912E-004
  0.433333337      0.699999988       4.5773359529983112E-004
  0.466666669      0.699999988       6.0961384205998679E-004
  0.500000000      0.699999988       8.2062922518960375E-004
  0.533333361      0.699999988       1.1183638670793626E-003
  0.566666663      0.699999988       1.5437870580959554E-003
  0.600000024      0.699999988       2.1561763433657105E-003
  0.633333325      0.699999988       3.0367989960616961E-003
  0.666666687      0.699999988       4.2836484634616329E-003
  0.699999988      0.699999988       5.9754205816263985E-003
  0.733333349      0.699999988       8.0465051378159867E-003
  0.766666651      0.699999988       9.9408868586470158E-003
  0.800000012      0.699999988       1.0307931428246424E-002
  0.833333313      0.699999988       8.4414115442449505E-003
  0.866666675      0.699999988       5.6552051580399058E-003
  0.899999976      0.699999988       3.4093231573026806E-003
  0.933333337      0.699999988       1.9869259834672578E-003
  0.966666639      0.699999988       1.1892470230449393E-003
   1.00000000      0.699999988       8.2296204809476352E-004
   0.00000000      0.733333349       1.1310377641084607E-005
   3.33333351E-02  0.733333349       1.4817556887902902E-005
   6.66666701E-02  0.733333349       2.0041583510902323E-005
  0.100000001      0.733333349       2.7034337500977522E-005
  0.133333340      0.733333349       3.6176412415111109E-005
  0.166666672      0.733333349       4.8070110156231839E-005
  0.200000003      0.733333349       6.3533920086891092E-005
  0.233333334      0.733333349       8.3653942126975115E-005
  0.266666681      0.733333349       1.0988496149396361E-004
  0.300000012      0.733333349       1.4421655839571158E-004
  0.333333343      0.733333349       1.8944162600804165E-004
  0.366666675      0.733333349       2.4959031258912294E-004
  0.400000006      0.733333349       3.3063646071625934E-004
  0.433333337      0.733333349       4.4165903222377156E-004
  0.466666669      0.733333349       5.9676548211740207E-004
  0.500000000      0.733333349       8.1828000716424110E-004
  0.533333361      0.733333349       1.1420176606151665E-003
  0.566666663      0.733333349       1.6260357060410265E-003
  0.600000024      0.733333349       2.3650574807848354E-003
  0.633333325      0.733333349       3.5119707812015298E-003
  0.666666687      0.733333349       5.3016118615539093E-003
  0.699999988      0.733333349       8.0465051378159867E-003
  0.733333349      0.733333349       1.1987229296507248E-002
  0.766666651      0.733333349       1.6535965190987045E-002
  0.800000012      0.733333349       1.8469736608361809E-002
  0.833333313      0.733333349       1.4847157329716889E-002
  0.866666675      0.733333349       8.7349015634735697E-003
  0.899999976      0.733333349       4.5263925712656127E-003
  0.933333337      0.733333349       2.2636035579954002E-003
  0.966666639      0.733333349       1.1723368519470955E-003
   1.00000000      0.733333349       7.1790020051028453E-004
   0.00000000      0.766666651       8.7901680579142668E-006
   3.33333351E-02  0.766666651       1.2092055092180443E-005
   6.66666701E-02  0.766666651       1.6959968426420637E-005
  0.100000001      0.766666651       2.3432004867105839E-005
  0.133333340      0.766666651       3.1876958213926761E-005
  0.166666672      0.766666651       4.2865445634044887E-005
  0.200000003      0.766666651       5.7171349385981665E-005
  0.233333334      0.766666651       7.5827152836821613E-005
  0.266666681      0.766666651       1.0022764596865393E-004
  0.300000012      0.766666651       1.3229831115124386E-004
  0.333333343      0.766666651       1.7476804006433824E-004
  0.366666675      0.766666651       2.3161774207078225E-004
  0.400000006      0.766666651       3.0882997677134100E-004
  0.433333337      0.766666651       4.1566285893086786E-004
  0.466666669      0.766666651       5.6684906708714326E-004
  0.500000000      0.766666651       7.8644144199458484E-004
  0.533333361      0.766666651       1.1146961985765073E-003
  0.566666663      0.766666651       1.6209830804570018E-003
  0.600000024      0.766666651       2.4286264100550838E-003
  0.633333325      0.766666651       3.7619512526377128E-003
  0.666666687      0.766666651       6.0294711109886373E-003
  0.699999988      0.766666651       9.9408868586470158E-003
  0.733333349      0.766666651       1.6535965190987045E-002
  0.766666651      0.766666651       2.5879438327921882E-002
  0.800000012      0.766666651       3.0950455469227450E-002
  0.833333313      0.766666651       2.5309736144158313E-002
  0.866666675      0.766666651       1.3420915627535574E-002
  0.899999976      0.766666651       5.4207898617403914E-003
  0.933333337      0.766666651       2.2926725718929401E-003
  0.966666639      0.766666651       9.9910802515433073E-004
   1.00000000      0.766666651       5.2429579460532135E-004
   0.00000000      0.800000012       6.2736515045459221E-006
   3.33333351E-02  0.800000012       9.4668783109189429E-006
   6.66666701E-02  0.800000012       1.3945775890191115E-005
  0.100000001      0.800000012       1.9817963732803213E-005
  0.133333340      0.800000012       2.7484591190774784E-005
  0.166666672      0.800000012       3.7491024542361183E-005
  0.200000003      0.800000012       5.0553672921823707E-005
  0.233333334      0.800000012       6.7629186439450479E-005
  0.266666681      0.800000012       9.0015106011425534E-005
  0.300000012      0.800000012       1.1950609373373341E-004
  0.333333343      0.800000012       1.5864745926409793E-004
  0.366666675      0.800000012       2.1115537212750815E-004
  0.400000006      0.800000012       2.8262510759627217E-004
  0.433333337      0.800000012       3.8174787497602565E-004
  0.466666669      0.800000012       5.2243890011517680E-004
  0.500000000      0.800000012       7.2761686996818424E-004
  0.533333361      0.800000012       1.0361689148102151E-003
  0.566666663      0.800000012       1.5166632581162319E-003
  0.600000024      0.800000012       2.2954505999013795E-003
  0.633333325      0.800000012       3.6155787470440915E-003
  0.666666687      0.800000012       5.9613984552598451E-003
  0.699999988      0.800000012       1.0307931428246424E-002
  0.733333349      0.800000012       1.8469736608361809E-002
  0.766666651      0.800000012       3.0950455469227450E-002
  0.800000012      0.800000012       3.7884295371480040E-002
  0.833333313      0.800000012       3.1702740060606652E-002
  0.866666675      0.800000012       1.7155458803536496E-002
  0.899999976      0.800000012       5.6490587394516460E-003
  0.933333337      0.800000012       1.9216687225335444E-003
  0.966666639      0.800000012       7.0063648093875760E-004
   1.00000000      0.800000012       3.0138026696217591E-004
   0.00000000      0.833333313       4.4038946770778571E-006
   3.33333351E-02  0.833333313       7.2345692923945354E-006
   6.66666701E-02  0.833333313       1.1137276390998073E-005
  0.100000001      0.833333313       1.6300807931764991E-005
  0.133333340      0.833333313       2.3124256599708649E-005
  0.166666672      0.833333313       3.2092628559891748E-005
  0.200000003      0.833333313       4.3855720051857989E-005
  0.233333334      0.833333313       5.9284533908501988E-005
  0.266666681      0.833333313       7.9559696215147940E-005
  0.300000012      0.833333313       1.0630463838530181E-004
  0.333333343      0.833333313       1.4180370013050877E-004
  0.366666675      0.833333313       1.8936084420387463E-004
  0.400000006      0.833333313       2.5389911208934966E-004
  0.433333337      0.833333313       3.4298087568327389E-004
  0.466666669      0.833333313       4.6856896173234810E-004
  0.500000000      0.833333313       6.5009402947348164E-004
  0.533333361      0.833333313       9.1999548555814410E-004
  0.566666663      0.833333313       1.3345093023206809E-003
  0.600000024      0.833333313       1.9951963578586601E-003
  0.633333325      0.833333313       3.0927743037787669E-003
  0.666666687      0.833333313       4.9974198865737531E-003
  0.699999988      0.833333313       8.4414115442449505E-003
  0.733333349      0.833333313       1.4847157329716889E-002
  0.766666651      0.833333313       2.5309736144158313E-002
  0.800000012      0.833333313       3.1702740060606652E-002
  0.833333313      0.833333313       2.6819997071537746E-002
  0.866666675      0.833333313       1.4576355781660784E-002
  0.899999976      0.833333313       4.4036845955013719E-003
  0.933333337      0.833333313       1.2425876627877690E-003
  0.966666639      0.833333313       3.8533450446164838E-004
   1.00000000      0.833333313       1.2567612097000855E-004
   0.00000000      0.866666675       2.8622491955336343E-006
   3.33333351E-02  0.866666675       5.3685486291941650E-006
   6.66666701E-02  0.866666675       8.5181647595248460E-006
  0.100000001      0.866666675       1.2967697294852650E-005
  0.133333340      0.866666675       1.8919202480929917E-005
  0.166666672      0.866666675       2.6825166922928267E-005
  0.200000003      0.866666675       3.7267625134106651E-005
  0.233333334      0.866666675       5.1041275955933792E-005
  0.266666681      0.866666675       6.9206797868370102E-005
  0.300000012      0.866666675       9.3203157400758587E-005
  0.333333343      0.866666675       1.2502442585195353E-004
  0.366666675      0.866666675       1.6749891353071887E-004
  0.400000006      0.866666675       2.2474392136416453E-004
  0.433333337      0.866666675       3.0291702074789146E-004
  0.466666669      0.866666675       4.1146299742229116E-004
  0.500000000      0.866666675       5.6517340473688819E-004
  0.533333361      0.866666675       7.8765753660647734E-004
  0.566666663      0.866666675       1.1176715677096772E-003
  0.600000024      0.866666675       1.6202682134962671E-003
  0.633333325      0.866666675       2.4057515355031056E-003
  0.666666687      0.866666675       3.6577066227404561E-003
  0.699999988      0.866666675       5.6552051580399058E-003
  0.733333349      0.866666675       8.7349015634735697E-003
  0.766666651      0.866666675       1.3420915627535574E-002
  0.800000012      0.866666675       1.7155458803536496E-002
  0.833333313      0.866666675       1.4576355781660784E-002
  0.866666675      0.866666675       7.5389770809431650E-003
  0.899999976      0.866666675       2.0312902687362288E-003
  0.933333337      0.866666675       5.8505488460985303E-004
  0.966666639      0.866666675       1.5460134442967969E-004
   1.00000000      0.866666675       3.3865541330200130E-005
   0.00000000      0.899999976       1.9644181895553013E-006
   3.33333351E-02  0.899999976       3.5417961073788847E-006
   6.66666701E-02  0.899999976       6.2434191526769913E-006
  0.100000001      0.899999976       9.9369378505036860E-006
  0.133333340      0.899999976       1.5020991420182741E-005
  0.166666672      0.899999976       2.1850263286804077E-005
  0.200000003      0.899999976       3.0999602235218785E-005
  0.233333334      0.899999976       4.3187602186819268E-005
  0.266666681      0.899999976       5.9357270083820090E-005
  0.300000012      0.899999976       8.0776976592465249E-005
  0.333333343      0.899999976       1.0916730184767914E-004
  0.366666675      0.899999976       1.4689694502754898E-004
  0.400000006      0.899999976       1.9728930381723327E-004
  0.433333337      0.899999976       2.6509942093251311E-004
  0.466666669      0.899999976       3.5724646781202412E-004
  0.500000000      0.899999976       4.8390467271972092E-004
  0.533333361      0.899999976       6.6010023914191964E-004
  0.566666663      0.899999976       9.0816446494301816E-004
  0.600000024      0.899999976       1.2607449661753444E-003
  0.633333325      0.899999976       1.7628634470434339E-003
  0.666666687      0.899999976       2.4673611451839013E-003
  0.699999988      0.899999976       3.4093231573026806E-003
  0.733333349      0.899999976       4.5263925712656127E-003
  0.766666651      0.899999976       5.4207898617403914E-003
  0.800000012      0.899999976       5.6490587394516460E-003
  0.833333313      0.899999976       4.4036845955013719E-003
  0.866666675      0.899999976       2.0312902687362288E-003
  0.899999976      0.899999976       6.5124630172627034E-004
  0.933333337      0.899999976       1.7237209903644436E-004
  0.966666639      0.899999976       3.6838805972941180E-005
   1.00000000      0.899999976       8.2775181530311548E-006
   0.00000000      0.933333337       1.1927326887192237E-006
   3.33333351E-02  0.933333337       2.0324132288872894E-006
   6.66666701E-02  0.933333337       4.3292114469262036E-006
  0.100000001      0.933333337       7.3327819409171576E-006
  0.133333340      0.933333337       1.1522670732561264E-005
  0.166666672      0.933333337       1.7358738716672609E-005
  0.200000003      0.933333337       2.5348106181902885E-005
  0.233333334      0.933333337       3.6129748732707676E-005
  0.266666681      0.933333337       5.0562528610998190E-005
  0.300000012      0.933333337       6.9782125865897813E-005
  0.333333343      0.933333337       9.5284861821132963E-005
  0.366666675      0.933333337       1.2905420854894285E-004
  0.400000006      0.933333337       1.7373895409458881E-004
  0.433333337      0.933333337       2.3289476764933034E-004
  0.466666669      0.933333337       3.1129022461991521E-004
  0.500000000      0.933333337       4.1524105791226310E-004
  0.533333361      0.933333337       5.5287414339752895E-004
  0.566666663      0.933333337       7.3413217801560819E-004
  0.600000024      0.933333337       9.6968039225308993E-004
  0.633333325      0.933333337       1.2669305098068728E-003
  0.666666687      0.933333337       1.6196904886111136E-003
  0.699999988      0.933333337       1.9869259834672578E-003
  0.733333349      0.933333337       2.2636035579954002E-003
  0.766666651      0.933333337       2.2926725718929401E-003
  0.800000012      0.933333337       1.9216687225335444E-003
  0.833333313      0.933333337       1.2425876627877690E-003
  0.866666675      0.933333337       5.8505488460985303E-004
  0.899999976      0.933333337       1.7237209903644436E-004
  0.933333337      0.933333337       4.1538814836848055E-005
  0.966666639      0.933333337       1.0977428110455459E-005
   1.00000000      0.933333337       4.3678787293224345E-006
   0.00000000      0.966666639       4.4578802205132596E-007
   3.33333351E-02  0.966666639       1.1763357730185239E-006
   6.66666701E-02  0.966666639       2.7631112621393677E-006
  0.100000001      0.966666639       5.2777667827986162E-006
  0.133333340      0.966666639       8.7320732651141196E-006
  0.166666672      0.966666639       1.3775359661064571E-005
  0.200000003      0.966666639       2.0870390801242260E-005
  0.233333334      0.966666639       3.0609039747855335E-005
  0.266666681      0.966666639       4.3791800893398667E-005
  0.300000012      0.966666639       6.1459171684102409E-005
  0.333333343      0.966666639       8.4946558255020440E-005
  0.366666675      0.966666639       1.1595781673697376E-004
  0.400000006      0.966666639       1.5664676021428988E-004
  0.433333337      0.966666639       2.0968452911580902E-004
  0.466666669      0.966666639       2.7825991057704177E-004
  0.500000000      0.966666639       3.6590184916298555E-004
  0.533333361      0.966666639       4.7592952542765233E-004
  0.566666663      0.966666639       6.1022417094598299E-004
  0.600000024      0.966666639       7.6675472709609148E-004
  0.633333325      0.966666639       9.3522596095704596E-004
  0.666666687      0.966666639       1.0908580814363296E-003
  0.699999988      0.966666639       1.1892470230449393E-003
  0.733333349      0.966666639       1.1723368519470955E-003
  0.766666651      0.966666639       9.9910802515433073E-004
  0.800000012      0.966666639       7.0063648093875760E-004
  0.833333313      0.966666639       3.8533450446164838E-004
  0.866666675      0.966666639       1.5460134442967969E-004
  0.899999976      0.966666639       3.6838805972941180E-005
  0.933333337      0.966666639       1.0977428110455459E-005
  0.966666639      0.966666639       6.1601600246182398E-006
   1.00000000      0.966666639       4.4320275517676835E-006
   0.00000000       1.00000000       5.5015915766392243E-007
   3.33333351E-02   1.00000000       6.5405917164479497E-007
   6.66666701E-02   1.00000000       2.0132920060574185E-006
  0.100000001       1.00000000       4.2329522240727680E-006
  0.133333340       1.00000000       7.3592270333675241E-006
  0.166666672       1.00000000       1.2077752293674146E-005
  0.200000003       1.00000000       1.8811457789265134E-005
  0.233333334       1.00000000       2.8133083507497666E-005
  0.266666681       1.00000000       4.0810461079937967E-005
  0.300000012       1.00000000       5.7830558526151171E-005
  0.333333343       1.00000000       8.0438201686669432E-005
  0.366666675       1.00000000       1.1017854915394741E-004
  0.400000006       1.00000000       1.4892267115977414E-004
  0.433333337       1.00000000       1.9883545787029259E-004
  0.466666669       1.00000000       2.6220588500374602E-004
  0.500000000       1.00000000       3.4099868771630189E-004
  0.533333361       1.00000000       4.3591503760515954E-004
  0.566666663       1.00000000       5.4470445972385341E-004
  0.600000024       1.00000000       6.5952548594422507E-004
  0.633333325       1.00000000       7.6369070262418586E-004
  0.666666687       1.00000000       8.2967198750378635E-004
  0.699999988       1.00000000       8.2296204809476352E-004
  0.733333349       1.00000000       7.1790020051028453E-004
  0.766666651       1.00000000       5.2429579460532135E-004
  0.800000012       1.00000000       3.0138026696217591E-004
  0.833333313       1.00000000       1.2567612097000855E-004
  0.866666675       1.00000000       3.3865541330200130E-005
  0.899999976       1.00000000       8.2775181530311548E-006
  0.933333337       1.00000000       4.3678787293224345E-006
  0.966666639       1.00000000       4.4320275517676835E-006
   1.00000000       1.00000000       4.2332929813924410E-006
