 # X Y T Z 
   0.00000000       0.00000000      -2.7921719903192810E-008
   5.00000007E-02   0.00000000      -3.2097643646710611E-008
  0.100000001       0.00000000      -4.4675022417561827E-008
  0.150000006       0.00000000      -7.4097215327015298E-008
  0.200000003       0.00000000      -9.6869997512176453E-008
  0.250000000       0.00000000      -9.9119778261677269E-008
  0.300000012       0.00000000      -9.7120521032507956E-008
  0.349999994       0.00000000      -8.7030998355535488E-008
  0.400000006       0.00000000      -8.9511019458077962E-008
  0.449999988       0.00000000      -7.9759277483494075E-008
  0.500000000       0.00000000      -7.8467633176358166E-008
  0.550000012       0.00000000      -7.8815984395430930E-008
  0.600000024       0.00000000      -6.7352397874849076E-008
  0.649999976       0.00000000      -6.5475031504631104E-008
  0.699999988       0.00000000      -6.1028284665826799E-008
  0.750000000       0.00000000      -4.7547825061554014E-008
  0.800000012       0.00000000      -5.5719973327157668E-009
  0.850000024       0.00000000       3.1561056936316167E-009
  0.899999976       0.00000000       7.9017658867908819E-009
  0.949999988       0.00000000       9.9215458708966364E-009
   1.00000000       0.00000000       1.0533936238262334E-008
   0.00000000       5.00000007E-02  -2.2067338134330178E-008
   5.00000007E-02   5.00000007E-02  -2.4448756519735576E-008
  0.100000001       5.00000007E-02  -4.0146944946424512E-008
  0.150000006       5.00000007E-02   7.5859913321375295E-007
  0.200000003       5.00000007E-02   1.9903164258281390E-006
  0.250000000       5.00000007E-02   2.9657890633350264E-006
  0.300000012       5.00000007E-02   2.8560242034420674E-006
  0.349999994       5.00000007E-02   3.2167241892431912E-006
  0.400000006       5.00000007E-02   3.6820746592471781E-006
  0.449999988       5.00000007E-02   3.8754794716149444E-006
  0.500000000       5.00000007E-02   1.4941115801627488E-006
  0.550000012       5.00000007E-02   3.3463954298973680E-006
  0.600000024       5.00000007E-02   5.7917743834568804E-006
  0.649999976       5.00000007E-02   5.6365533999990555E-006
  0.699999988       5.00000007E-02   3.5334482512731306E-006
  0.750000000       5.00000007E-02   1.5835269463167559E-006
  0.800000012       5.00000007E-02   2.0514486107027149E-008
  0.850000024       5.00000007E-02   6.9917911597102561E-009
  0.899999976       5.00000007E-02   1.2646955748060393E-008
  0.949999988       5.00000007E-02   1.3913384845935448E-008
   1.00000000       5.00000007E-02   1.3852943055473951E-008
   0.00000000      0.100000001      -9.9838182404492215E-009
   5.00000007E-02  0.100000001      -5.6560136999297961E-010
  0.100000001      0.100000001       1.7226834461096102E-008
  0.150000006      0.100000001       3.0709288858206743E-006
  0.200000003      0.100000001       1.6125033244760757E-005
  0.250000000      0.100000001       3.9715532133109558E-005
  0.300000012      0.100000001       6.3285420715210663E-005
  0.349999994      0.100000001       7.8832496397424935E-005
  0.400000006      0.100000001       8.7437071761693047E-005
  0.449999988      0.100000001       6.1760230573617604E-005
  0.500000000      0.100000001       2.2636073378527787E-005
  0.550000012      0.100000001       5.5341231974690742E-005
  0.600000024      0.100000001       1.0799815052495816E-004
  0.649999976      0.100000001       1.1193504613525346E-004
  0.699999988      0.100000001       7.0462087478451001E-005
  0.750000000      0.100000001       2.8153521804919097E-005
  0.800000012      0.100000001       7.1480060409110507E-006
  0.850000024      0.100000001       1.5766468401642083E-006
  0.899999976      0.100000001       2.5064176586856238E-008
  0.949999988      0.100000001       2.1904234454462462E-008
   1.00000000      0.100000001       1.9762997071747640E-008
   0.00000000      0.150000006       2.6330189070722376E-009
   5.00000007E-02  0.150000006       3.6114098248560614E-008
  0.100000001      0.150000006       1.6571417458372505E-007
  0.150000006      0.150000006       9.0687259164275429E-006
  0.200000003      0.150000006       6.5460240890234883E-005
  0.250000000      0.150000006       2.5610164091844083E-004
  0.300000012      0.150000006       5.8424719738928892E-004
  0.349999994      0.150000006       8.8642127412512676E-004
  0.400000006      0.150000006       8.5337611246846540E-004
  0.449999988      0.150000006       5.3629819327754668E-004
  0.500000000      0.150000006       1.7560014855100368E-004
  0.550000012      0.150000006       4.5936856969424895E-004
  0.600000024      0.150000006       9.5728483980149449E-004
  0.649999976      0.150000006       1.0379171687330685E-003
  0.699999988      0.150000006       6.7653242806708013E-004
  0.750000000      0.150000006       2.7542530598177002E-004
  0.800000012      0.150000006       6.8745910803211436E-005
  0.850000024      0.150000006       1.0456537615393443E-005
  0.899999976      0.150000006       1.4460379702344863E-006
  0.949999988      0.150000006       3.0119557248796912E-008
   1.00000000      0.150000006       2.5051376669697062E-008
   0.00000000      0.200000003      -4.0997986034720102E-009
   5.00000007E-02  0.200000003      -9.2359499288992286E-009
  0.100000001      0.200000003       7.7632360230344907E-007
  0.150000006      0.200000003       1.9062464458369363E-005
  0.200000003      0.200000003       1.9060843602689568E-004
  0.250000000      0.200000003       9.6580727433526084E-004
  0.300000012      0.200000003       2.7298419779519332E-003
  0.349999994      0.200000003       4.2892261753848448E-003
  0.400000006      0.200000003       4.2188306668633517E-003
  0.449999988      0.200000003       2.3086112150113710E-003
  0.500000000      0.200000003       7.2786196067753969E-004
  0.550000012      0.200000003       1.9174231448199218E-003
  0.600000024      0.200000003       4.2290706090077632E-003
  0.649999976      0.200000003       4.8137825845401046E-003
  0.699999988      0.200000003       3.2771375268376268E-003
  0.750000000      0.200000003       1.3859101817294830E-003
  0.800000012      0.200000003       3.5540384196553496E-004
  0.850000024      0.200000003       5.2145857571675967E-005
  0.899999976      0.200000003       4.7316504627579895E-006
  0.949999988      0.200000003       4.3434224554278131E-007
   1.00000000      0.200000003       2.1625074125711588E-008
   0.00000000      0.250000000      -1.0568594062182121E-008
   5.00000007E-02  0.250000000      -3.3268709228673546E-008
  0.100000001      0.250000000       1.4239858381669222E-006
  0.150000006      0.250000000       3.9691609522765712E-005
  0.200000003      0.250000000       4.2859257086086638E-004
  0.250000000      0.250000000       2.4248262018635430E-003
  0.300000012      0.250000000       6.9194493485277087E-003
  0.349999994      0.250000000       1.1697681643782659E-002
  0.400000006      0.250000000       1.0871941028416257E-002
  0.449999988      0.250000000       5.8124096333636568E-003
  0.500000000      0.250000000       1.6912545046193336E-003
  0.550000012      0.250000000       4.4445526001244146E-003
  0.600000024      0.250000000       1.0406684820526608E-002
  0.649999976      0.250000000       1.2503972535732712E-002
  0.699999988      0.250000000       8.9468422157418844E-003
  0.750000000      0.250000000       3.9608235633704055E-003
  0.800000012      0.250000000       1.0563425428806964E-003
  0.850000024      0.250000000       1.5797695449255736E-004
  0.899999976      0.250000000       1.2806131447454727E-005
  0.949999988      0.250000000       8.6064825383563642E-007
   1.00000000      0.250000000       1.9534577048996565E-008
   0.00000000      0.300000012      -4.3947063295326355E-009
   5.00000007E-02  0.300000012      -2.7640861790384497E-008
  0.100000001      0.300000012       2.7539015050594921E-006
  0.150000006      0.300000012       6.4375598150779971E-005
  0.200000003      0.300000012       7.5980231177316085E-004
  0.250000000      0.300000012       3.7919268274937217E-003
  0.300000012      0.300000012       1.1323561310618641E-002
  0.349999994      0.300000012       1.8379717206646658E-002
  0.400000006      0.300000012       1.7142758492818731E-002
  0.449999988      0.300000012       8.9011032066831277E-003
  0.500000000      0.300000012       2.4297287097210470E-003
  0.550000012      0.300000012       6.2256511845588634E-003
  0.600000024      0.300000012       1.5509183645284856E-002
  0.649999976      0.300000012       1.9741038406643693E-002
  0.699999988      0.300000012       1.4902802143419450E-002
  0.750000000      0.300000012       6.9362671757524840E-003
  0.800000012      0.300000012       1.9351304124568471E-003
  0.850000024      0.300000012       2.9966498630231201E-004
  0.899999976      0.300000012       2.3986815136335204E-005
  0.949999988      0.300000012       1.4541862717990005E-006
   1.00000000      0.300000012       2.4386450926867399E-008
   0.00000000      0.349999994       1.6167350972958253E-008
   5.00000007E-02  0.349999994       8.1062994473435693E-009
  0.100000001      0.349999994       6.1337867078099708E-006
  0.150000006      0.349999994       1.0423628710254417E-004
  0.200000003      0.349999994       8.0708638352387958E-004
  0.250000000      0.349999994       4.1311495126022963E-003
  0.300000012      0.349999994       1.1281926203605451E-002
  0.349999994      0.349999994       1.8314763511563352E-002
  0.400000006      0.349999994       1.7098303611566005E-002
  0.449999988      0.349999994       8.6510205767906991E-003
  0.500000000      0.349999994       2.2332664871122492E-003
  0.550000012      0.349999994       5.5039307411570305E-003
  0.600000024      0.349999994       1.4574082995790199E-002
  0.649999976      0.349999994       1.9674770301850147E-002
  0.699999988      0.349999994       1.5693077917921596E-002
  0.750000000      0.349999994       7.6923458203469299E-003
  0.800000012      0.349999994       2.2504832028531888E-003
  0.850000024      0.349999994       3.6302779384433860E-004
  0.899999976      0.349999994       2.9798647671119659E-005
  0.949999988      0.349999994       1.7274536116193009E-006
   1.00000000      0.349999994       3.1936021083396084E-008
   0.00000000      0.400000006       3.5967296676251738E-008
   5.00000007E-02  0.400000006       5.9775948667794253E-008
  0.100000001      0.400000006       7.3936166752254940E-006
  0.150000006      0.400000006       7.6296097426237870E-005
  0.200000003      0.400000006       6.0351328410464819E-004
  0.250000000      0.400000006       2.6038131720574906E-003
  0.300000012      0.400000006       7.0564878466709289E-003
  0.349999994      0.400000006       1.1469496274597165E-002
  0.400000006      0.400000006       1.0731237450162528E-002
  0.449999988      0.400000006       5.3531041271963811E-003
  0.500000000      0.400000006       1.2919771903855603E-003
  0.550000012      0.400000006       3.0710527505566254E-003
  0.600000024      0.400000006       8.5869216079256083E-003
  0.649999976      0.400000006       1.2267603613064263E-002
  0.699999988      0.400000006       1.0323138354378888E-002
  0.750000000      0.400000006       5.3230886311060079E-003
  0.800000012      0.400000006       1.6318255982763852E-003
  0.850000024      0.400000006       2.7436233387175484E-004
  0.899999976      0.400000006       2.3446058226929075E-005
  0.949999988      0.400000006       1.5615523458368548E-006
   1.00000000      0.400000006       2.7899639088585504E-008
   0.00000000      0.449999988       2.0466313432193628E-008
   5.00000007E-02  0.449999988       1.2506679825130020E-008
  0.100000001      0.449999988       1.7534110769904356E-006
  0.150000006      0.449999988       3.0136484624236301E-005
  0.200000003      0.449999988       2.1154233578248765E-004
  0.250000000      0.449999988       9.2612755683466226E-004
  0.300000012      0.449999988       2.5551676162805454E-003
  0.349999994      0.449999988       4.2615001265478378E-003
  0.400000006      0.449999988       4.0525240553495583E-003
  0.449999988      0.449999988       2.0109954907034260E-003
  0.500000000      0.449999988       4.6759733640816905E-004
  0.550000012      0.449999988       1.0583675808934819E-003
  0.600000024      0.449999988       3.0445104611055438E-003
  0.649999976      0.449999988       4.5328086982620620E-003
  0.699999988      0.449999988       3.9741734605665624E-003
  0.750000000      0.449999988       2.1323417488655579E-003
  0.800000012      0.449999988       6.7813314512028605E-004
  0.850000024      0.449999988       1.1779013767897824E-004
  0.899999976      0.449999988       1.0626144114359541E-005
  0.949999988      0.449999988       7.6545408622510685E-007
   1.00000000      0.449999988       1.2121293693323053E-008
   0.00000000      0.500000000       1.0171745291106399E-008
   5.00000007E-02  0.500000000      -3.3477796359746015E-009
  0.100000001      0.500000000       5.1755464839080972E-007
  0.150000006      0.500000000       5.0042206473535460E-006
  0.200000003      0.500000000       4.1561422307844582E-005
  0.250000000      0.500000000       2.0963333255921289E-004
  0.300000012      0.500000000       6.2036237923538762E-004
  0.349999994      0.500000000       1.0800306033237812E-003
  0.400000006      0.500000000       1.0726321845981963E-003
  0.449999988      0.500000000       5.5270641452681991E-004
  0.500000000      0.500000000       1.2834602497230650E-004
  0.550000012      0.500000000       2.9393696991831609E-004
  0.600000024      0.500000000       8.0446805464886358E-004
  0.649999976      0.500000000       1.1767383207105166E-003
  0.699999988      0.500000000       1.0172728916784720E-003
  0.750000000      0.500000000       5.3872096975714212E-004
  0.800000012      0.500000000       1.6909727124768853E-004
  0.850000024      0.500000000       2.8991018424880512E-005
  0.899999976      0.500000000       2.5839503614994428E-006
  0.949999988      0.500000000       6.9659621775280262E-009
   1.00000000      0.500000000       1.9954876126439171E-008
   0.00000000      0.550000012       8.8454605830711949E-009
   5.00000007E-02  0.550000012       4.6491320648952769E-009
  0.100000001      0.550000012      -1.6905786294528838E-009
  0.150000006      0.550000012       6.9836003271266708E-007
  0.200000003      0.550000012       1.2160340480713711E-005
  0.250000000      0.550000012       9.9889258965419562E-005
  0.300000012      0.550000012       3.9017597392896404E-004
  0.349999994      0.550000012       8.3597809453306044E-004
  0.400000006      0.550000012       9.9347911740497270E-004
  0.449999988      0.550000012       6.1894037341452750E-004
  0.500000000      0.550000012       1.6871999320500490E-004
  0.550000012      0.550000012       2.7948427256054497E-004
  0.600000024      0.550000012       7.1374180926394725E-004
  0.649999976      0.550000012       1.0404206973007501E-003
  0.699999988      0.550000012       8.9930990301752777E-004
  0.750000000      0.550000012       4.7346179708026377E-004
  0.800000012      0.550000012       1.4630675676038647E-004
  0.850000024      0.550000012       2.4578344878209440E-005
  0.899999976      0.550000012       2.2193079227038283E-006
  0.949999988      0.550000012       3.9365984883053123E-007
   1.00000000      0.550000012       2.0538644385161182E-008
   0.00000000      0.600000024       8.4529915653913656E-009
   5.00000007E-02  0.600000024      -6.6959422019650244E-009
  0.100000001      0.600000024       6.3885642031505287E-007
  0.150000006      0.600000024       1.2705308548294995E-005
  0.200000003      0.600000024       1.4180500446400648E-004
  0.250000000      0.600000024       8.8364618097515725E-004
  0.300000012      0.600000024       3.0613142237598473E-003
  0.349999994      0.600000024       6.0010712210493908E-003
  0.400000006      0.600000024       6.5789594717586006E-003
  0.449999988      0.600000024       3.8323374161971222E-003
  0.500000000      0.600000024       1.0592077719440423E-003
  0.550000012      0.600000024       2.1819609547071867E-003
  0.600000024      0.600000024       5.2229507257117924E-003
  0.649999976      0.600000024       6.9945741512523873E-003
  0.699999988      0.600000024       5.6049809213590401E-003
  0.750000000      0.600000024       2.7544951812958850E-003
  0.800000012      0.600000024       8.0968951255676563E-004
  0.850000024      0.600000024       1.2995171761410779E-004
  0.899999976      0.600000024       1.0967648193774282E-005
  0.949999988      0.600000024       8.5000007670539991E-007
   1.00000000      0.600000024       7.4837231772381142E-009
   0.00000000      0.649999976       1.1274678158646780E-008
   5.00000007E-02  0.649999976      -2.9066807550291729E-009
  0.100000001      0.649999976       2.8195794288181190E-006
  0.150000006      0.649999976       5.2662446586893962E-005
  0.200000003      0.649999976       5.4686160617816240E-004
  0.250000000      0.649999976       3.0569053270704792E-003
  0.300000012      0.649999976       9.5536582886491736E-003
  0.349999994      0.649999976       1.7017570996189942E-002
  0.400000006      0.649999976       1.7091344729669979E-002
  0.449999988      0.649999976       9.2444599367785540E-003
  0.500000000      0.649999976       2.4551737714062303E-003
  0.550000012      0.649999976       5.6480734216819766E-003
  0.600000024      0.649999976       1.4087001514390868E-002
  0.649999976      0.649999976       1.8642506994497359E-002
  0.699999988      0.649999976       1.4771814197040352E-002
  0.750000000      0.649999976       7.2398751316339639E-003
  0.800000012      0.649999976       2.0964172730614265E-003
  0.850000024      0.649999976       3.3274564616820072E-004
  0.899999976      0.649999976       2.6775409356426564E-005
  0.949999988      0.649999976       1.5059656880043407E-006
   1.00000000      0.649999976       1.5540996001867872E-008
   0.00000000      0.699999988       1.4912912018336458E-008
   5.00000007E-02  0.699999988       5.6762392425246944E-009
  0.100000001      0.699999988       5.3622873552115324E-006
  0.150000006      0.699999988       1.0053489960859942E-004
  0.200000003      0.699999988       9.6374703617447340E-004
  0.250000000      0.699999988       4.9415744732194877E-003
  0.300000012      0.699999988       1.4190954423476735E-002
  0.349999994      0.699999988       2.3297225450693987E-002
  0.400000006      0.699999988       2.1681323551724398E-002
  0.449999988      0.699999988       1.0995908656111355E-002
  0.500000000      0.699999988       2.8380055947398930E-003
  0.550000012      0.699999988       7.1997443477427869E-003
  0.600000024      0.699999988       1.8545424477826217E-002
  0.649999976      0.699999988       2.4469730561380142E-002
  0.699999988      0.699999988       1.9204053212632802E-002
  0.750000000      0.699999988       9.3376084934887280E-003
  0.800000012      0.699999988       2.7475075410026617E-003
  0.850000024      0.699999988       4.5310731667926930E-004
  0.899999976      0.699999988       3.7432590477837961E-005
  0.949999988      0.699999988       2.1966966156576184E-006
   1.00000000      0.699999988       2.7127159736399509E-008
   0.00000000      0.750000000       1.4744173869665755E-008
   5.00000007E-02  0.750000000       7.4306070994584889E-009
  0.100000001      0.750000000       5.5980277905364698E-006
  0.150000006      0.750000000       9.9372453043356434E-005
  0.200000003      0.750000000       8.8601185613892768E-004
  0.250000000      0.750000000       4.2098716085978531E-003
  0.300000012      0.750000000       1.1204374495605643E-002
  0.349999994      0.750000000       1.7075866283072758E-002
  0.400000006      0.750000000       1.4821576210983610E-002
  0.449999988      0.750000000       7.0970379938645007E-003
  0.500000000      0.750000000       1.8012539061435867E-003
  0.550000012      0.750000000       5.0560898464981317E-003
  0.600000024      0.750000000       1.3283714862321248E-002
  0.649999976      0.750000000       1.7387985754224178E-002
  0.699999988      0.750000000       1.3473912151879886E-002
  0.750000000      0.750000000       6.5233532191481727E-003
  0.800000012      0.750000000       1.9356867269198703E-003
  0.850000024      0.750000000       3.2013432137186800E-004
  0.899999976      0.750000000       2.6672930880498855E-005
  0.949999988      0.750000000       1.8535348698405678E-006
   1.00000000      0.750000000       2.3139054880060711E-008
   0.00000000      0.800000012       8.4038281362042860E-009
   5.00000007E-02  0.800000012      -7.1245545858310971E-009
  0.100000001      0.800000012       3.0726390805530315E-006
  0.150000006      0.800000012       5.1007752557453252E-005
  0.200000003      0.800000012       4.2570780512165467E-004
  0.250000000      0.800000012       1.8906733789778318E-003
  0.300000012      0.800000012       4.6995232437225323E-003
  0.349999994      0.800000012       6.6957698295888220E-003
  0.400000006      0.800000012       5.4579400636919299E-003
  0.449999988      0.800000012       2.4876594353385041E-003
  0.500000000      0.800000012       6.2902321363504567E-004
  0.550000012      0.800000012       1.9551982813811718E-003
  0.600000024      0.800000012       5.2354592093152054E-003
  0.649999976      0.800000012       6.6260792478620928E-003
  0.699999988      0.800000012       5.0773649189714970E-003
  0.750000000      0.800000012       2.4385777341572965E-003
  0.800000012      0.800000012       7.1699002826016084E-004
  0.850000024      0.800000012       1.2026331997625975E-004
  0.899999976      0.800000012       1.1308279736939105E-005
  0.949999988      0.800000012       1.1950488134836553E-006
   1.00000000      0.800000012       3.1441509088349709E-008
   0.00000000      0.850000024       4.3797480798329902E-009
   5.00000007E-02  0.850000024      -2.0076681737663665E-008
  0.100000001      0.850000024       9.1535354160353181E-007
  0.150000006      0.850000024       1.3225326916531562E-005
  0.200000003      0.850000024       1.0099547720827300E-004
  0.250000000      0.850000024       4.2143532298528235E-004
  0.300000012      0.850000024       9.8639130182677373E-004
  0.349999994      0.850000024       1.3251126627087338E-003
  0.400000006      0.850000024       1.0236467396072353E-003
  0.449999988      0.850000024       4.4907656316422833E-004
  0.500000000      0.850000024       1.1446472954856511E-004
  0.550000012      0.850000024       4.2098089895044289E-004
  0.600000024      0.850000024       1.0398192060676052E-003
  0.649999976      0.850000024       1.2814359274907000E-003
  0.699999988      0.850000024       9.6555382008702223E-004
  0.750000000      0.850000024       4.5716138244788584E-004
  0.800000012      0.850000024       1.3110930959323741E-004
  0.850000024      0.850000024       2.3512894397103682E-005
  0.899999976      0.850000024       3.3761308695096053E-006
  0.949999988      0.850000024       4.9986335787837659E-008
   1.00000000      0.850000024       4.5380065686175062E-008
   0.00000000      0.899999976       1.1199851927389676E-008
   5.00000007E-02  0.899999976       9.4829174135564742E-009
  0.100000001      0.899999976       1.9288212880184952E-008
  0.150000006      0.899999976       1.8600210579659306E-006
  0.200000003      0.899999976       1.1370803315911750E-005
  0.250000000      0.899999976       4.3215297112265223E-005
  0.300000012      0.899999976       9.5027510903415463E-005
  0.349999994      0.899999976       1.2129688096461648E-004
  0.400000006      0.899999976       8.9891995654691869E-005
  0.449999988      0.899999976       3.8646630256395259E-005
  0.500000000      0.899999976       9.8460792441560846E-006
  0.550000012      0.899999976       4.8335375240661938E-005
  0.600000024      0.899999976       9.4287101532655520E-005
  0.649999976      0.899999976       1.1251032895831211E-004
  0.699999988      0.899999976       8.5127953079098661E-005
  0.750000000      0.899999976       3.9268050154162904E-005
  0.800000012      0.899999976       1.2011502019543839E-005
  0.850000024      0.899999976       3.1135154902283253E-006
  0.899999976      0.899999976       4.6660707531119593E-007
  0.949999988      0.899999976       5.3222266998555982E-008
   1.00000000      0.899999976       5.0771836316622094E-008
   0.00000000      0.949999988       1.3991210641006030E-008
   5.00000007E-02  0.949999988       1.4255259211774785E-008
  0.100000001      0.949999988       1.6176672578294832E-008
  0.150000006      0.949999988       1.5788537869243155E-008
  0.200000003      0.949999988       8.6007249165914821E-007
  0.250000000      0.949999988       2.2992505759963531E-006
  0.300000012      0.949999988       4.4148107810436507E-006
  0.349999994      0.949999988       5.2856420993016811E-006
  0.400000006      0.949999988       3.8043232687713093E-006
  0.449999988      0.949999988       1.7169816740099391E-006
  0.500000000      0.949999988       1.5039548136646318E-007
  0.550000012      0.949999988       3.2555626896515685E-006
  0.600000024      0.949999988       3.5833150265886194E-006
  0.649999976      0.949999988       4.5979464212975705E-006
  0.699999988      0.949999988       3.9490230054034623E-006
  0.750000000      0.949999988       2.1280536193345081E-006
  0.800000012      0.949999988       8.2329503804400613E-007
  0.850000024      0.949999988       2.1227753126408072E-007
  0.899999976      0.949999988       4.1718125224265903E-008
  0.949999988      0.949999988       4.9602257017489909E-008
   1.00000000      0.949999988       5.0815335659475970E-008
   0.00000000       1.00000000       1.4668364299022171E-008
   5.00000007E-02   1.00000000       1.4625689502383021E-008
  0.100000001       1.00000000       1.4290734935262089E-008
  0.150000006       1.00000000       1.2336493438120169E-008
  0.200000003       1.00000000       1.2364220683316191E-008
  0.250000000       1.00000000       4.0864702329250144E-008
  0.300000012       1.00000000       6.9608876156635607E-008
  0.349999994       1.00000000       6.6430996083395588E-008
  0.400000006       1.00000000       3.9712363022971400E-008
  0.449999988       1.00000000       3.7924844137511571E-009
  0.500000000       1.00000000       2.2118252739273311E-008
  0.550000012       1.00000000       1.6291487991304142E-007
  0.600000024       1.00000000       6.5273869923260838E-008
  0.649999976       1.00000000       6.0525096032596447E-008
  0.699999988       1.00000000       6.3270085627598581E-008
  0.750000000       1.00000000       4.8861053587531417E-008
  0.800000012       1.00000000       3.1235844951370273E-008
  0.850000024       1.00000000       4.2252240049848707E-008
  0.899999976       1.00000000       4.3566742200125668E-008
  0.949999988       1.00000000       4.8460623018348886E-008
   1.00000000       1.00000000       5.0246307281239834E-008
