 # X Y T Z 
   0.00000000       0.00000000       9.2138115626722028E-010
   4.76190485E-02   0.00000000       8.6209499088052421E-010
   9.52380970E-02   0.00000000       7.5613552398545725E-010
  0.142857149       0.00000000       6.0941024774240071E-010
  0.190476194       0.00000000       4.4560387612468293E-010
  0.238095239       0.00000000       3.0381238757398732E-010
  0.285714298       0.00000000       2.0848919422486456E-010
  0.333333343       0.00000000       1.4083772559639329E-010
  0.380952388       0.00000000       1.2522873883702434E-010
  0.428571433       0.00000000       1.5837606421632844E-010
  0.476190478       0.00000000       2.4250347037532358E-010
  0.523809552       0.00000000       3.5590794303678661E-010
  0.571428597       0.00000000       4.4038696994652682E-010
  0.619047642       0.00000000       4.8009411116739509E-010
  0.666666687       0.00000000       4.6604770910507742E-010
  0.714285731       0.00000000       4.0521708558061142E-010
  0.761904776       0.00000000       3.0070574155716123E-010
  0.809523821       0.00000000       1.4249539742605677E-010
  0.857142866       0.00000000      -3.9702411497311019E-011
  0.904761910       0.00000000      -2.0287136727470401E-010
  0.952380955       0.00000000      -3.0493465304898271E-010
   1.00000000       0.00000000      -3.6321756886892320E-010
   0.00000000       5.55555560E-02   6.2505233367621260E-010
   4.76190485E-02   5.55555560E-02   5.7180644507520695E-010
   9.52380970E-02   5.55555560E-02   4.8712531924843816E-010
  0.142857149       5.55555560E-02   3.8005255713347008E-010
  0.190476194       5.55555560E-02   2.5755638073665654E-010
  0.238095239       5.55555560E-02   1.7903250756901024E-010
  0.285714298       5.55555560E-02   1.3548910040780959E-010
  0.333333343       5.55555560E-02   1.2124835987656346E-010
  0.380952388       5.55555560E-02   1.2922177000315727E-010
  0.428571433       5.55555560E-02   1.7274722212586024E-010
  0.476190478       5.55555560E-02   2.5385280601761609E-010
  0.523809552       5.55555560E-02   3.3304475919714721E-010
  0.571428597       5.55555560E-02   4.1529514874759366E-010
  0.619047642       5.55555560E-02   4.6005444419294772E-010
  0.666666687       5.55555560E-02   4.7248819136716524E-010
  0.714285731       5.55555560E-02   4.6185281510693899E-010
  0.761904776       5.55555560E-02   4.1439593423397980E-010
  0.809523821       5.55555560E-02   3.1263092722250141E-010
  0.857142866       5.55555560E-02   1.7918110571668588E-010
  0.904761910       5.55555560E-02   6.1138903835467051E-011
  0.952380955       5.55555560E-02  -3.1466671282509573E-011
   1.00000000       5.55555560E-02  -7.6374647925425698E-011
   0.00000000      0.111111112       2.6115647231567118E-010
   4.76190485E-02  0.111111112       2.2249968013865473E-010
   9.52380970E-02  0.111111112       1.5707109311119405E-010
  0.142857149      0.111111112       9.1305391199114627E-011
  0.190476194      0.111111112       4.8419769929641809E-011
  0.238095239      0.111111112       4.1166050603058668E-011
  0.285714298      0.111111112       7.3677704562347124E-011
  0.333333343      0.111111112       1.2515266904419842E-010
  0.380952388      0.111111112       1.7349973020774900E-010
  0.428571433      0.111111112       2.2363105009297335E-010
  0.476190478      0.111111112       2.6383559882181898E-010
  0.523809552      0.111111112       3.1293645962309630E-010
  0.571428597      0.111111112       3.4290009243501118E-010
  0.619047642      0.111111112       3.9797000287236650E-010
  0.666666687      0.111111112       4.5093751779509694E-010
  0.714285731      0.111111112       4.9600892663981266E-010
  0.761904776      0.111111112       5.2078739584682232E-010
  0.809523821      0.111111112       5.0935793343559466E-010
  0.857142866      0.111111112       4.4462177949816661E-010
  0.904761910      0.111111112       3.7702112699183887E-010
  0.952380955      0.111111112       3.0697192184014899E-010
   1.00000000      0.111111112       2.6370735890096642E-010
   0.00000000      0.166666672       1.4323343639627284E-010
   4.76190485E-02  0.166666672       9.0828117596530866E-011
   9.52380970E-02  0.166666672       2.3540083944617596E-011
  0.142857149      0.166666672      -2.3400833354392248E-011
  0.190476194      0.166666672      -2.1708925455887762E-011
  0.238095239      0.166666672       1.9114099192307776E-011
  0.285714298      0.166666672       1.1288286624888677E-010
  0.333333343      0.166666672       2.1068858810369129E-010
  0.380952388      0.166666672       2.8445009065194982E-010
  0.428571433      0.166666672       3.0835497761942665E-010
  0.476190478      0.166666672       2.9908826630620222E-010
  0.523809552      0.166666672       2.6518442715166290E-010
  0.571428597      0.166666672       2.5959823570301244E-010
  0.619047642      0.166666672       2.7635079554583220E-010
  0.666666687      0.166666672       3.4590704519471549E-010
  0.714285731      0.166666672       4.3581749927662505E-010
  0.761904776      0.166666672       5.1568704341475868E-010
  0.809523821      0.166666672       5.5005314886225065E-010
  0.857142866      0.166666672       5.4635830842170163E-010
  0.904761910      0.166666672       4.8143219098795154E-010
  0.952380955      0.166666672       4.3091256864830063E-010
   1.00000000      0.166666672       3.7835443719019812E-010
   0.00000000      0.222222224       2.9975035474583134E-010
   4.76190485E-02  0.222222224       2.3990464215889462E-010
   9.52380970E-02  0.222222224       1.6166184016452867E-010
  0.142857149      0.222222224       8.9016966541011211E-011
  0.190476194      0.222222224       5.8541965546055064E-011
  0.238095239      0.222222224       1.0157926496473513E-010
  0.285714298      0.222222224       1.8633296468284488E-010
  0.333333343      0.222222224       2.8241802516384973E-010
  0.380952388      0.222222224       3.4155494795309882E-010
  0.428571433      0.222222224       3.4788638051015675E-010
  0.476190478      0.222222224       3.1081135831289436E-010
  0.523809552      0.222222224       2.6129084551400339E-010
  0.571428597      0.222222224       2.1552266872212900E-010
  0.619047642      0.222222224       2.2933700598304352E-010
  0.666666687      0.222222224       2.7600567577973356E-010
  0.714285731      0.222222224       3.6463584582313580E-010
  0.761904776      0.222222224       4.4106255626952251E-010
  0.809523821      0.222222224       4.6870522046882357E-010
  0.857142866      0.222222224       4.2687386958562001E-010
  0.904761910      0.222222224       3.6573916638305004E-010
  0.952380955      0.222222224       2.6445084663762053E-010
   1.00000000      0.222222224       2.1650989161237089E-010
   0.00000000      0.277777791       4.1938456006584968E-010
   4.76190485E-02  0.277777791       3.9880191510244245E-010
   9.52380970E-02  0.277777791       3.2737474189858951E-010
  0.142857149      0.277777791       2.6718939213909998E-010
  0.190476194      0.277777791       1.9311365614255172E-010
  0.238095239      0.277777791       1.3722315471420554E-010
  0.285714298      0.277777791       1.1973501270329256E-010
  0.333333343      0.277777791       1.2972148095286018E-010
  0.380952388      0.277777791       1.4786775926964313E-010
  0.428571433      0.277777791       1.9825175984373999E-010
  0.476190478      0.277777791       2.7155158829027248E-010
  0.523809552      0.277777791       3.2851853919504959E-010
  0.571428597      0.277777791       3.8654483368490145E-010
  0.619047642      0.277777791       4.2215901434328185E-010
  0.666666687      0.277777791       4.4501120410184170E-010
  0.714285731      0.277777791       4.3082174806807760E-010
  0.761904776      0.277777791       4.0972475932876673E-010
  0.809523821      0.277777791       3.3982633720897049E-010
  0.857142866      0.277777791       2.6746391559862026E-010
  0.904761910      0.277777791       1.9182804563561140E-010
  0.952380955      0.277777791       1.3549831395787137E-010
   1.00000000      0.277777791       9.4772120706743124E-011
   0.00000000      0.333333343       2.5126611728765180E-010
   4.76190485E-02  0.333333343       3.0070361999035011E-010
   9.52380970E-02  0.333333343       3.8484081373024726E-010
  0.142857149      0.333333343       4.0701949623189737E-010
  0.190476194      0.333333343       3.3852522174360189E-010
  0.238095239      0.333333343       1.6643679576905379E-010
  0.285714298      0.333333343      -3.9795929572539190E-011
  0.333333343      0.333333343      -1.9740342433599567E-010
  0.380952388      0.333333343      -2.2723304531416244E-010
  0.428571433      0.333333343      -1.1261663303285818E-010
  0.476190478      0.333333343       1.5429038699877468E-010
  0.523809552      0.333333343       4.6886335721037231E-010
  0.571428597      0.333333343       7.0859183494767497E-010
  0.619047642      0.333333343       8.0928319557901918E-010
  0.666666687      0.333333343       7.4789785389078878E-010
  0.714285731      0.333333343       5.9143113149973114E-010
  0.761904776      0.333333343       3.5909239123887993E-010
  0.809523821      0.333333343       1.8932010646677266E-010
  0.857142866      0.333333343       1.1482301220944180E-010
  0.904761910      0.333333343       1.4041382466467578E-010
  0.952380955      0.333333343       2.1081599833883136E-010
   1.00000000      0.333333343       2.6218393428534270E-010
   0.00000000      0.388888896       6.5095505374923590E-011
   4.76190485E-02  0.388888896       1.9811174749306826E-010
   9.52380970E-02  0.388888896       4.1676236420262747E-010
  0.142857149      0.388888896       5.8022323317502567E-010
  0.190476194      0.388888896       5.6488510700655747E-010
  0.238095239      0.388888896       3.5064220450797823E-010
  0.285714298      0.388888896      -7.2953925886465321E-012
  0.333333343      0.388888896      -3.0457105761050318E-010
  0.380952388      0.388888896      -4.0929879450979367E-010
  0.428571433      0.388888896      -2.4914579167117923E-010
  0.476190478      0.388888896       7.5350404518323422E-011
  0.523809552      0.388888896       5.0427373464011910E-010
  0.571428597      0.388888896       8.4165714805614633E-010
  0.619047642      0.388888896       9.6823111030500120E-010
  0.666666687      0.388888896       8.6655491116083283E-010
  0.714285731      0.388888896       5.4180214394822235E-010
  0.761904776      0.388888896       1.9429898228534581E-010
  0.809523821      0.388888896      -3.9680999805447037E-011
  0.857142866      0.388888896      -4.6418891300192833E-011
  0.904761910      0.388888896       1.0307157558009372E-010
  0.952380955      0.388888896       2.7981693871692581E-010
   1.00000000      0.388888896       3.8595001500274506E-010
   0.00000000      0.444444448       3.6845772266591581E-010
   4.76190485E-02  0.444444448       3.2979508880759401E-010
   9.52380970E-02  0.444444448       4.1668898019542322E-010
  0.142857149      0.444444448       5.8894501775430541E-010
  0.190476194      0.444444448       6.6402901666845482E-010
  0.238095239      0.444444448       4.8334300884605996E-010
  0.285714298      0.444444448       1.6917652435194386E-010
  0.333333343      0.444444448      -1.0073922859094031E-010
  0.380952388      0.444444448      -1.0157990854714471E-010
  0.428571433      0.444444448       4.3476480662135719E-011
  0.476190478      0.444444448       1.8169358151267495E-010
  0.523809552      0.444444448       3.2151127799581042E-010
  0.571428597      0.444444448       5.2242628886117748E-010
  0.619047642      0.444444448       7.2520419704125150E-010
  0.666666687      0.444444448       6.7622909355469218E-010
  0.714285731      0.444444448       4.1394254517157503E-010
  0.761904776      0.444444448       7.9562561400292608E-011
  0.809523821      0.444444448      -8.5840260247160849E-011
  0.857142866      0.444444448      -3.3884896624702954E-011
  0.904761910      0.444444448       8.3733591241252903E-011
  0.952380955      0.444444448       1.5210080764327394E-010
   1.00000000      0.444444448       1.1335029963255305E-010
   0.00000000      0.500000000       6.7538545416023776E-010
   4.76190485E-02  0.500000000       4.2407051308035459E-010
   9.52380970E-02  0.500000000       5.1221550612101652E-010
  0.142857149      0.500000000       1.5857980900646496E-009
  0.190476194      0.500000000       2.7400841925290242E-009
  0.238095239      0.500000000       2.1472507834296994E-009
  0.285714298      0.500000000       7.1780103562402164E-010
  0.333333343      0.500000000       5.2152693622020685E-011
  0.380952388      0.500000000       1.4537162446037755E-010
  0.428571433      0.500000000       3.8287135527975691E-010
  0.476190478      0.500000000       3.7346352735594807E-010
  0.523809552      0.500000000       1.5527341023190144E-010
  0.571428597      0.500000000       2.4301407544266573E-010
  0.619047642      0.500000000       4.5293754944580877E-010
  0.666666687      0.500000000       5.4552953387271286E-010
  0.714285731      0.500000000       4.5977366011640264E-010
  0.761904776      0.500000000       3.3994073701804073E-010
  0.809523821      0.500000000       2.5753819042628745E-010
  0.857142866      0.500000000       3.0092988864693915E-010
  0.904761910      0.500000000       2.0743960021940566E-010
  0.952380955      0.500000000       5.0065604439986089E-011
   1.00000000      0.500000000      -6.8121272511767472E-012
   0.00000000      0.555555582       3.5932777239788827E-010
   4.76190485E-02  0.555555582       1.0828076876107096E-008
   9.52380970E-02  0.555555582       1.2146770272947194E-007
  0.142857149      0.555555582       5.6571673715151427E-007
  0.190476194      0.555555582       1.0676864655480289E-006
  0.238095239      0.555555582       8.1329633872320728E-007
  0.285714298      0.555555582       2.5018364754793992E-007
  0.333333343      0.555555582       3.1354419833921898E-008
  0.380952388      0.555555582       1.4795426073535567E-009
  0.428571433      0.555555582       1.1247721590917914E-010
  0.476190478      0.555555582       3.0170585691227658E-010
  0.523809552      0.555555582       4.2622273852682691E-010
  0.571428597      0.555555582       3.9209780387794435E-010
  0.619047642      0.555555582       3.2155297435138008E-010
  0.666666687      0.555555582       3.5030011009962170E-010
  0.714285731      0.555555582       4.5095488454549582E-010
  0.761904776      0.555555582       4.3010115087505074E-010
  0.809523821      0.555555582       6.7255629364326719E-010
  0.857142866      0.555555582       2.9094885008185134E-010
  0.904761910      0.555555582       2.8034249921482512E-010
  0.952380955      0.555555582       1.1445386305375393E-010
   1.00000000      0.555555582       4.1591898675141792E-010
   0.00000000      0.611111104       4.4674323712579067E-008
   4.76190485E-02  0.611111104       1.2905185073023434E-006
   9.52380970E-02  0.611111104       1.4930692657634179E-005
  0.142857149      0.611111104       6.9780094068550014E-005
  0.190476194      0.611111104       1.3166537461116110E-004
  0.238095239      0.611111104       1.0029902978102821E-004
  0.285714298      0.611111104       3.0846714556602428E-005
  0.333333343      0.611111104       3.8305358577156445E-006
  0.380952388      0.611111104       1.9274451853231594E-007
  0.428571433      0.611111104       3.5603565842062812E-009
  0.476190478      0.611111104       4.7861041085200950E-011
  0.523809552      0.611111104       6.0155992188427876E-010
  0.571428597      0.611111104       4.3591171471069057E-010
  0.619047642      0.611111104       4.6324697550170768E-012
  0.666666687      0.611111104      -4.8810035874202740E-011
  0.714285731      0.611111104       7.5439673605237623E-011
  0.761904776      0.611111104       5.8829577494201590E-010
  0.809523821      0.611111104       1.6723823020869943E-010
  0.857142866      0.611111104       5.4433214186078160E-010
  0.904761910      0.611111104      -2.5319276883428721E-010
  0.952380955      0.611111104       3.4725634173726760E-010
   1.00000000      0.611111104       3.2255518048196485E-010
   0.00000000      0.666666687       1.6148305881057146E-006
   4.76190485E-02  0.666666687       4.6277809139769893E-005
   9.52380970E-02  0.666666687       5.3573621434882188E-004
  0.142857149      0.666666687       2.5038661116633838E-003
  0.190476194      0.666666687       4.7244744437941744E-003
  0.238095239      0.666666687       3.5989694671058198E-003
  0.285714298      0.666666687       1.1068398093008313E-003
  0.333333343      0.666666687       1.3742806685332169E-004
  0.380952388      0.666666687       6.8896023686943614E-006
  0.428571433      0.666666687       1.4000935328033898E-007
  0.476190478      0.666666687       1.0603660018180389E-009
  0.523809552      0.666666687       3.4226611345458680E-010
  0.571428597      0.666666687       2.3289090361061637E-010
  0.619047642      0.666666687      -1.7169938040795252E-010
  0.666666687      0.666666687      -2.9132722796643140E-010
  0.714285731      0.666666687       2.6118937394847830E-010
  0.761904776      0.666666687       8.7778458113252356E-011
  0.809523821      0.666666687       8.6655968858928567E-010
  0.857142866      0.666666687      -3.0969041567296962E-010
  0.904761910      0.666666687       4.5506374016235362E-010
  0.952380955      0.666666687      -3.1085322510504554E-010
   1.00000000      0.666666687       6.9700370475267448E-011
   0.00000000      0.722222209       1.6850215251749262E-005
   4.76190485E-02  0.722222209       4.8315590487606197E-004
   9.52380970E-02  0.722222209       5.5932655685468312E-003
  0.142857149      0.722222209       2.6141220575992427E-002
  0.190476194      0.722222209       4.9325139420374968E-002
  0.238095239      0.722222209       3.7574476754167169E-002
  0.285714298      0.722222209       1.1555786764591031E-002
  0.333333343      0.722222209       1.4347900445355055E-003
  0.380952388      0.722222209       7.1921959662803181E-005
  0.428571433      0.722222209       1.4557414686759869E-006
  0.476190478      0.722222209       1.2142677671800437E-008
  0.523809552      0.722222209       3.1662872128877806E-010
  0.571428597      0.722222209       2.6855155425831168E-010
  0.619047642      0.722222209       2.1356034995978490E-011
  0.666666687      0.722222209       5.5788528310896091E-011
  0.714285731      0.722222209      -2.1811337458377267E-011
  0.761904776      0.722222209       7.6922383393518423E-010
  0.809523821      0.722222209      -9.1576322913677899E-011
  0.857142866      0.722222209       6.1275503768221107E-010
  0.904761910      0.722222209      -4.3804353547227670E-010
  0.952380955      0.722222209       3.7834668731306920E-010
   1.00000000      0.722222209      -2.3860106251882840E-010
   0.00000000      0.777777791       5.1185061507596358E-005
   4.76190485E-02  0.777777791       1.4676982317511147E-003
   9.52380970E-02  0.777777791       1.6990848151715962E-002
  0.142857149      0.777777791       7.9410056905281703E-002
  0.190476194      0.777777791      0.14983662324314631     
  0.238095239      0.777777791      0.11414124279460222     
  0.285714298      0.777777791       3.5103396728628916E-002
  0.333333343      0.777777791       4.3585093133108425E-003
  0.380952388      0.777777791       2.1847856212105915E-004
  0.428571433      0.777777791       4.4215209701959149E-006
  0.476190478      0.777777791       3.6114780852178883E-008
  0.523809552      0.777777791       5.3011386383014503E-010
  0.571428597      0.777777791       6.3573942638006642E-010
  0.619047642      0.777777791       3.6261025085360110E-010
  0.666666687      0.777777791       3.7255090852561512E-010
  0.714285731      0.777777791       3.4051031438941948E-010
  0.761904776      0.777777791       3.2615483924747224E-010
  0.809523821      0.777777791       5.1026873698623021E-010
  0.857142866      0.777777791      -1.8446404473348998E-010
  0.904761910      0.777777791       3.1543899436936584E-010
  0.952380955      0.777777791       1.6855226936396406E-010
   1.00000000      0.777777791       2.3653850406146759E-010
   0.00000000      0.833333313       4.5240022417101372E-005
   4.76190485E-02  0.833333313       1.2972392566020126E-003
   9.52380970E-02  0.833333313       1.5017530576889357E-002
  0.142857149      0.833333313       7.0187369804520172E-002
  0.190476194      0.833333313      0.13243459245419298     
  0.238095239      0.833333313      0.10088487433705880     
  0.285714298      0.833333313       3.1026487192953211E-002
  0.333333343      0.833333313       3.8523115045650137E-003
  0.380952388      0.833333313       1.9310427313953479E-004
  0.428571433      0.833333313       3.9076874565899603E-006
  0.476190478      0.833333313       3.1898781490151060E-008
  0.523809552      0.833333313       6.1834431498708486E-010
  0.571428597      0.833333313       7.6530945122832428E-010
  0.619047642      0.833333313       7.9045534527588668E-010
  0.666666687      0.833333313       3.4430443218713691E-010
  0.714285731      0.833333313       5.5922398309316002E-010
  0.761904776      0.833333313       1.8305865503998042E-010
  0.809523821      0.833333313       3.1830589899972672E-010
  0.857142866      0.833333313      -6.4845875197283576E-011
  0.904761910      0.833333313       3.1267447658800407E-010
  0.952380955      0.833333313       4.8647132849799490E-010
   1.00000000      0.833333313       6.4109981559590246E-010
   0.00000000      0.888888896       1.1634387789272865E-005
   4.76190485E-02  0.888888896       3.3360846657661675E-004
   9.52380970E-02  0.888888896       3.8620302901465203E-003
  0.142857149      0.888888896       1.8049955749825451E-002
  0.190476194      0.888888896       3.4057956754710031E-002
  0.238095239      0.888888896       2.5944375254517583E-002
  0.285714298      0.888888896       7.9790241522983696E-003
  0.333333343      0.888888896       9.9069180651604853E-004
  0.380952388      0.888888896       4.9660195732706067E-005
  0.428571433      0.888888896       1.0051643793830382E-006
  0.476190478      0.888888896       8.2784943960731439E-009
  0.523809552      0.888888896       3.8214799857536064E-010
  0.571428597      0.888888896       6.2840060412183707E-010
  0.619047642      0.888888896       2.8770062547589514E-010
  0.666666687      0.888888896       6.1573841338147250E-010
  0.714285731      0.888888896      -1.5741876552288758E-011
  0.761904776      0.888888896       6.0848943592151095E-010
  0.809523821      0.888888896      -2.3733032900041806E-010
  0.857142866      0.888888896       4.1780000639701775E-010
  0.904761910      0.888888896      -2.5362059674627346E-011
  0.952380955      0.888888896       7.5868990950800352E-010
   1.00000000      0.888888896       3.1609842868207672E-010
   0.00000000      0.944444418       8.7135527039247651E-007
   4.76190485E-02  0.944444418       2.4962535356755355E-005
   9.52380970E-02  0.944444418       2.8898046545793032E-004
  0.142857149      0.944444418       1.3506048268011397E-003
  0.190476194      0.944444418       2.5484185060209615E-003
  0.238095239      0.944444418       1.9413121122675465E-003
  0.285714298      0.944444418       5.9703821724396006E-004
  0.333333343      0.944444418       7.4129636633059673E-005
  0.380952388      0.944444418       3.7167649618993423E-006
  0.428571433      0.944444418       7.5608217492417751E-008
  0.476190478      0.944444418       6.1953385217111689E-010
  0.523809552      0.944444418       3.3062668748640167E-010
  0.571428597      0.944444418       2.9984963817453192E-010
  0.619047642      0.944444418       2.2537204220907103E-010
  0.666666687      0.944444418      -1.4481406351851689E-010
  0.714285731      0.944444418       4.5131715725732491E-010
  0.761904776      0.944444418       5.8890982368442479E-012
  0.809523821      0.944444418       6.6806361137539128E-010
  0.857142866      0.944444418      -1.6968294824781793E-010
  0.904761910      0.944444418       4.6218638291573022E-010
  0.952380955      0.944444418      -7.6579985408553597E-011
   1.00000000      0.944444418       2.7916047945497624E-010
   0.00000000       1.00000000       1.8384284431599562E-008
   4.76190485E-02   1.00000000       5.4437346079516669E-007
   9.52380970E-02   1.00000000       6.2920068906180404E-006
  0.142857149       1.00000000       2.9404667041814381E-005
  0.190476194       1.00000000       5.5482414803593311E-005
  0.238095239       1.00000000       4.2265105568178862E-005
  0.285714298       1.00000000       1.2998576970322390E-005
  0.333333343       1.00000000       1.6145914947078566E-006
  0.380952388       1.00000000       8.1105399498890285E-008
  0.428571433       1.00000000       1.2898823667159554E-009
  0.476190478       1.00000000       1.8189337926480253E-010
  0.523809552       1.00000000       7.4191386931557468E-010
  0.571428597       1.00000000       5.9888621579268220E-010
  0.619047642       1.00000000       1.0956069211587316E-010
  0.666666687       1.00000000       1.3006558330364015E-010
  0.714285731       1.00000000       1.5138402337244727E-010
  0.761904776       1.00000000       5.2754735649362949E-010
  0.809523821       1.00000000       3.5833518097216910E-010
  0.857142866       1.00000000       4.1059142197319431E-010
  0.904761910       1.00000000      -1.9425422381758040E-010
  0.952380955       1.00000000       2.1987748080598557E-010
   1.00000000       1.00000000       6.0997805764739788E-010
