 # X Y T Z 
   0.00000000       0.00000000      -3.4115903450784163E-009
   5.00000007E-02   0.00000000      -3.7961767197607077E-009
  0.100000001       0.00000000      -4.6687180679620688E-009
  0.150000006       0.00000000      -6.3406610730128155E-009
  0.200000003       0.00000000      -9.3119538026667503E-009
  0.250000000       0.00000000      -1.1761951831772144E-008
  0.300000012       0.00000000      -2.1843105899553572E-008
  0.349999994       0.00000000       1.4311257779051068E-006
  0.400000006       0.00000000       3.5324836837008315E-006
  0.449999988       0.00000000       1.2299424690666110E-005
  0.500000000       0.00000000       1.8921122171960134E-005
  0.550000012       0.00000000       1.3248787796170088E-005
  0.600000024       0.00000000       4.3338461495573497E-006
  0.649999976       0.00000000       6.1448165141224018E-007
  0.699999988       0.00000000       1.0800183422414456E-007
  0.750000000       0.00000000       7.5013727381199186E-008
  0.800000012       0.00000000       2.3705025812073566E-008
  0.850000024       0.00000000       1.0271625781269750E-008
  0.899999976       0.00000000       6.2140323824066979E-009
  0.949999988       0.00000000       4.5553129061817049E-009
   1.00000000       0.00000000       3.9299118164337274E-009
   0.00000000       5.00000007E-02  -2.9181930294528563E-009
   5.00000007E-02   5.00000007E-02  -3.0429041944588647E-009
  0.100000001       5.00000007E-02  -3.1655504541434898E-009
  0.150000006       5.00000007E-02  -2.8250934972461061E-009
  0.200000003       5.00000007E-02   1.7109069039983327E-009
  0.250000000       5.00000007E-02   4.2418588531469015E-008
  0.300000012       5.00000007E-02   1.7816022589451502E-006
  0.349999994       5.00000007E-02   2.4590065405462845E-005
  0.400000006       5.00000007E-02   1.3255652124956763E-004
  0.449999988       5.00000007E-02   4.0150228070332656E-004
  0.500000000       5.00000007E-02   6.2890331677690776E-004
  0.550000012       5.00000007E-02   4.4925939568582268E-004
  0.600000024       5.00000007E-02   1.3616365526843827E-004
  0.649999976       5.00000007E-02   2.0626963826001583E-005
  0.699999988       5.00000007E-02   2.6847496508463665E-006
  0.750000000       5.00000007E-02   1.9833961747376533E-007
  0.800000012       5.00000007E-02   3.8742738428000634E-008
  0.850000024       5.00000007E-02   9.6511497582781047E-009
  0.899999976       5.00000007E-02   5.4740967245225924E-009
  0.949999988       5.00000007E-02   4.2072015182673464E-009
   1.00000000       5.00000007E-02   3.7747992683565858E-009
   0.00000000      0.100000001      -2.0598733120689300E-009
   5.00000007E-02  0.100000001      -1.7767380505219477E-009
  0.100000001      0.100000001      -8.7309092030793400E-010
  0.150000006      0.100000001       1.1835430005838199E-009
  0.200000003      0.100000001       1.2161173522200197E-008
  0.250000000      0.100000001       2.6027863014865815E-007
  0.300000012      0.100000001       1.4356818739614391E-005
  0.349999994      0.100000001       2.3963377523996722E-004
  0.400000006      0.100000001       1.6488162069897665E-003
  0.449999988      0.100000001       5.1225286154279520E-003
  0.500000000      0.100000001       7.8731998915905731E-003
  0.550000012      0.100000001       5.6414678301342832E-003
  0.600000024      0.100000001       1.7266880941699681E-003
  0.649999976      0.100000001       2.5596057161584738E-004
  0.699999988      0.100000001       2.3277417783444600E-005
  0.750000000      0.100000001       2.2873431447141546E-006
  0.800000012      0.100000001       2.0902459490395112E-007
  0.850000024      0.100000001       8.5530284304677351E-009
  0.899999976      0.100000001       3.1948818859581229E-009
  0.949999988      0.100000001       3.4136999194208859E-009
   1.00000000      0.100000001       3.5307683587818342E-009
   0.00000000      0.150000006      -1.0389874262588944E-009
   5.00000007E-02  0.150000006      -2.3036511934138026E-010
  0.100000001      0.150000006       2.5006647399496151E-009
  0.150000006      0.150000006       1.0713584729440950E-008
  0.200000003      0.150000006       4.0073629121659127E-008
  0.250000000      0.150000006       3.6511673521394394E-007
  0.300000012      0.150000006       5.5721862367292055E-005
  0.349999994      0.150000006       1.0096458787320906E-003
  0.400000006      0.150000006       7.6332115234651037E-003
  0.449999988      0.150000006       2.4251449985928486E-002
  0.500000000      0.150000006       3.6783543080858919E-002
  0.550000012      0.150000006       2.6424050306609898E-002
  0.600000024      0.150000006       8.1872858546330127E-003
  0.649999976      0.150000006       1.2369119720367183E-003
  0.699999988      0.150000006       1.1355889446935735E-004
  0.750000000      0.150000006       7.9297887349097937E-006
  0.800000012      0.150000006       7.3979256843062502E-007
  0.850000024      0.150000006      -1.6000763453788425E-008
  0.899999976      0.150000006       1.5647271562214266E-009
  0.949999988      0.150000006       3.0202651122267221E-009
   1.00000000      0.150000006       3.5465412800538693E-009
   0.00000000      0.200000003      -1.2065929787426211E-010
   5.00000007E-02  0.200000003       9.9065999219043188E-010
  0.100000001      0.200000003       4.8718799125144208E-009
  0.150000006      0.200000003       1.7377652550016470E-008
  0.200000003      0.200000003       4.0896735933534933E-008
  0.250000000      0.200000003       1.4676898776461167E-006
  0.300000012      0.200000003       9.3188303129284819E-005
  0.349999994      0.200000003       1.7227662654746823E-003
  0.400000006      0.200000003       1.3470521246390581E-002
  0.449999988      0.200000003       4.3521333939763582E-002
  0.500000000      0.200000003       6.5183380820760112E-002
  0.550000012      0.200000003       4.7081607717174748E-002
  0.600000024      0.200000003       1.4886754052756124E-002
  0.649999976      0.200000003       2.3244323177345526E-003
  0.699999988      0.200000003       2.2364282239898628E-004
  0.750000000      0.200000003       1.5617177691471342E-005
  0.800000012      0.200000003       1.2504901987134926E-006
  0.850000024      0.200000003       9.9730745568155088E-008
  0.899999976      0.200000003       4.5988086750173296E-009
  0.949999988      0.200000003       3.5622036669144194E-009
   1.00000000      0.200000003       3.8951216776734326E-009
   0.00000000      0.250000000       5.9196529080506044E-010
   5.00000007E-02  0.250000000       1.7270080305067936E-009
  0.100000001      0.250000000       5.5068649163284022E-009
  0.150000006      0.250000000       1.7441057537440074E-008
  0.200000003      0.250000000       3.8096293426305439E-008
  0.250000000      0.250000000       1.6248878368738812E-006
  0.300000012      0.250000000       6.8628484156711515E-005
  0.349999994      0.250000000       1.2208313486252432E-003
  0.400000006      0.250000000       9.4807105972067561E-003
  0.449999988      0.250000000       3.0890945707427345E-002
  0.500000000      0.250000000       4.5505018007280858E-002
  0.550000012      0.250000000       3.3291863430528951E-002
  0.600000024      0.250000000       1.0931212304990192E-002
  0.649999976      0.250000000       1.8139886998173875E-003
  0.699999988      0.250000000       1.8976345713753504E-004
  0.750000000      0.250000000       1.4522708118649757E-005
  0.800000012      0.250000000       1.2638462831324844E-006
  0.850000024      0.250000000       9.5153832259300269E-008
  0.899999976      0.250000000       9.2870040195418280E-009
  0.949999988      0.250000000       4.3444420362625039E-009
   1.00000000      0.250000000       4.1322117660122851E-009
   0.00000000      0.300000012       1.0659172717652349E-009
   5.00000007E-02  0.300000012       2.0525682694304270E-009
  0.100000001      0.300000012       4.9060547499535367E-009
  0.150000006      0.300000012       1.2975935684885614E-008
  0.200000003      0.300000012       3.4965981982222616E-008
  0.250000000      0.300000012       9.4626992725062309E-008
  0.300000012      0.300000012       2.5945552979562622E-005
  0.349999994      0.300000012       3.8214275570476897E-004
  0.400000006      0.300000012       2.9085136438748199E-003
  0.449999988      0.300000012       9.4629843796619952E-003
  0.500000000      0.300000012       1.3564198238074979E-002
  0.550000012      0.300000012       1.0193241774345359E-002
  0.600000024      0.300000012       3.5878943297220247E-003
  0.649999976      0.300000012       6.6206184866377134E-004
  0.699999988      0.300000012       7.9063524009518433E-005
  0.750000000      0.300000012       7.1744831776316222E-006
  0.800000012      0.300000012       7.1099506638314450E-007
  0.850000024      0.300000012       4.9504379898753642E-008
  0.899999976      0.300000012      -4.4159835055172791E-010
  0.949999988      0.300000012       2.8542172138138269E-009
   1.00000000      0.300000012       3.9457737624135070E-009
   0.00000000      0.349999994       1.3080088089034714E-009
   5.00000007E-02  0.349999994       2.2507720279577037E-009
  0.100000001      0.349999994       4.8880861238005668E-009
  0.150000006      0.349999994       1.1916765167967885E-008
  0.200000003      0.349999994       3.7460820514166604E-008
  0.250000000      0.349999994       2.5613057751117108E-007
  0.300000012      0.349999994       5.8115513902516971E-006
  0.349999994      0.349999994       5.6369594154643144E-005
  0.400000006      0.349999994       4.5316658562287579E-004
  0.449999988      0.349999994       1.4693138369352848E-003
  0.500000000      0.349999994       2.0156529958680427E-003
  0.550000012      0.349999994       1.5842068059613182E-003
  0.600000024      0.349999994       6.2306547322584394E-004
  0.649999976      0.349999994       1.3398048607821632E-004
  0.699999988      0.349999994       1.9051844966101988E-005
  0.750000000      0.349999994       2.3527872225238833E-006
  0.800000012      0.349999994       3.8323089021066389E-007
  0.850000024      0.349999994      -2.4334369217587914E-008
  0.899999976      0.349999994      -7.4827600908024261E-010
  0.949999988      0.349999994       2.5556687896586411E-009
   1.00000000      0.349999994       3.5636978518984938E-009
   0.00000000      0.400000006       1.1847988156971773E-009
   5.00000007E-02  0.400000006       1.8210390920897490E-009
  0.100000001      0.400000006       3.4966863560453171E-009
  0.150000006      0.400000006       7.2770807088562428E-009
  0.200000003      0.400000006       1.5061121962003238E-008
  0.250000000      0.400000006       3.4996135818247953E-008
  0.300000012      0.400000006       7.3880448618265926E-008
  0.349999994      0.400000006       5.8778820876772588E-006
  0.400000006      0.400000006       4.3657481371277046E-005
  0.449999988      0.400000006       1.4847435414146496E-004
  0.500000000      0.400000006       1.9363588141838728E-004
  0.550000012      0.400000006       1.5971791158005198E-004
  0.600000024      0.400000006       7.1680603448870481E-005
  0.649999976      0.400000006       1.8352403081729632E-005
  0.699999988      0.400000006       3.4871284003154882E-006
  0.750000000      0.400000006       6.3466748187988864E-007
  0.800000012      0.400000006       8.1005515667649519E-009
  0.850000024      0.400000006      -8.6296046350464728E-009
  0.899999976      0.400000006      -1.3030310534994233E-009
  0.949999988      0.400000006       1.9711471228043079E-009
   1.00000000      0.400000006       3.2163929777483287E-009
   0.00000000      0.449999988       8.9300297538563722E-010
   5.00000007E-02  0.449999988       1.1882201325294495E-009
  0.100000001      0.449999988       1.8376863223420331E-009
  0.150000006      0.449999988       2.8044935371403235E-009
  0.200000003      0.449999988       2.9934109366594464E-009
  0.250000000      0.449999988      -2.9942456929686612E-009
  0.300000012      0.449999988      -1.6022526892929545E-008
  0.349999994      0.449999988       4.1170282720883258E-007
  0.400000006      0.449999988       4.6105543616497364E-006
  0.449999988      0.449999988       1.3859243578023058E-005
  0.500000000      0.449999988       1.7662113805334508E-005
  0.550000012      0.449999988       1.4953493999797886E-005
  0.600000024      0.449999988       7.5844016764766266E-006
  0.649999976      0.449999988       2.5513731071828954E-006
  0.699999988      0.449999988       6.5348785451696534E-007
  0.750000000      0.449999988      -8.9855610465282287E-009
  0.800000012      0.449999988       5.9715359107190280E-009
  0.850000024      0.449999988      -3.8212216123528070E-009
  0.899999976      0.449999988       3.1000629580751893E-011
  0.949999988      0.449999988       2.4829411265740731E-009
   1.00000000      0.449999988       3.4136256304301282E-009
   0.00000000      0.500000000       6.4642155766635873E-010
   5.00000007E-02  0.500000000       7.5259834020173499E-010
  0.100000001      0.500000000       8.8906584394879418E-010
  0.150000006      0.500000000       7.4043396717723975E-010
  0.200000003      0.500000000      -7.3290154587596357E-010
  0.250000000      0.500000000      -6.3182245104223544E-009
  0.300000012      0.500000000      -2.2135330658267643E-008
  0.349999994      0.500000000      -9.9000976836165905E-008
  0.400000006      0.500000000       5.5509900072359120E-007
  0.449999988      0.500000000       2.2019099530678262E-006
  0.500000000      0.500000000       2.4172612720784088E-006
  0.550000012      0.500000000       2.1196510267692485E-006
  0.600000024      0.500000000       1.2193881223747371E-006
  0.649999976      0.500000000       4.7750088247528258E-007
  0.699999988      0.500000000      -2.7433216152721041E-008
  0.750000000      0.500000000      -3.2665368298722547E-008
  0.800000012      0.500000000      -6.1181134199637943E-009
  0.850000024      0.500000000       8.6520471819992451E-010
  0.899999976      0.500000000       3.2513857090629011E-009
  0.949999988      0.500000000       3.9238645950078616E-009
   1.00000000      0.500000000       4.0881121004697138E-009
   0.00000000      0.550000012       5.7422248369003864E-010
   5.00000007E-02  0.550000012       7.3124160069118482E-010
  0.100000001      0.550000012       1.0775069744870663E-009
  0.150000006      0.550000012       1.6799927581891139E-009
  0.200000003      0.550000012       2.7178902834920637E-009
  0.250000000      0.550000012       4.7247404556458039E-009
  0.300000012      0.550000012       7.6725519345018089E-009
  0.349999994      0.550000012       2.7412458891359903E-009
  0.400000006      0.550000012      -1.0555793332131524E-007
  0.449999988      0.550000012       6.7609048974136970E-007
  0.500000000      0.550000012       7.6022397006323891E-007
  0.550000012      0.550000012       6.3655767778333233E-007
  0.600000024      0.550000012       2.9707548384813598E-008
  0.649999976      0.550000012      -1.0651681931709428E-007
  0.699999988      0.550000012      -2.1439948242121809E-008
  0.750000000      0.550000012       1.0672681422223967E-008
  0.800000012      0.550000012       1.4783096217215602E-008
  0.850000024      0.550000012       1.1872620144176907E-008
  0.899999976      0.550000012       7.9489080015470240E-009
  0.949999988      0.550000012       5.6848035083576637E-009
   1.00000000      0.550000012       4.8153490919623960E-009
   0.00000000      0.600000024       6.3930098118548245E-010
   5.00000007E-02  0.600000024       1.0087493776487350E-009
  0.100000001      0.600000024       2.0178820780113182E-009
  0.150000006      0.600000024       4.4381899396914171E-009
  0.200000003      0.600000024       1.0471204729255862E-008
  0.250000000      0.600000024       2.7428948731235414E-008
  0.300000012      0.600000024       8.1464585187027150E-008
  0.349999994      0.600000024       3.7783438152846904E-007
  0.400000006      0.600000024       8.6328583629269144E-006
  0.449999988      0.600000024       3.4362323730805638E-005
  0.500000000      0.600000024       5.3475532551931250E-005
  0.550000012      0.600000024       3.5460341388995811E-005
  0.600000024      0.600000024       1.1769326235372066E-005
  0.649999976      0.600000024       2.0894176395063521E-006
  0.699999988      0.600000024       1.6184615283729165E-007
  0.750000000      0.600000024       2.9194633278462404E-007
  0.800000012      0.600000024       7.2261895639989804E-008
  0.850000024      0.600000024       2.8388131084571000E-008
  0.899999976      0.600000024       1.2506507681038503E-008
  0.949999988      0.600000024       6.6368502351851766E-009
   1.00000000      0.600000024       4.8700367489802956E-009
   0.00000000      0.649999976       7.0935638504625309E-010
   5.00000007E-02  0.649999976       1.3127782205486077E-009
  0.100000001      0.649999976       3.0374928635702736E-009
  0.150000006      0.649999976       7.2766514263786219E-009
  0.200000003      0.649999976       1.7647880466448856E-008
  0.250000000      0.649999976       4.7599638225773178E-008
  0.300000012      0.649999976       1.0920976766656473E-006
  0.349999994      0.649999976       2.3982078216555494E-005
  0.400000006      0.649999976       2.3518637017459288E-004
  0.449999988      0.649999976       9.2534887930294414E-004
  0.500000000      0.649999976       1.4123448841293503E-003
  0.550000012      0.649999976       9.6318724007928144E-004
  0.600000024      0.649999976       3.1663245592764662E-004
  0.649999976      0.649999976       5.4055530596364273E-005
  0.699999988      0.649999976       6.2670451363828171E-006
  0.750000000      0.649999976       3.6739089301265210E-007
  0.800000012      0.649999976       7.2519563029584816E-008
  0.850000024      0.649999976       2.0840824651322323E-008
  0.899999976      0.649999976       9.4237839463363893E-009
  0.949999988      0.649999976       4.5733003221004251E-009
   1.00000000      0.649999976       3.4096833083753844E-009
   0.00000000      0.699999988       6.9977665459117211E-010
   5.00000007E-02  0.699999988       1.5123276574189465E-009
  0.100000001      0.699999988       3.9954526132902901E-009
  0.150000006      0.699999988       1.0470542935719224E-008
  0.200000003      0.699999988       2.7288462762890819E-008
  0.250000000      0.699999988       1.4795975240063791E-007
  0.300000012      0.699999988       1.3293048280877719E-005
  0.349999994      0.699999988       2.6462620179120442E-004
  0.400000006      0.699999988       2.3218878237343463E-003
  0.449999988      0.699999988       8.4361650546732041E-003
  0.500000000      0.699999988       1.2693127945542592E-002
  0.550000012      0.699999988       8.9335401404386696E-003
  0.600000024      0.699999988       2.9250157204619223E-003
  0.649999976      0.699999988       4.8956546250204314E-004
  0.699999988      0.699999988       5.1421086675923770E-005
  0.750000000      0.699999988       4.5910100878480617E-006
  0.800000012      0.699999988       4.4188244448196620E-007
  0.850000024      0.699999988      -2.4709682657636511E-008
  0.899999976      0.699999988      -3.8120251096354640E-010
  0.949999988      0.699999988      -3.0907224848018833E-010
   1.00000000      0.699999988       6.7461627516890443E-010
   0.00000000      0.750000000       5.9236417019378068E-010
   5.00000007E-02  0.750000000       1.5578906465644332E-009
  0.100000001      0.750000000       4.8479585272424852E-009
  0.150000006      0.750000000       1.4593248675882214E-008
  0.200000003      0.750000000       3.1620252113721825E-008
  0.250000000      0.750000000       1.2587548828676617E-006
  0.300000012      0.750000000       6.1977354868140468E-005
  0.349999994      0.750000000       1.1386425268171533E-003
  0.400000006      0.750000000       9.1445462481241305E-003
  0.449999988      0.750000000       3.0748560261165885E-002
  0.500000000      0.750000000       4.5810963205326176E-002
  0.550000012      0.750000000       3.3015281243726526E-002
  0.600000024      0.750000000       1.0748991464375848E-002
  0.649999976      0.750000000       1.7686392944589134E-003
  0.699999988      0.750000000       1.8351421432162936E-004
  0.750000000      0.750000000       1.3864638072859240E-005
  0.800000012      0.750000000       1.3606763246457564E-006
  0.850000024      0.750000000       8.7464781990849449E-008
  0.899999976      0.750000000      -9.1432895070291120E-009
  0.949999988      0.750000000      -5.4071491586505163E-009
   1.00000000      0.750000000      -1.6276825712995338E-009
   0.00000000      0.800000012       3.8600165175751294E-010
   5.00000007E-02  0.800000012       1.3295192674653983E-009
  0.100000001      0.800000012       4.8061150749283132E-009
  0.150000006      0.800000012       1.6150478212607899E-008
  0.200000003      0.800000012       3.6171298475537461E-008
  0.250000000      0.800000012       2.2501860518333097E-006
  0.300000012      0.800000012       1.0250037811715493E-004
  0.349999994      0.800000012       1.8446256395438453E-003
  0.400000006      0.800000012       1.4040408945252183E-002
  0.449999988      0.800000012       4.4613313630301500E-002
  0.500000000      0.800000012       6.6209575431393580E-002
  0.550000012      0.800000012       4.8316748739721783E-002
  0.600000024      0.800000012       1.5578395096421024E-002
  0.649999976      0.800000012       2.5147879645271085E-003
  0.699999988      0.800000012       2.5585066489210097E-004
  0.750000000      0.800000012       1.9068298255704247E-005
  0.800000012      0.800000012       1.5184344176411230E-006
  0.850000024      0.800000012       9.8475762322792343E-008
  0.899999976      0.800000012      -7.2679269534116353E-009
  0.949999988      0.800000012      -4.8759992546431111E-009
   1.00000000      0.800000012      -1.2649283811149922E-009
   0.00000000      0.850000024       8.6567046933549996E-011
   5.00000007E-02  0.850000024       7.2513285870670630E-010
  0.100000001      0.850000024       3.1273014195615234E-009
  0.150000006      0.850000024       1.1965601390360320E-008
  0.200000003      0.850000024       4.5232096076465445E-008
  0.250000000      0.850000024       2.4617811990052668E-007
  0.300000012      0.850000024       6.3147168546925057E-005
  0.349999994      0.850000024       1.1049940116563579E-003
  0.400000006      0.850000024       8.1649983263650649E-003
  0.449999988      0.850000024       2.4979767815362264E-002
  0.500000000      0.850000024       3.7058735999959430E-002
  0.550000012      0.850000024       2.7186028479638212E-002
  0.600000024      0.850000024       8.6663972997297091E-003
  0.649999976      0.850000024       1.3738551684212368E-003
  0.699999988      0.850000024       1.3624054940776503E-004
  0.750000000      0.850000024       1.0103073430611900E-005
  0.800000012      0.850000024       1.0382505581269528E-006
  0.850000024      0.850000024       5.7363308706825239E-008
  0.899999976      0.850000024      -9.7815895348796200E-009
  0.949999988      0.850000024      -2.1761866628383988E-009
   1.00000000      0.850000024       9.5090956219205311E-010
   0.00000000      0.899999976      -2.0793203226940338E-010
   5.00000007E-02  0.899999976       1.0459698081624613E-010
  0.100000001      0.899999976       1.2598273960509609E-009
  0.150000006      0.899999976       5.2878418302024222E-009
  0.200000003      0.899999976       2.2630049653638018E-008
  0.250000000      0.899999976       2.2323159589148628E-007
  0.300000012      0.899999976       1.4507433466260690E-005
  0.349999994      0.899999976       2.4348022471708860E-004
  0.400000006      0.899999976       1.7691114490667669E-003
  0.449999988      0.899999976       5.2761979507230748E-003
  0.500000000      0.899999976       7.8376650868674149E-003
  0.550000012      0.899999976       5.7570069979784701E-003
  0.600000024      0.899999976       1.8139957994867712E-003
  0.649999976      0.899999976       2.8257443399714872E-004
  0.699999988      0.899999976       2.7612031569860190E-005
  0.750000000      0.899999976       2.7964460981331563E-006
  0.800000012      0.899999976       4.5001209397462286E-007
  0.850000024      0.899999976      -8.3178878593909156E-009
  0.899999976      0.899999976       1.1364265463994355E-009
  0.949999988      0.899999976       2.9012151584123860E-009
   1.00000000      0.899999976       3.7325422755840262E-009
   0.00000000      0.949999988      -4.3174393368154013E-010
   5.00000007E-02  0.949999988      -3.4229205732837220E-010
  0.100000001      0.949999988       4.7281983450025988E-011
  0.150000006      0.949999988       1.6561546053832366E-009
  0.200000003      0.949999988       1.0993025795213995E-008
  0.250000000      0.949999988       9.7872546469222887E-008
  0.300000012      0.949999988       1.2365799201266223E-006
  0.349999994      0.949999988       2.0147800415713617E-005
  0.400000006      0.949999988       1.4187631588643613E-004
  0.449999988      0.949999988       4.1524534752363320E-004
  0.500000000      0.949999988       6.1805907623807403E-004
  0.550000012      0.949999988       4.5367976495025366E-004
  0.600000024      0.949999988       1.4166054309015360E-004
  0.649999976      0.949999988       2.2589033826804283E-005
  0.699999988      0.949999988       3.2251807671593085E-006
  0.750000000      0.949999988       6.2375057429276543E-007
  0.800000012      0.949999988       8.6838151287793597E-009
  0.850000024      0.949999988       1.5025350954319533E-008
  0.899999976      0.949999988       8.4530658482021709E-009
  0.949999988      0.949999988       6.3787720460490790E-009
   1.00000000      0.949999988       5.7768160131236972E-009
   0.00000000       1.00000000      -5.5541353753598560E-010
   5.00000007E-02   1.00000000      -5.8379201234477762E-010
  0.100000001       1.00000000      -5.8098934517525347E-010
  0.150000006       1.00000000      -2.9133010977580587E-010
  0.200000003       1.00000000       1.9202595112968734E-009
  0.250000000       1.00000000       1.6541832709160431E-008
  0.300000012       1.00000000       5.1889315602973718E-008
  0.349999994       1.00000000       4.3480104286539728E-007
  0.400000006       1.00000000       4.5053431201003916E-006
  0.449999988       1.00000000       1.2088041958872964E-005
  0.500000000       1.00000000       1.8021331893163433E-005
  0.550000012       1.00000000       1.3292495385240025E-005
  0.600000024       1.00000000       4.4078686159273409E-006
  0.649999976       1.00000000       1.2918400978624220E-006
  0.699999988       1.00000000       3.7570553018803285E-007
  0.750000000       1.00000000       9.3068889111484060E-008
  0.800000012       1.00000000       3.6068110779736290E-008
  0.850000024       1.00000000       1.8109540486990761E-008
  0.899999976       1.00000000       1.0735606979783707E-008
  0.949999988       1.00000000       7.8121103202913669E-009
   1.00000000       1.00000000       6.7323663554262093E-009
