 # X Y T Z 
   0.00000000       0.00000000      -8.3379105660155717E-006
   5.00000007E-02   0.00000000      -8.2730458562316200E-006
  0.100000001       0.00000000      -8.0122623892578404E-006
  0.150000006       0.00000000      -7.4063226811263427E-006
  0.200000003       0.00000000      -6.4848064500258595E-006
  0.250000000       0.00000000      -5.4778653457779325E-006
  0.300000012       0.00000000      -4.5502192447324785E-006
  0.349999994       0.00000000      -3.7634506233688581E-006
  0.400000006       0.00000000      -3.1633262878652535E-006
  0.449999988       0.00000000      -2.7950959469238978E-006
  0.500000000       0.00000000      -2.6660298055383724E-006
  0.550000012       0.00000000      -2.7990245490897014E-006
  0.600000024       0.00000000      -3.2686598661138544E-006
  0.649999976       0.00000000      -4.0546260810028767E-006
  0.699999988       0.00000000      -4.8976129094005505E-006
  0.750000000       0.00000000      -5.6859963164304639E-006
  0.800000012       0.00000000      -6.3362270520742059E-006
  0.850000024       0.00000000      -6.7293639152768425E-006
  0.899999976       0.00000000      -6.8649132595258178E-006
  0.949999988       0.00000000      -6.8377300641089822E-006
   1.00000000       0.00000000      -6.7781680969450364E-006
   0.00000000       5.00000007E-02  -9.1527626471729628E-006
   5.00000007E-02   5.00000007E-02  -9.1787023966879988E-006
  0.100000001       5.00000007E-02  -8.9864156590444000E-006
  0.150000006       5.00000007E-02  -8.2630081325932303E-006
  0.200000003       5.00000007E-02  -7.0809076208114274E-006
  0.250000000       5.00000007E-02  -5.7834262402398084E-006
  0.300000012       5.00000007E-02  -4.7730634676560607E-006
  0.349999994       5.00000007E-02  -4.0703509404729776E-006
  0.400000006       5.00000007E-02  -3.2941792879673248E-006
  0.449999988       5.00000007E-02  -2.8390661677216156E-006
  0.500000000       5.00000007E-02  -2.6786377035972753E-006
  0.550000012       5.00000007E-02  -2.8133683330280879E-006
  0.600000024       5.00000007E-02  -3.5141705234734144E-006
  0.649999976       5.00000007E-02  -4.8315495118703145E-006
  0.699999988       5.00000007E-02  -5.8452610454742815E-006
  0.750000000       5.00000007E-02  -6.5994354084344953E-006
  0.800000012       5.00000007E-02  -7.2868911710280426E-006
  0.850000024       5.00000007E-02  -7.6371154265966745E-006
  0.899999976       5.00000007E-02  -7.6629067316605348E-006
  0.949999988       5.00000007E-02  -7.5110980508955039E-006
   1.00000000       5.00000007E-02  -7.3729586038615014E-006
   0.00000000      0.100000001      -1.0964063780420641E-005
   5.00000007E-02  0.100000001      -1.1319649488035488E-005
  0.100000001      0.100000001      -1.1457535525970231E-005
  0.150000006      0.100000001      -1.0424091172751837E-005
  0.200000003      0.100000001      -8.4589274067306541E-006
  0.250000000      0.100000001      -6.0974962502492736E-006
  0.300000012      0.100000001      -3.9479957558152812E-006
  0.349999994      0.100000001      -2.0338826294021006E-006
  0.400000006      0.100000001      -3.2081231193838156E-006
  0.449999988      0.100000001      -2.9570596354958067E-006
  0.500000000      0.100000001      -2.7253399256868538E-006
  0.550000012      0.100000001      -2.7589535520136654E-006
  0.600000024      0.100000001       5.5501704291152643E-007
  0.649999976      0.100000001       9.7617234318114754E-007
  0.699999988      0.100000001      -4.8542531361633889E-006
  0.750000000      0.100000001      -8.8641627665822509E-006
  0.800000012      0.100000001      -9.6085013354188509E-006
  0.850000024      0.100000001      -9.8100749769472473E-006
  0.899999976      0.100000001      -9.5273842716583901E-006
  0.949999988      0.100000001      -9.0254563719291414E-006
   1.00000000      0.100000001      -8.6705917105925345E-006
   0.00000000      0.150000006      -1.4192597177956068E-005
   5.00000007E-02  0.150000006      -1.5625181432062096E-005
  0.100000001      0.150000006      -1.7189522990575246E-005
  0.150000006      0.150000006      -1.5293515201610097E-005
  0.200000003      0.150000006      -1.1031306883520220E-005
  0.250000000      0.150000006      -3.2718789704302975E-006
  0.300000012      0.150000006      -2.8538828088925383E-006
  0.349999994      0.150000006      -4.7479284445775538E-006
  0.400000006      0.150000006      -3.6607801509672133E-006
  0.449999988      0.150000006      -3.3154499884460731E-006
  0.500000000      0.150000006      -3.2333756891447796E-006
  0.550000012      0.150000006      -2.3875736324188712E-006
  0.600000024      0.150000006      -2.4500535364402332E-007
  0.649999976      0.150000006       2.2993978411926796E-005
  0.699999988      0.150000006       1.0210334081828254E-005
  0.750000000      0.150000006      -8.6791631031708782E-006
  0.800000012      0.150000006      -1.4422667175141568E-005
  0.850000024      0.150000006      -1.4235778216943606E-005
  0.899999976      0.150000006      -1.3215531693498705E-005
  0.949999988      0.150000006      -1.1823751271476668E-005
   1.00000000      0.150000006      -1.0944081472112621E-005
   0.00000000      0.200000003      -1.9583266709633645E-005
   5.00000007E-02  0.200000003      -2.4373813981057313E-005
  0.100000001      0.200000003      -3.2271911710950174E-005
  0.150000006      0.200000003      -2.6776669913027018E-005
  0.200000003      0.200000003      -1.5387066128060012E-005
  0.250000000      0.200000003      -5.2204232656241634E-006
  0.300000012      0.200000003      -6.8130504926669500E-006
  0.349999994      0.200000003      -4.3109141054167854E-006
  0.400000006      0.200000003      -4.2563962823830015E-006
  0.449999988      0.200000003      -4.7950156470480398E-006
  0.500000000      0.200000003      -5.6621438102102961E-006
  0.550000012      0.200000003      -3.5412416848970563E-006
  0.600000024      0.200000003      -3.6934729581022951E-007
  0.649999976      0.200000003       7.5951559797976520E-006
  0.699999988      0.200000003       2.0522822761999404E-005
  0.750000000      0.200000003       5.4592528818467323E-006
  0.800000012      0.200000003      -2.5258396970519181E-005
  0.850000024      0.200000003      -2.3595725644483256E-005
  0.899999976      0.200000003      -2.0822898824941760E-005
  0.949999988      0.200000003      -1.6973016788858486E-005
   1.00000000      0.200000003      -1.4820470326637469E-005
   0.00000000      0.250000000      -2.8179256966028021E-005
   5.00000007E-02  0.250000000      -4.2337791269865532E-005
  0.100000001      0.250000000      -1.4262619824345624E-005
  0.150000006      0.250000000       1.1616599454593313E-004
  0.200000003      0.250000000       3.8692551729106739E-005
  0.250000000      0.250000000      -1.0197438945903914E-005
  0.300000012      0.250000000      -8.3690790350712807E-006
  0.349999994      0.250000000      -9.7187733195253090E-007
  0.400000006      0.250000000      -4.5592709285793842E-006
  0.449999988      0.250000000       3.8441390296076877E-005
  0.500000000      0.250000000      -1.3724856725856605E-005
  0.550000012      0.250000000      -8.2806338772070665E-006
  0.600000024      0.250000000       2.9303405407674066E-006
  0.649999976      0.250000000       1.3454361045321661E-005
  0.699999988      0.250000000       4.6708483652818655E-005
  0.750000000      0.250000000       8.7594257926912333E-005
  0.800000012      0.250000000       6.5962389644999564E-005
  0.850000024      0.250000000      -4.6749212045185673E-005
  0.899999976      0.250000000      -3.9011589426034277E-005
  0.949999988      0.250000000      -2.7076805145909155E-005
   1.00000000      0.250000000      -2.1877771835376869E-005
   0.00000000      0.300000012      -2.9891238141323273E-005
   5.00000007E-02  0.300000012      -5.4564717876362523E-005
  0.100000001      0.300000012       1.2445222231671771E-004
  0.150000006      0.300000012       4.8694156062389915E-004
  0.200000003      0.300000012       5.6461186269374242E-004
  0.250000000      0.300000012       4.3176652384147030E-004
  0.300000012      0.300000012       3.2651811872204395E-004
  0.349999994      0.300000012       1.2938556290335856E-004
  0.400000006      0.300000012       1.6114090681684790E-004
  0.449999988      0.300000012       6.0091131130229902E-005
  0.500000000      0.300000012      -1.7247067965048268E-005
  0.550000012      0.300000012       4.7869835422056917E-006
  0.600000024      0.300000012       1.7050137988493252E-005
  0.649999976      0.300000012       1.2522033256825993E-004
  0.699999988      0.300000012       3.6373767138989099E-004
  0.750000000      0.300000012       6.2434695499097304E-004
  0.800000012      0.300000012       6.0836380338169516E-004
  0.850000024      0.300000012       3.2985569442028906E-004
  0.899999976      0.300000012       6.3905233137956374E-005
  0.949999988      0.300000012      -3.8974977658937093E-005
   1.00000000      0.300000012      -2.3110846352307479E-005
   0.00000000      0.349999994      -2.7378562033102127E-005
   5.00000007E-02  0.349999994      -4.5078529684688950E-005
  0.100000001      0.349999994       4.1656013814861392E-004
  0.150000006      0.349999994       1.5988040896871558E-003
  0.200000003      0.349999994       2.5737744899384518E-003
  0.250000000      0.349999994       2.3810524660797805E-003
  0.300000012      0.349999994       1.3125191575959483E-003
  0.349999994      0.349999994       6.6507443868268901E-004
  0.400000006      0.349999994       2.0286958117707310E-004
  0.449999988      0.349999994       4.8845011033082919E-005
  0.500000000      0.349999994      -3.3289550234308352E-005
  0.550000012      0.349999994      -3.8769720576009581E-006
  0.600000024      0.349999994       6.4538541386188752E-005
  0.649999976      0.349999994       4.3904254558926881E-004
  0.699999988      0.349999994       1.3033920747920202E-003
  0.750000000      0.349999994       2.5510256588861524E-003
  0.800000012      0.349999994       2.7299536528474500E-003
  0.850000024      0.349999994       1.5405756703377738E-003
  0.899999976      0.349999994       4.8051599694634572E-004
  0.949999988      0.349999994       4.4770916494366042E-005
   1.00000000      0.349999994      -1.4167360789907324E-005
   0.00000000      0.400000006      -1.6334988875758849E-005
   5.00000007E-02  0.400000006       9.6434542552766012E-005
  0.100000001      0.400000006       1.3948981502654306E-003
  0.150000006      0.400000006       6.5778585224309238E-003
  0.200000003      0.400000006       1.3452785540497614E-002
  0.250000000      0.400000006       1.1310318518115953E-002
  0.300000012      0.400000006       3.9710167510543237E-003
  0.349999994      0.400000006       8.4908169647218701E-004
  0.400000006      0.400000006       3.4979192102504997E-004
  0.449999988      0.400000006      -8.0203104617787568E-005
  0.500000000      0.400000006      -4.7216687964070359E-005
  0.550000012      0.400000006      -4.6935154777862087E-005
  0.600000024      0.400000006       1.6264797565823663E-004
  0.649999976      0.400000006       1.0881305918697404E-003
  0.699999988      0.400000006       3.8872679471969040E-003
  0.750000000      0.400000006       1.0274431770108311E-002
  0.800000012      0.400000006       1.3668257441541098E-002
  0.850000024      0.400000006       7.2531895001969188E-003
  0.899999976      0.400000006       1.6413896922977261E-003
  0.949999988      0.400000006       2.1074784038102590E-004
   1.00000000      0.400000006      -1.2804709861792551E-005
   0.00000000      0.449999988      -4.9492315631963213E-006
   5.00000007E-02  0.449999988       4.1872498211079079E-004
  0.100000001      0.449999988       4.6660534983785883E-003
  0.150000006      0.449999988       2.1199326540055533E-002
  0.200000003      0.449999988       4.1359070301767942E-002
  0.250000000      0.449999988       3.3215751918883749E-002
  0.300000012      0.449999988       1.1467375800166664E-002
  0.349999994      0.449999988       1.5876883471563630E-003
  0.400000006      0.449999988      -9.3273661813025877E-005
  0.449999988      0.449999988      -5.6937285448172004E-005
  0.500000000      0.449999988      -4.3384484066939788E-005
  0.550000012      0.449999988      -5.0307050302733636E-005
  0.600000024      0.449999988       2.3134175751951536E-004
  0.649999976      0.449999988       1.8789537864292161E-003
  0.699999988      0.449999988       9.3051603706261199E-003
  0.750000000      0.449999988       3.1009515370873944E-002
  0.800000012      0.449999988       4.2699920736752502E-002
  0.850000024      0.449999988       2.2913289984683755E-002
  0.899999976      0.449999988       5.1163492555449212E-003
  0.949999988      0.449999988       7.1338389818571823E-004
   1.00000000      0.449999988      -1.3546557370992807E-005
   0.00000000      0.500000000       2.2754844435819710E-005
   5.00000007E-02  0.500000000       6.5641915253487199E-004
  0.100000001      0.500000000       6.3885669699394465E-003
  0.150000006      0.500000000       2.4601504543181316E-002
  0.200000003      0.500000000       4.8953557585763779E-002
  0.250000000      0.500000000       4.3354767450882542E-002
  0.300000012      0.500000000       1.6689306132593257E-002
  0.349999994      0.500000000       2.9731559269843832E-003
  0.400000006      0.500000000      -2.6805909109917092E-005
  0.449999988      0.500000000      -4.2963519834571251E-005
  0.500000000      0.500000000      -3.6235664977533888E-005
  0.550000012      0.500000000      -3.6148824987813910E-005
  0.600000024      0.500000000      -2.7994890915650217E-005
  0.649999976      0.500000000       1.7759361309503396E-003
  0.699999988      0.500000000       1.1420712686204759E-002
  0.750000000      0.500000000       3.9160713580008194E-002
  0.800000012      0.500000000       5.5040716652481850E-002
  0.850000024      0.500000000       2.9430884875854837E-002
  0.899999976      0.500000000       6.9765608869673534E-003
  0.949999988      0.500000000       1.1566076486995043E-003
   1.00000000      0.500000000      -3.6327301741814755E-006
   0.00000000      0.550000012       1.0016048026396940E-005
   5.00000007E-02  0.550000012       4.0077956548631097E-004
  0.100000001      0.550000012       4.8111759624705902E-003
  0.150000006      0.550000012       2.3369918537462855E-002
  0.200000003      0.550000012       4.7869378436057541E-002
  0.250000000      0.550000012       3.9282186965590021E-002
  0.300000012      0.550000012       1.3484622721913864E-002
  0.349999994      0.550000012       1.9902267496838266E-003
  0.400000006      0.550000012       1.3256305976835914E-004
  0.449999988      0.550000012      -4.1942816561633955E-005
  0.500000000      0.550000012      -3.0117537804595640E-005
  0.550000012      0.550000012      -3.4371863013173132E-005
  0.600000024      0.550000012       2.5307934905785534E-004
  0.649999976      0.550000012       1.9941443681029680E-003
  0.699999988      0.550000012       1.1128143203323670E-002
  0.750000000      0.550000012       3.6142313828369355E-002
  0.800000012      0.550000012       4.9214704903400630E-002
  0.850000024      0.550000012       2.6280743283954404E-002
  0.899999976      0.550000012       5.1354350213313159E-003
  0.949999988      0.550000012       6.0320302625056429E-004
   1.00000000      0.550000012      -8.2869840518223770E-007
   0.00000000      0.600000024       8.0044908957327410E-007
   5.00000007E-02  0.600000024       6.2434428415792526E-005
  0.100000001      0.600000024       2.3227453313348079E-003
  0.150000006      0.600000024       1.1144050655238671E-002
  0.200000003      0.600000024       2.0170913481637423E-002
  0.250000000      0.600000024       1.4457752419079956E-002
  0.300000012      0.600000024       4.2858639915300326E-003
  0.349999994      0.600000024       5.2765509528784199E-004
  0.400000006      0.600000024       1.3386392160877336E-005
  0.449999988      0.600000024      -2.4326239733009347E-005
  0.500000000      0.600000024      -1.9172111636607536E-005
  0.550000012      0.600000024      -1.9857775823979573E-005
  0.600000024      0.600000024       1.5347383784653640E-004
  0.649999976      0.600000024       1.1859689141083263E-003
  0.699999988      0.600000024       4.3813710799917027E-003
  0.750000000      0.600000024       1.4689733042901360E-002
  0.800000012      0.600000024       1.9506574449306827E-002
  0.850000024      0.600000024       1.0670624169918645E-002
  0.899999976      0.600000024       2.0923703133156751E-003
  0.949999988      0.600000024       1.6196056365427522E-004
   1.00000000      0.600000024       6.0161380977183376E-006
   0.00000000      0.649999976      -5.3703350277461981E-006
   5.00000007E-02  0.649999976      -9.3305105573829317E-006
  0.100000001      0.649999976       3.8573124988088014E-004
  0.150000006      0.649999976       1.9349702286247938E-003
  0.200000003      0.649999976       3.1901092361611150E-003
  0.250000000      0.649999976       2.1075673676894946E-003
  0.300000012      0.649999976       5.4889035842618089E-004
  0.349999994      0.649999976       3.8988867341736844E-005
  0.400000006      0.649999976      -9.9740571454093319E-006
  0.449999988      0.649999976      -3.4550373272587698E-006
  0.500000000      0.649999976      -1.2033614991281694E-005
  0.550000012      0.649999976      -9.4813811783792112E-006
  0.600000024      0.649999976       5.2031756510133309E-005
  0.649999976      0.649999976       5.1886527781855318E-004
  0.699999988      0.649999976       9.2782086854859003E-004
  0.750000000      0.649999976       2.1049822672311314E-003
  0.800000012      0.649999976       3.0129218899880572E-003
  0.850000024      0.649999976       1.7585583024653899E-003
  0.899999976      0.649999976       4.1592616726073006E-004
  0.949999988      0.649999976       1.4364142385980827E-005
   1.00000000      0.649999976       1.8857339281336261E-006
   0.00000000      0.699999988      -7.8503165924850848E-006
   5.00000007E-02  0.699999988      -1.2648930660393021E-005
  0.100000001      0.699999988      -3.3642743037666512E-005
  0.150000006      0.699999988       1.5467306455513308E-004
  0.200000003      0.699999988       2.2831366189116076E-004
  0.250000000      0.699999988       1.2053536557480454E-004
  0.300000012      0.699999988       1.9352825766982829E-005
  0.349999994      0.699999988      -9.3750859267507924E-006
  0.400000006      0.699999988      -3.7327250152485725E-006
  0.449999988      0.699999988       2.7090820465397458E-008
  0.500000000      0.699999988      -7.6234116989995493E-006
  0.550000012      0.699999988      -5.1707021944749632E-006
  0.600000024      0.699999988       4.5753705857888571E-005
  0.649999976      0.699999988       1.0792673272197462E-004
  0.699999988      0.699999988       5.3782482636313689E-004
  0.750000000      0.699999988      -4.5197524432244451E-005
  0.800000012      0.699999988      -2.9128452174037589E-006
  0.850000024      0.699999988       1.2988889181712870E-005
  0.899999976      0.699999988      -6.7480743763739803E-006
  0.949999988      0.699999988      -1.4330484896657447E-007
   1.00000000      0.699999988      -1.0534857088038974E-006
   0.00000000      0.750000000      -6.8567205608535686E-006
   5.00000007E-02  0.750000000      -9.5675264786473924E-006
  0.100000001      0.750000000      -1.6082694051171298E-005
  0.150000006      0.750000000      -2.1709608004322201E-005
  0.200000003      0.750000000       3.3730204205856262E-005
  0.250000000      0.750000000       6.1869937101263761E-006
  0.300000012      0.750000000      -2.7890122133861217E-006
  0.349999994      0.750000000      -3.5699538718514390E-006
  0.400000006      0.750000000      -2.1514220536721085E-006
  0.449999988      0.750000000      -1.2784996611010790E-006
  0.500000000      0.750000000      -5.0029824855205018E-006
  0.550000012      0.750000000      -3.6410588127935850E-006
  0.600000024      0.750000000      -4.4499287607593918E-006
  0.649999976      0.750000000       1.6305422091324184E-004
  0.699999988      0.750000000       5.6097370979141248E-005
  0.750000000      0.750000000      -4.3650766538838592E-007
  0.800000012      0.750000000      -1.9484508842280979E-005
  0.850000024      0.750000000      -9.6777525210034465E-006
  0.899999976      0.750000000      -5.9112768439270602E-006
  0.949999988      0.750000000      -3.5044698674553676E-006
   1.00000000      0.750000000      -1.9684369081032077E-006
   0.00000000      0.800000012      -5.6674296408029678E-006
   5.00000007E-02  0.800000012      -6.9767580077803593E-006
  0.100000001      0.800000012      -9.6538525579878409E-006
  0.150000006      0.800000012      -1.0457263768113428E-005
  0.200000003      0.800000012       2.7168646147407438E-006
  0.250000000      0.800000012       1.8156612551459284E-005
  0.300000012      0.800000012       4.8952097523868865E-006
  0.349999994      0.800000012       1.1196050567555127E-006
  0.400000006      0.800000012       8.4977096496963167E-007
  0.449999988      0.800000012      -1.5957831243831183E-006
  0.500000000      0.800000012      -3.2023567575548140E-006
  0.550000012      0.800000012      -2.6505749534180834E-006
  0.600000024      0.800000012       6.2517623071637468E-005
  0.649999976      0.800000012       7.4002862812214132E-005
  0.699999988      0.800000012       6.9626955975232718E-006
  0.750000000      0.800000012      -1.8725671395311561E-005
  0.800000012      0.800000012      -1.5984781784404711E-005
  0.850000024      0.800000012      -1.0160075011613617E-005
  0.899999976      0.800000012      -5.9135705914106773E-006
  0.949999988      0.800000012      -3.6109908083878373E-006
   1.00000000      0.800000012      -2.7408513593521477E-006
   0.00000000      0.850000024      -4.7274806838012995E-006
   5.00000007E-02  0.850000024      -5.3788893775580382E-006
  0.100000001      0.850000024      -6.7480806400094240E-006
  0.150000006      0.850000024      -7.9613884124488110E-006
  0.200000003      0.850000024       2.6485389959043926E-006
  0.250000000      0.850000024       3.4662427331980106E-005
  0.300000012      0.850000024       1.4313052250088110E-005
  0.349999994      0.850000024       6.9604935007058777E-007
  0.400000006      0.850000024       1.8714237200895614E-005
  0.449999988      0.850000024      -1.1574080385889224E-006
  0.500000000      0.850000024      -1.6381701892290157E-006
  0.550000012      0.850000024       1.9678980991786471E-006
  0.600000024      0.850000024       2.2672234761329790E-005
  0.649999976      0.850000024       9.6940470888859376E-006
  0.699999988      0.850000024      -5.6843705558834445E-006
  0.750000000      0.850000024      -1.1734161886906014E-005
  0.800000012      0.850000024      -1.0781132444299957E-005
  0.850000024      0.850000024      -7.6312926955181271E-006
  0.899999976      0.850000024      -5.0183645226228868E-006
  0.949999988      0.850000024      -3.3984837639611243E-006
   1.00000000      0.850000024      -2.6782529544550071E-006
   0.00000000      0.899999976      -4.0837956322564706E-006
   5.00000007E-02  0.899999976      -4.4241888910098726E-006
  0.100000001      0.899999976      -5.1580898121125068E-006
  0.150000006      0.899999976      -6.6199053140487962E-006
  0.200000003      0.899999976      -4.7180813382528830E-006
  0.250000000      0.899999976       1.5187344990973128E-005
  0.300000012      0.899999976       4.1549609924806941E-005
  0.349999994      0.899999976       1.7551425654710462E-005
  0.400000006      0.899999976       1.5873734814469270E-005
  0.449999988      0.899999976       2.3427677300437433E-005
  0.500000000      0.899999976      -3.0841173945944655E-007
  0.550000012      0.899999976       2.3043661178771824E-005
  0.600000024      0.899999976       3.1105630541330975E-005
  0.649999976      0.899999976       2.3968287332830351E-005
  0.699999988      0.899999976       2.1301264491943583E-006
  0.750000000      0.899999976      -6.7502695662718937E-006
  0.800000012      0.899999976      -7.4514837899372632E-006
  0.850000024      0.899999976      -5.6745261375612532E-006
  0.899999976      0.899999976      -4.1519857827305995E-006
  0.949999988      0.899999976      -3.1124961100033322E-006
   1.00000000      0.899999976      -2.6059288107151135E-006
   0.00000000      0.949999988      -3.6895434091140100E-006
   5.00000007E-02  0.949999988      -3.8835828315604559E-006
  0.100000001      0.949999988      -4.3088751696361560E-006
  0.150000006      0.949999988      -5.1799213118541854E-006
  0.200000003      0.949999988      -3.9269792331160513E-006
  0.250000000      0.949999988      -3.9781486393559995E-006
  0.300000012      0.949999988       1.1239896773734825E-008
  0.349999994      0.949999988       1.2766281890178727E-006
  0.400000006      0.949999988       4.7279082955077600E-007
  0.449999988      0.949999988       7.8603667008798894E-007
  0.500000000      0.949999988       1.9713986179662867E-005
  0.550000012      0.949999988       2.0664789268376449E-005
  0.600000024      0.949999988       2.5872016018856081E-005
  0.649999976      0.949999988       1.0225347427797460E-005
  0.699999988      0.949999988      -2.1235462259391880E-006
  0.750000000      0.949999988      -5.1578845601495116E-006
  0.800000012      0.949999988      -5.6258524194149895E-006
  0.850000024      0.949999988      -4.5137135656625471E-006
  0.899999976      0.949999988      -3.5670001204031465E-006
  0.949999988      0.949999988      -2.8792885212423902E-006
   1.00000000      0.949999988      -2.5237734678044965E-006
   0.00000000       1.00000000      -3.5033104430690076E-006
   5.00000007E-02   1.00000000      -3.6388133060876598E-006
  0.100000001       1.00000000      -3.9403576403730656E-006
  0.150000006       1.00000000      -4.5839930256225125E-006
  0.200000003       1.00000000      -3.2913423190748803E-006
  0.250000000       1.00000000      -2.9482901399216499E-006
  0.300000012       1.00000000      -1.5556341604258672E-006
  0.349999994       1.00000000      -1.7183998044911081E-006
  0.400000006       1.00000000      -2.0389904353034297E-006
  0.449999988       1.00000000      -1.7163110553677918E-006
  0.500000000       1.00000000      -7.0163275232154598E-007
  0.550000012       1.00000000      -1.3543738218504964E-006
  0.600000024       1.00000000      -2.7034771059083335E-006
  0.649999976       1.00000000      -2.9800930948370441E-006
  0.699999988       1.00000000      -3.8078838435588735E-006
  0.750000000       1.00000000      -4.2895993964363333E-006
  0.800000012       1.00000000      -4.8062246799859820E-006
  0.850000024       1.00000000      -3.9816899552527762E-006
  0.899999976       1.00000000      -3.2812919040989263E-006
  0.949999988       1.00000000      -2.7537618073822379E-006
   1.00000000       1.00000000      -2.4717942795800252E-006
