 # X Y T Z 
   0.00000000       0.00000000      -2.9062711651324513E-008
   5.00000007E-02   0.00000000      -3.3022691955496980E-008
  0.100000001       0.00000000      -3.8458152640773180E-008
  0.150000006       0.00000000      -3.7262309078578415E-008
  0.200000003       0.00000000      -3.0189028291539161E-008
  0.250000000       0.00000000       5.8098632229382913E-008
  0.300000012       0.00000000       3.6415804538069557E-007
  0.349999994       0.00000000       3.7763657498302017E-007
  0.400000006       0.00000000       3.8567844534058773E-007
  0.449999988       0.00000000       1.1617027131464726E-006
  0.500000000       0.00000000       8.0806207334984737E-007
  0.550000012       0.00000000       1.4454680508554896E-006
  0.600000024       0.00000000       9.6701052028304226E-007
  0.649999976       0.00000000       3.9694727212939013E-007
  0.699999988       0.00000000       1.1260602534321831E-007
  0.750000000       0.00000000       4.8557520740183033E-008
  0.800000012       0.00000000       3.9453452768895350E-008
  0.850000024       0.00000000       3.3376407780139408E-008
  0.899999976       0.00000000       2.8255278478701504E-008
  0.949999988       0.00000000       2.5212522574476898E-008
   1.00000000       0.00000000       2.3974665345864732E-008
   0.00000000       5.00000007E-02  -2.6431098327367453E-008
   5.00000007E-02   5.00000007E-02  -3.0007242418726016E-008
  0.100000001       5.00000007E-02  -3.1732707323796350E-008
  0.150000006       5.00000007E-02  -5.9831070024600475E-009
  0.200000003       5.00000007E-02   1.9808697140507280E-006
  0.250000000       5.00000007E-02   7.1671793197467491E-006
  0.300000012       5.00000007E-02   1.5358676615110116E-005
  0.349999994       5.00000007E-02   2.3759460156132315E-005
  0.400000006       5.00000007E-02   3.1139483760269163E-005
  0.449999988       5.00000007E-02   3.6389345607769569E-005
  0.500000000       5.00000007E-02   3.0689922262129815E-005
  0.550000012       5.00000007E-02   4.9543368488490789E-005
  0.600000024       5.00000007E-02   4.8486075026829946E-005
  0.649999976       5.00000007E-02   2.6994858600790637E-005
  0.699999988       5.00000007E-02   9.9431112528457991E-006
  0.750000000       5.00000007E-02   2.9265028784207546E-006
  0.800000012       5.00000007E-02   4.6425865682202250E-008
  0.850000024       5.00000007E-02   3.5461339279287477E-008
  0.899999976       5.00000007E-02   2.8532476997397693E-008
  0.949999988       5.00000007E-02   2.5722806780426044E-008
   1.00000000       5.00000007E-02   2.5063138922110442E-008
   0.00000000      0.100000001      -2.1680053683293538E-008
   5.00000007E-02  0.100000001      -2.5427503963070669E-008
  0.100000001      0.100000001      -2.8968245537139975E-008
  0.150000006      0.100000001      -9.1909205125056959E-009
  0.200000003      0.100000001       5.2770108158401233E-006
  0.250000000      0.100000001       4.2615950200205815E-005
  0.300000012      0.100000001       1.6674020426983246E-004
  0.349999994      0.100000001       3.8574990151019886E-004
  0.400000006      0.100000001       6.0754075448574119E-004
  0.449999988      0.100000001       5.9008260284213799E-004
  0.500000000      0.100000001       4.5379437582050187E-004
  0.550000012      0.100000001       7.6542124051373552E-004
  0.600000024      0.100000001       7.7826629282346568E-004
  0.649999976      0.100000001       4.4004276285689362E-004
  0.699999988      0.100000001       1.5536984701751758E-004
  0.750000000      0.100000001       3.6032096456985489E-005
  0.800000012      0.100000001       6.2585177890252860E-006
  0.850000024      0.100000001       1.2767724362471597E-006
  0.899999976      0.100000001       2.5105064714375444E-008
  0.949999988      0.100000001       2.5663748240032855E-008
   1.00000000      0.100000001       2.7527114422522952E-008
   0.00000000      0.150000006      -1.6404984935162320E-008
   5.00000007E-02  0.150000006      -2.3186269484465685E-008
  0.100000001      0.150000006      -5.0431326939362822E-008
  0.150000006      0.150000006       7.7511668652541048E-007
  0.200000003      0.150000006       1.5337909608450877E-005
  0.250000000      0.150000006       1.5597359371892624E-004
  0.300000012      0.150000006       8.4809293717104362E-004
  0.349999994      0.150000006       2.5902823098574394E-003
  0.400000006      0.150000006       4.4108097356722990E-003
  0.449999988      0.150000006       4.0971451228735845E-003
  0.500000000      0.150000006       2.8810985482499627E-003
  0.550000012      0.150000006       4.9477430153750494E-003
  0.600000024      0.150000006       5.2177424684923448E-003
  0.649999976      0.150000006       3.0478681737481587E-003
  0.699999988      0.150000006       1.1063484853085608E-003
  0.750000000      0.150000006       2.5844662661594420E-004
  0.800000012      0.150000006       3.8900264996894244E-005
  0.850000024      0.150000006       4.4241176370039218E-006
  0.899999976      0.150000006       7.3121333611821104E-007
  0.949999988      0.150000006       2.4254638692454422E-008
   1.00000000      0.150000006       3.3452639174600188E-008
   0.00000000      0.200000003      -1.0803746394467267E-008
   5.00000007E-02  0.200000003      -1.9458428103611564E-008
  0.100000001      0.200000003      -5.6234759517395649E-008
  0.150000006      0.200000003       1.2970991893127264E-006
  0.200000003      0.200000003       2.9664390618819401E-005
  0.250000000      0.200000003       3.6553681163491408E-004
  0.300000012      0.200000003       2.3424884820138648E-003
  0.349999994      0.200000003       7.7073955908047147E-003
  0.400000006      0.200000003       1.3977459601782510E-002
  0.449999988      0.200000003       1.2766127617445854E-002
  0.500000000      0.200000003       8.2922769351070503E-003
  0.550000012      0.200000003       1.4425027958131904E-002
  0.600000024      0.200000003       1.5897519593455853E-002
  0.649999976      0.200000003       9.6923844551910689E-003
  0.699999988      0.200000003       3.6664121205032658E-003
  0.750000000      0.200000003       8.8923196629525777E-004
  0.800000012      0.200000003       1.3603419810540040E-004
  0.850000024      0.200000003       1.3146011832592536E-005
  0.899999976      0.200000003       1.4126232134704193E-006
  0.949999988      0.200000003       7.1419449388775841E-008
   1.00000000      0.200000003       5.2063976396614364E-008
   0.00000000      0.250000000      -4.4958643617871996E-009
   5.00000007E-02  0.250000000      -1.1339865436639854E-008
  0.100000001      0.250000000      -5.4500963158309046E-008
  0.150000006      0.250000000       2.4672513229729871E-006
  0.200000003      0.250000000       5.0034991318541593E-005
  0.250000000      0.250000000       5.9493623019463929E-004
  0.300000012      0.250000000       3.5438268675359744E-003
  0.349999994      0.250000000       1.2235627353539818E-002
  0.400000006      0.250000000       2.2067206155603838E-002
  0.449999988      0.250000000       2.0269590680810971E-002
  0.500000000      0.250000000       1.2140796215541880E-002
  0.550000012      0.250000000       2.1425693608985854E-002
  0.600000024      0.250000000       2.4922565695282273E-002
  0.649999976      0.250000000       1.6030934485472350E-002
  0.699999988      0.250000000       6.3887702825928764E-003
  0.750000000      0.250000000       1.6285701113954937E-003
  0.800000012      0.250000000       2.6013140739122420E-004
  0.850000024      0.250000000       2.5143085709016964E-005
  0.899999976      0.250000000       2.1696644092018629E-006
  0.949999988      0.250000000       1.6035747564719944E-007
   1.00000000      0.250000000       6.9573274297718077E-008
   0.00000000      0.300000012       1.5866507803788399E-009
   5.00000007E-02  0.300000012       6.1093341670315215E-010
  0.100000001      0.300000012      -2.6078094248274675E-008
  0.150000006      0.300000012       2.3356354840286912E-006
  0.200000003      0.300000012       5.9502463730736442E-005
  0.250000000      0.300000012       5.6309006849043818E-004
  0.300000012      0.300000012       3.4364586316955230E-003
  0.349999994      0.300000012       1.1025866534541406E-002
  0.400000006      0.300000012       2.0010612746468020E-002
  0.449999988      0.300000012       1.8356658652387031E-002
  0.500000000      0.300000012       1.0139175947654953E-002
  0.550000012      0.300000012       1.8167248712306384E-002
  0.600000024      0.300000012       2.2457200620717453E-002
  0.649999976      0.300000012       1.5353635237547705E-002
  0.699999988      0.300000012       6.4928813005578666E-003
  0.750000000      0.300000012       1.7520046924171630E-003
  0.800000012      0.300000012       2.9496099290785813E-004
  0.850000024      0.300000012       2.9705018787104021E-005
  0.899999976      0.300000012       2.4480452397976132E-006
  0.949999988      0.300000012       2.5563510449406416E-007
   1.00000000      0.300000012       6.2909867057023283E-008
   0.00000000      0.349999994       5.7373363570884656E-009
   5.00000007E-02  0.349999994       1.1417531904514902E-008
  0.100000001      0.349999994       9.6577576077453570E-009
  0.150000006      0.349999994       4.4166810429216354E-006
  0.200000003      0.349999994       3.9710487856786528E-005
  0.250000000      0.349999994       3.9093709986822768E-004
  0.300000012      0.349999994       1.9346533111544600E-003
  0.349999994      0.349999994       6.1686036047135838E-003
  0.400000006      0.349999994       1.1231999034774438E-002
  0.449999988      0.349999994       1.0247303193365215E-002
  0.500000000      0.349999994       5.2307056883000493E-003
  0.550000012      0.349999994       9.4828413101851854E-003
  0.600000024      0.349999994       1.2471376898465444E-002
  0.649999976      0.349999994       9.0846758072630103E-003
  0.699999988      0.349999994       4.0865266819696978E-003
  0.750000000      0.349999994       1.1700238388123233E-003
  0.800000012      0.349999994       2.0832690474914789E-004
  0.850000024      0.349999994       2.2238534024043898E-005
  0.899999976      0.349999994       2.0918712649290090E-006
  0.949999988      0.349999994       1.2510599843227038E-007
   1.00000000      0.349999994       5.9915200135464419E-008
   0.00000000      0.400000006       5.5532482659634980E-009
   5.00000007E-02  0.400000006       9.3808105224718608E-009
  0.100000001      0.400000006       7.2510515556310773E-009
  0.150000006      0.400000006       1.1917885703106087E-006
  0.200000003      0.400000006       2.1869045063044540E-005
  0.250000000      0.400000006       1.3066711286519712E-004
  0.300000012      0.400000006       6.7453562788952789E-004
  0.349999994      0.400000006       2.1806116846647943E-003
  0.400000006      0.400000006       4.0236749877864911E-003
  0.449999988      0.400000006       3.6925071491155982E-003
  0.500000000      0.400000006       1.7612590092777505E-003
  0.550000012      0.400000006       3.1878286808752878E-003
  0.600000024      0.400000006       4.4209546231998489E-003
  0.649999976      0.400000006       3.4124701265558031E-003
  0.699999988      0.400000006       1.6252793371305634E-003
  0.750000000      0.400000006       4.9182280488258728E-004
  0.800000012      0.400000006       9.2377660311861789E-005
  0.850000024      0.400000006       1.0782154229346829E-005
  0.899999976      0.400000006       1.2598897619626038E-006
  0.949999988      0.400000006       5.9479645297282925E-008
   1.00000000      0.400000006       4.5757925006017532E-008
   0.00000000      0.449999988       3.5297057466524701E-009
   5.00000007E-02  0.449999988       2.9680826572550667E-009
  0.100000001      0.449999988      -9.2330290476973914E-009
  0.150000006      0.449999988       4.4888530010851052E-007
  0.200000003      0.449999988       2.9156288099496750E-006
  0.250000000      0.449999988       2.4962667999473345E-005
  0.300000012      0.449999988       1.4232790604287162E-004
  0.349999994      0.449999988       5.0309031432884896E-004
  0.400000006      0.449999988       9.8241437280630148E-004
  0.449999988      0.449999988       9.3779282240045330E-004
  0.500000000      0.449999988       4.3890494093825813E-004
  0.550000012      0.449999988       7.6667059977776251E-004
  0.600000024      0.449999988       1.0852556607240057E-003
  0.649999976      0.449999988       8.6606074049513644E-004
  0.699999988      0.449999988       4.2717528384008893E-004
  0.750000000      0.449999988       1.3390240893811455E-004
  0.800000012      0.449999988       2.6344871262760781E-005
  0.850000024      0.449999988       3.4431606240608193E-006
  0.899999976      0.449999988       2.8605110748852487E-007
  0.949999988      0.449999988       2.8857557313253894E-008
   1.00000000      0.449999988       3.4187228391420986E-008
   0.00000000      0.500000000       2.0963819998519317E-009
   5.00000007E-02  0.500000000       9.3245573068445609E-010
  0.100000001      0.500000000      -4.0760984615795942E-009
  0.150000006      0.500000000      -1.9119589719611418E-008
  0.200000003      0.500000000       8.1879402906263887E-009
  0.250000000      0.500000000       2.8085684008933871E-006
  0.300000012      0.500000000       2.4240192017615375E-005
  0.349999994      0.500000000       1.0001358402202760E-004
  0.400000006      0.500000000       2.1409777233061559E-004
  0.449999988      0.500000000       2.2400350050546115E-004
  0.500000000      0.500000000       1.0882378010835153E-004
  0.550000012      0.500000000       1.7670665292453301E-004
  0.600000024      0.500000000       2.4710260376170493E-004
  0.649999976      0.500000000       1.9824930262040335E-004
  0.699999988      0.500000000       9.8439295596719977E-005
  0.750000000      0.500000000       3.1029114999351991E-005
  0.800000012      0.500000000       6.0220720454402560E-006
  0.850000024      0.500000000       7.6292078630775984E-007
  0.899999976      0.500000000       1.5972957151388911E-008
  0.949999988      0.500000000       3.2344295122430089E-008
   1.00000000      0.500000000       3.3443335838070215E-008
   0.00000000      0.550000012       1.3535878509631644E-009
   5.00000007E-02  0.550000012       1.7132050964506484E-010
  0.100000001      0.550000012      -3.9218421502961592E-009
  0.150000006      0.550000012      -1.6479396115938461E-008
  0.200000003      0.550000012      -4.7518955245511030E-008
  0.250000000      0.550000012      -5.6437056285708193E-008
  0.300000012      0.550000012       4.0203856831648541E-006
  0.349999994      0.550000012       2.0975852992732012E-005
  0.400000006      0.550000012       5.0217028505080970E-005
  0.449999988      0.550000012       5.9089472459746770E-005
  0.500000000      0.550000012       3.1310954040255308E-005
  0.550000012      0.550000012       4.3420182298829584E-005
  0.600000024      0.550000012       6.0878287188152757E-005
  0.649999976      0.550000012       4.9948389049186222E-005
  0.699999988      0.550000012       2.5390774856774297E-005
  0.750000000      0.550000012       7.8896181663164192E-006
  0.800000012      0.550000012       1.4832365689079627E-006
  0.850000024      0.550000012       1.1705350070012567E-007
  0.899999976      0.550000012       5.5003839541638982E-008
  0.949999988      0.550000012       4.3656030174004344E-008
   1.00000000      0.550000012       3.7516158894203809E-008
   0.00000000      0.600000024       1.2969494924634090E-009
   5.00000007E-02  0.600000024       1.2816263900844449E-009
  0.100000001      0.600000024       1.4500624516237959E-009
  0.150000006      0.600000024      -1.9282236831535959E-011
  0.200000003      0.600000024       8.0164205045786530E-007
  0.250000000      0.600000024       1.1312182206071062E-005
  0.300000012      0.600000024       9.0987756730569755E-005
  0.349999994      0.600000024       4.2124364993188410E-004
  0.400000006      0.600000024       1.0367651850954009E-003
  0.449999988      0.600000024       1.2188273070602310E-003
  0.500000000      0.600000024       8.1042274738992392E-004
  0.550000012      0.600000024       1.1126586144517749E-003
  0.600000024      0.600000024       1.2890428221001252E-003
  0.649999976      0.600000024       9.0011533389262118E-004
  0.699999988      0.600000024       3.8255115427558608E-004
  0.750000000      0.600000024       1.0900375619723893E-004
  0.800000012      0.600000024       2.1457201808204162E-005
  0.850000024      0.600000024       3.3595821990981011E-006
  0.899999976      0.600000024       1.4378936708675256E-007
  0.949999988      0.600000024       5.1653246990182242E-008
   1.00000000      0.600000024       4.0864192705765238E-008
   0.00000000      0.649999976       7.3288470756570356E-010
   5.00000007E-02  0.649999976       8.3693377076789199E-010
  0.100000001      0.649999976       3.5493981829191890E-009
  0.150000006      0.649999976       1.0847209639254334E-007
  0.200000003      0.649999976       8.4831985097022673E-006
  0.250000000      0.649999976       1.0763081002288432E-004
  0.300000012      0.649999976       7.9071936688826917E-004
  0.349999994      0.649999976       3.1980071319417116E-003
  0.400000006      0.649999976       6.9336722548515948E-003
  0.449999988      0.649999976       7.3275313618855207E-003
  0.500000000      0.649999976       4.5639068082943598E-003
  0.550000012      0.649999976       6.9344950431456439E-003
  0.600000024      0.649999976       8.1565713920856830E-003
  0.649999976      0.649999976       5.5824740910910831E-003
  0.699999988      0.649999976       2.3979489295539885E-003
  0.750000000      0.649999976       6.4762898492039755E-004
  0.800000012      0.649999976       1.0462586941686257E-004
  0.850000024      0.649999976       9.4326312304429433E-006
  0.899999976      0.649999976       9.4962601519734281E-007
  0.949999988      0.649999976       6.5330194990538201E-008
   1.00000000      0.649999976       4.4270727866924618E-008
   0.00000000      0.699999988      -3.3576728550310797E-010
   5.00000007E-02  0.699999988      -1.5429546620406021E-009
  0.100000001      0.699999988      -1.9227545504331076E-008
  0.150000006      0.699999988       1.8331766017921306E-006
  0.200000003      0.699999988       3.4997644031764920E-005
  0.250000000      0.699999988       4.1363588578209078E-004
  0.300000012      0.699999988       2.7069828426347035E-003
  0.349999994      0.699999988       9.7966479831577725E-003
  0.400000006      0.699999988       1.9168694886674633E-002
  0.449999988      0.699999988       1.8598596877347832E-002
  0.500000000      0.699999988       1.0974577559072945E-002
  0.550000012      0.699999988       1.8150289943045954E-002
  0.600000024      0.699999988       2.1753823066748681E-002
  0.649999976      0.699999988       1.4747022840709695E-002
  0.699999988      0.699999988       6.2296083682519760E-003
  0.750000000      0.699999988       1.6853681107255726E-003
  0.800000012      0.699999988       2.8611742306208874E-004
  0.850000024      0.699999988       2.9511863406848969E-005
  0.899999976      0.699999988       2.7566543598589129E-006
  0.949999988      0.699999988       1.7772162972154969E-007
   1.00000000      0.699999988       5.4623566173288979E-008
   0.00000000      0.750000000      -9.8466070648679793E-010
   5.00000007E-02  0.750000000      -4.1092558761106346E-010
  0.100000001      0.750000000      -7.4022545764381581E-009
  0.150000006      0.750000000       3.6403446012336829E-006
  0.200000003      0.750000000       6.9848324265117103E-005
  0.250000000      0.750000000       7.5315730584941129E-004
  0.300000012      0.750000000       4.4638577949312665E-003
  0.349999994      0.750000000       1.4694189893420986E-002
  0.400000006      0.750000000       2.6321235537871197E-002
  0.449999988      0.750000000       2.3754019915964906E-002
  0.500000000      0.750000000       1.3428682778508973E-002
  0.550000012      0.750000000       2.4027826194656331E-002
  0.600000024      0.750000000       2.9094335675231335E-002
  0.649999976      0.750000000       1.9537832987585907E-002
  0.699999988      0.750000000       8.1562282411387424E-003
  0.750000000      0.750000000       2.2037761445453420E-003
  0.800000012      0.750000000       3.7669536954114559E-004
  0.850000024      0.750000000       3.8144101228541438E-005
  0.899999976      0.750000000       3.1256425505805138E-006
  0.949999988      0.750000000       3.3319596257443997E-007
   1.00000000      0.750000000       4.0414409776005564E-008
   0.00000000      0.800000012      -1.7350462728875360E-009
   5.00000007E-02  0.800000012      -2.9759425128166039E-009
  0.100000001      0.800000012      -1.8343146980081410E-008
  0.150000006      0.800000012       3.5265898337530268E-006
  0.200000003      0.800000012       6.5497731244681424E-005
  0.250000000      0.800000012       6.5347283854094284E-004
  0.300000012      0.800000012       3.5737331899987046E-003
  0.349999994      0.800000012       1.0874907376691789E-002
  0.400000006      0.800000012       1.8090581545443501E-002
  0.449999988      0.800000012       1.5385008972825636E-002
  0.500000000      0.800000012       8.4589336669783979E-003
  0.550000012      0.800000012       1.6245668093428419E-002
  0.600000024      0.800000012       1.9672464035270506E-002
  0.649999976      0.800000012       1.2937784584551389E-002
  0.699999988      0.800000012       5.3365144057638319E-003
  0.750000000      0.800000012       1.4285764888963557E-003
  0.800000012      0.800000012       2.4350951466885771E-004
  0.850000024      0.800000012       2.4983756772012373E-005
  0.899999976      0.800000012       2.4409796409991506E-006
  0.949999988      0.800000012       1.8751828728409258E-007
   1.00000000      0.800000012       6.5919175069330781E-008
   0.00000000      0.850000024      -2.9706445038232832E-009
   5.00000007E-02  0.850000024      -7.7026744208213288E-009
  0.100000001      0.850000024      -3.5613566211085274E-008
  0.150000006      0.850000024       1.6340002096857081E-006
  0.200000003      0.850000024       2.7072331882254915E-005
  0.250000000      0.850000024       2.5268277962303925E-004
  0.300000012      0.850000024       1.2983389591420987E-003
  0.349999994      0.850000024       3.7152450804418210E-003
  0.400000006      0.850000024       5.8306336280988238E-003
  0.449999988      0.850000024       4.7416012118335227E-003
  0.500000000      0.850000024       2.5848437728312997E-003
  0.550000012      0.850000024       5.2691332690120952E-003
  0.600000024      0.850000024       6.2448230092512292E-003
  0.649999976      0.850000024       4.0193805191615535E-003
  0.699999988      0.850000024       1.6268101298039690E-003
  0.750000000      0.850000024       4.2762366869381725E-004
  0.800000012      0.850000024       7.2235151348668124E-005
  0.850000024      0.850000024       8.7592285770449077E-006
  0.899999976      0.850000024       1.3495847419334661E-006
  0.949999988      0.850000024       8.0720249519272702E-008
   1.00000000      0.850000024       5.6357888231868200E-008
   0.00000000      0.899999976      -3.4128908945902509E-009
   5.00000007E-02  0.899999976      -6.8114691987881254E-009
  0.100000001      0.899999976      -1.3503543768193446E-008
  0.150000006      0.899999976       5.5933786882560177E-008
  0.200000003      0.899999976       5.1643574766929885E-006
  0.250000000      0.899999976       4.0779622609912747E-005
  0.300000012      0.899999976       1.9744759831254698E-004
  0.349999994      0.899999976       5.3803043256029184E-004
  0.400000006      0.899999976       8.0752063926451583E-004
  0.449999988      0.899999976       6.3659688950431983E-004
  0.500000000      0.899999976       3.5044403158511061E-004
  0.550000012      0.899999976       7.4956190960062208E-004
  0.600000024      0.899999976       8.4793315025112246E-004
  0.649999976      0.899999976       5.3584197048298207E-004
  0.699999988      0.899999976       2.1291511640884127E-004
  0.750000000      0.899999976       5.5436149126397390E-005
  0.800000012      0.899999976       1.0429302509995689E-005
  0.850000024      0.899999976       2.1142898577375575E-006
  0.899999976      0.899999976       3.7545959537558724E-007
  0.949999988      0.899999976       4.5014330537140532E-008
   1.00000000      0.899999976       4.7685007117850148E-008
   0.00000000      0.949999988      -3.3624118313865109E-009
   5.00000007E-02  0.949999988      -5.9025249147994646E-009
  0.100000001      0.949999988      -1.1064471663532749E-008
  0.150000006      0.949999988      -8.4648700327850934E-009
  0.200000003      0.949999988       5.4991719085112530E-007
  0.250000000      0.949999988       2.9329833095496482E-006
  0.300000012      0.949999988       1.2278185347115809E-005
  0.349999994      0.949999988       3.1522595533833376E-005
  0.400000006      0.949999988       4.5430664702065745E-005
  0.449999988      0.949999988       3.5094081806447494E-005
  0.500000000      0.949999988       1.9576458863887442E-005
  0.550000012      0.949999988       4.4187351637576427E-005
  0.600000024      0.949999988       4.5705211411967031E-005
  0.649999976      0.949999988       2.9075317090964043E-005
  0.699999988      0.949999988       1.2130583007904778E-005
  0.750000000      0.949999988       3.9356346087691282E-006
  0.800000012      0.949999988       1.3472978061604684E-006
  0.850000024      0.949999988       1.5615629585360915E-007
  0.899999976      0.949999988       5.6898809362129939E-008
  0.949999988      0.949999988       5.0015455530763760E-008
   1.00000000      0.949999988       4.7106102190382776E-008
   0.00000000       1.00000000      -3.2449714525671636E-009
   5.00000007E-02   1.00000000      -5.4024429441742322E-009
  0.100000001       1.00000000      -1.0024268594453073E-008
  0.150000006       1.00000000      -1.7380457832715315E-008
  0.200000003       1.00000000      -3.7392762979948993E-008
  0.250000000       1.00000000       1.5095978124729341E-007
  0.300000012       1.00000000       2.2807999784039534E-007
  0.349999994       1.00000000       7.5600515063613391E-007
  0.400000006       1.00000000       1.0151470945702647E-006
  0.449999988       1.00000000       7.1071492718296364E-007
  0.500000000       1.00000000       3.7820254372520213E-007
  0.550000012       1.00000000       1.3434879183126360E-006
  0.600000024       1.00000000       6.5889102996978424E-007
  0.649999976       1.00000000       4.5243582208506056E-007
  0.699999988       1.00000000       3.4867284676343049E-007
  0.750000000       1.00000000       2.4996824861200180E-007
  0.800000012       1.00000000       6.6711706227815058E-008
  0.850000024       1.00000000       7.4435452483017934E-008
  0.899999976       1.00000000       5.8744639991315482E-008
  0.949999988       1.00000000       5.0633228146162133E-008
   1.00000000       1.00000000       4.7113445583637364E-008
