 # X Y T Z 
   0.00000000       0.00000000      -5.2001921100382903E-008
   5.00000007E-02   0.00000000      -5.3763990010002871E-008
  0.100000001       0.00000000      -5.5835789947340786E-008
  0.150000006       0.00000000      -5.4721983435042365E-008
  0.200000003       0.00000000      -5.0643974405188003E-008
  0.250000000       0.00000000      -5.4988822900062934E-008
  0.300000012       0.00000000      -5.8400251434689160E-008
  0.349999994       0.00000000      -5.5768069201879780E-008
  0.400000006       0.00000000      -5.9019041518532100E-008
  0.449999988       0.00000000      -6.2840956607627951E-008
  0.500000000       0.00000000      -6.9388060597872295E-008
  0.550000012       0.00000000      -6.4401799838549947E-008
  0.600000024       0.00000000      -5.2723707792863561E-008
  0.649999976       0.00000000      -3.8836257290793263E-008
  0.699999988       0.00000000      -3.6415870059008926E-008
  0.750000000       0.00000000      -4.6921600450758674E-008
  0.800000012       0.00000000      -5.4970042878688119E-008
  0.850000024       0.00000000      -5.2604018973678029E-008
  0.899999976       0.00000000      -4.8110219611537802E-008
  0.949999988       0.00000000      -4.4780683767023377E-008
   1.00000000       0.00000000      -4.3028021921506787E-008
   0.00000000       5.00000007E-02  -4.8659015478794837E-008
   5.00000007E-02   5.00000007E-02  -5.3390612906028395E-008
  0.100000001       5.00000007E-02  -6.3197024673285196E-008
  0.150000006       5.00000007E-02  -7.0671297259117943E-008
  0.200000003       5.00000007E-02  -7.1489155636927926E-008
  0.250000000       5.00000007E-02  -8.5091556906950055E-008
  0.300000012       5.00000007E-02  -9.1501013281015953E-008
  0.349999994       5.00000007E-02  -7.9896395624445837E-008
  0.400000006       5.00000007E-02  -8.4808443032591968E-008
  0.449999988       5.00000007E-02  -8.9191575980331755E-008
  0.500000000       5.00000007E-02  -1.0292234502444660E-007
  0.550000012       5.00000007E-02  -9.1219525681944177E-008
  0.600000024       5.00000007E-02  -6.1833625029667633E-008
  0.649999976       5.00000007E-02  -1.8809666780519527E-008
  0.699999988       5.00000007E-02  -1.4186695288355769E-008
  0.750000000       5.00000007E-02  -4.6496730283715482E-008
  0.800000012       5.00000007E-02  -6.1438121681280100E-008
  0.850000024       5.00000007E-02  -4.3524564044463560E-008
  0.899999976       5.00000007E-02  -4.3715234442987319E-008
  0.949999988       5.00000007E-02  -4.2416085593074276E-008
   1.00000000       5.00000007E-02  -4.1212553374310457E-008
   0.00000000      0.100000001      -3.7617254512300330E-008
   5.00000007E-02  0.100000001      -4.6727982231861698E-008
  0.100000001      0.100000001      -7.7405198658283408E-008
  0.150000006      0.100000001       3.0357511990541063E-006
  0.200000003      0.100000001       4.0561148794355031E-006
  0.250000000      0.100000001       4.1151843404368602E-006
  0.300000012      0.100000001       4.5425113913430751E-006
  0.349999994      0.100000001       4.6309778727578535E-006
  0.400000006      0.100000001       4.6722312140050262E-006
  0.449999988      0.100000001       2.2023185437859433E-006
  0.500000000      0.100000001       6.8568893667251933E-007
  0.550000012      0.100000001       7.5212489583404048E-007
  0.600000024      0.100000001       3.8285268781973122E-006
  0.649999976      0.100000001       6.9660348587801020E-006
  0.699999988      0.100000001       7.4785240372168306E-006
  0.750000000      0.100000001       4.9848284377337557E-006
  0.800000012      0.100000001       2.1140976591343605E-006
  0.850000024      0.100000001       1.1066187961751746E-007
  0.899999976      0.100000001      -2.3653346635944122E-008
  0.949999988      0.100000001      -3.6799352497521309E-008
   1.00000000      0.100000001      -3.7472582262642815E-008
   0.00000000      0.150000006      -9.6280371804542686E-009
   5.00000007E-02  0.150000006      -1.0476027122174880E-008
  0.100000001      0.150000006       2.8913284006739336E-006
  0.150000006      0.150000006       1.4150900257443779E-005
  0.200000003      0.150000006       3.9177411310409825E-005
  0.250000000      0.150000006       6.2157558736577155E-005
  0.300000012      0.150000006       7.5207745139261803E-005
  0.349999994      0.150000006       7.7425340751812724E-005
  0.400000006      0.150000006       5.0521121326439549E-005
  0.449999988      0.150000006       2.4958515773582319E-005
  0.500000000      0.150000006       5.2670595479952127E-006
  0.550000012      0.150000006       1.0811510507726264E-005
  0.600000024      0.150000006       4.4016562962928898E-005
  0.649999976      0.150000006       8.7149625570723602E-005
  0.699999988      0.150000006       1.0013944775486353E-004
  0.750000000      0.150000006       6.9686682408403016E-005
  0.800000012      0.150000006       2.8820029093134299E-005
  0.850000024      0.150000006       6.8483224919706816E-006
  0.899999976      0.150000006       1.0720000305725150E-006
  0.949999988      0.150000006      -3.5942343740158478E-008
   1.00000000      0.150000006      -3.2507740774191315E-008
   0.00000000      0.200000003       3.6544755384598088E-008
   5.00000007E-02  0.200000003       1.0321263577530229E-007
  0.100000001      0.200000003       7.2378650226513803E-006
  0.150000006      0.200000003       5.1231417898893548E-005
  0.200000003      0.200000003       2.1309868765935231E-004
  0.250000000      0.200000003       4.7436005901177209E-004
  0.300000012      0.200000003       6.7774693645867093E-004
  0.349999994      0.200000003       5.8199475491593679E-004
  0.400000006      0.200000003       3.8285654954434644E-004
  0.449999988      0.200000003       1.2228926531724629E-004
  0.500000000      0.200000003       3.6468380627074568E-005
  0.550000012      0.200000003       6.1676516308227167E-005
  0.600000024      0.200000003       2.8812487193759402E-004
  0.649999976      0.200000003       6.1760319959459735E-004
  0.699999988      0.200000003       7.5259224374938814E-004
  0.750000000      0.200000003       5.4783831631799668E-004
  0.800000012      0.200000003       2.3160346854837863E-004
  0.850000024      0.200000003       5.3327084423558787E-005
  0.899999976      0.200000003       6.6704983806005307E-006
  0.949999988      0.200000003       6.3443963739940983E-007
   1.00000000      0.200000003      -1.1496178516957889E-008
   0.00000000      0.250000000       2.6772455921468541E-008
   5.00000007E-02  0.250000000       4.0170581739750084E-007
  0.100000001      0.250000000       1.3731914800462061E-005
  0.150000006      0.250000000       1.6015260270944810E-004
  0.200000003      0.250000000       8.1548224066548903E-004
  0.250000000      0.250000000       2.2384395975967504E-003
  0.300000012      0.250000000       3.1680347833703418E-003
  0.349999994      0.250000000       2.8855544590269183E-003
  0.400000006      0.250000000       1.4841465046810866E-003
  0.449999988      0.250000000       4.8220910792712486E-004
  0.500000000      0.250000000       1.3740391431480304E-004
  0.550000012      0.250000000       2.2401126548024898E-004
  0.600000024      0.250000000       1.1484249854335112E-003
  0.649999976      0.250000000       2.6425431535769487E-003
  0.699999988      0.250000000       3.4163700224313664E-003
  0.750000000      0.250000000       2.6155807731208275E-003
  0.800000012      0.250000000       1.1477872066024118E-003
  0.850000024      0.250000000       2.6648339770101760E-004
  0.899999976      0.250000000       3.0472453241813251E-005
  0.949999988      0.250000000       1.9705599393996529E-006
   1.00000000      0.250000000      -1.8981016823398089E-010
   0.00000000      0.300000012       8.7273332050746832E-010
   5.00000007E-02  0.300000012       5.4506289637963525E-007
  0.100000001      0.300000012       2.7269828028230088E-005
  0.150000006      0.300000012       4.1244449371967613E-004
  0.200000003      0.300000012       2.3984001129677105E-003
  0.250000000      0.300000012       6.3919942626896528E-003
  0.300000012      0.300000012       9.7168750747360158E-003
  0.349999994      0.300000012       8.1420849294450738E-003
  0.400000006      0.300000012       4.0014604248729052E-003
  0.449999988      0.300000012       1.2483430509730494E-003
  0.500000000      0.300000012       3.5702014372501409E-004
  0.550000012      0.300000012       5.1562476121151343E-004
  0.600000024      0.300000012       2.9077500085189470E-003
  0.649999976      0.300000012       7.1838133902386468E-003
  0.699999988      0.300000012       9.8679625962178885E-003
  0.750000000      0.300000012       7.9701787422113077E-003
  0.800000012      0.300000012       3.6549916448334252E-003
  0.850000024      0.300000012       8.7194974871197036E-004
  0.899999976      0.300000012       9.7868188636944368E-005
  0.949999988      0.300000012       5.2025732860636357E-006
   1.00000000      0.300000012       1.3767643572431707E-007
   0.00000000      0.349999994      -2.1912658608740261E-008
   5.00000007E-02  0.349999994       1.5632584761251589E-006
  0.100000001      0.349999994       6.8295264030209381E-005
  0.150000006      0.349999994       8.9022820858958361E-004
  0.200000003      0.349999994       4.5945480633614189E-003
  0.250000000      0.349999994       1.2435219226957232E-002
  0.300000012      0.349999994       1.8108261195173572E-002
  0.349999994      0.349999994       1.4967407494036172E-002
  0.400000006      0.349999994       7.2032763964675487E-003
  0.449999988      0.349999994       2.1494867857883818E-003
  0.500000000      0.349999994       6.4837111392562091E-004
  0.550000012      0.349999994       7.5826261038527325E-004
  0.600000024      0.349999994       4.7552237871794746E-003
  0.649999976      0.349999994       1.2619559323088187E-002
  0.699999988      0.349999994       1.8420249456799501E-002
  0.750000000      0.349999994       1.5708536601279612E-002
  0.800000012      0.349999994       7.5501423117659491E-003
  0.850000024      0.349999994       1.8677085374653110E-003
  0.899999976      0.349999994       2.1320981467481059E-004
  0.949999988      0.349999994       1.0783938597800496E-005
   1.00000000      0.349999994       2.1073362451459830E-007
   0.00000000      0.400000006      -2.4980556991884006E-008
   5.00000007E-02  0.400000006       8.6481553522556797E-006
  0.100000001      0.400000006       1.3850165032877366E-004
  0.150000006      0.400000006       1.1869106025360126E-003
  0.200000003      0.400000006       5.7556469970427241E-003
  0.250000000      0.400000006       1.4730374925425886E-002
  0.300000012      0.400000006       2.1051578195613086E-002
  0.349999994      0.400000006       1.7428485502107263E-002
  0.400000006      0.400000006       8.3341111923269356E-003
  0.449999988      0.400000006       2.4156983983659752E-003
  0.500000000      0.400000006       7.0005136488022340E-004
  0.550000012      0.400000006       7.2278250167243140E-004
  0.600000024      0.400000006       4.9040570581525000E-003
  0.649999976      0.400000006       1.3927124411593493E-002
  0.699999988      0.400000006       2.1547794042153023E-002
  0.750000000      0.400000006       1.9368319197714659E-002
  0.800000012      0.400000006       9.7531354018138717E-003
  0.850000024      0.400000006       2.5086337808845052E-003
  0.899999976      0.400000006       2.9581336339048195E-004
  0.949999988      0.400000006       1.5553757806490687E-005
   1.00000000      0.400000006       4.2375148454470979E-007
   0.00000000      0.449999988      -4.3402937890870547E-009
   5.00000007E-02  0.449999988       4.7985546297301404E-006
  0.100000001      0.449999988       9.2622008713577706E-005
  0.150000006      0.449999988       8.5885999927686157E-004
  0.200000003      0.449999988       3.8526834601579395E-003
  0.250000000      0.449999988       9.5973253597465280E-003
  0.300000012      0.449999988       1.3937113112024425E-002
  0.349999994      0.449999988       1.1722775045166303E-002
  0.400000006      0.449999988       5.5396816797272886E-003
  0.449999988      0.449999988       1.5465492108200263E-003
  0.500000000      0.449999988       4.2832466562299856E-004
  0.550000012      0.449999988       4.1227046537125743E-004
  0.600000024      0.449999988       2.8964719652558799E-003
  0.649999976      0.449999988       8.7281236448014839E-003
  0.699999988      0.449999988       1.4235026002126828E-002
  0.750000000      0.449999988       1.3429783565319021E-002
  0.800000012      0.449999988       7.0544874048993561E-003
  0.850000024      0.449999988       1.8778367616701967E-003
  0.899999976      0.449999988       2.2747588443423612E-004
  0.949999988      0.449999988       1.2302990830063977E-005
   1.00000000      0.449999988       3.5195212869338981E-007
   0.00000000      0.500000000      -2.0990727836456280E-009
   5.00000007E-02  0.500000000       1.6189332325202300E-006
  0.100000001      0.500000000       2.3534307896208497E-005
  0.150000006      0.500000000       2.1471233444009415E-004
  0.200000003      0.500000000       9.9405219078167240E-004
  0.250000000      0.500000000       2.6153277275624861E-003
  0.300000012      0.500000000       4.0013193146519414E-003
  0.349999994      0.500000000       3.5514228710991289E-003
  0.400000006      0.500000000       1.7839745369544397E-003
  0.449999988      0.500000000       5.0786551902873029E-004
  0.500000000      0.500000000       1.4354462698314071E-004
  0.550000012      0.500000000       1.1782422565957603E-004
  0.600000024      0.500000000       8.0603711853646223E-004
  0.649999976      0.500000000       2.4861143488524228E-003
  0.699999988      0.500000000       4.1540176495292406E-003
  0.750000000      0.500000000       4.0073066976438997E-003
  0.800000012      0.500000000       2.1408335609842915E-003
  0.850000024      0.500000000       5.7526879398407291E-004
  0.899999976      0.500000000       6.9856152509083788E-005
  0.949999988      0.500000000       3.7010879307406330E-006
   1.00000000      0.500000000       4.6539063722011130E-009
   0.00000000      0.550000012      -1.2146247597229383E-008
   5.00000007E-02  0.550000012       1.1959629721128621E-006
  0.100000001      0.550000012       2.1136495001061783E-005
  0.150000006      0.550000012       2.4975069423765768E-004
  0.200000003      0.550000012       1.4715362162521554E-003
  0.250000000      0.550000012       4.5124603781307292E-003
  0.300000012      0.550000012       7.6463344600066702E-003
  0.349999994      0.550000012       7.3511227466147907E-003
  0.400000006      0.550000012       3.9828479742372320E-003
  0.449999988      0.550000012       1.2158956305928005E-003
  0.500000000      0.550000012       3.0990635256058618E-004
  0.550000012      0.550000012       3.2272625254014739E-004
  0.600000024      0.550000012       1.8073342835223697E-003
  0.649999976      0.550000012       5.2000532682391892E-003
  0.699999988      0.550000012       8.2791818673806482E-003
  0.750000000      0.550000012       7.6184138972246341E-003
  0.800000012      0.550000012       3.8860135742274111E-003
  0.850000024      0.550000012       9.9807025451686504E-004
  0.899999976      0.550000012       1.1651414733148394E-004
  0.949999988      0.550000012       7.0168906035174088E-006
   1.00000000      0.550000012       4.5647591824716409E-007
   0.00000000      0.600000024      -2.1158743100917893E-008
   5.00000007E-02  0.600000024       3.2517313374017844E-006
  0.100000001      0.600000024       7.2955859080212982E-005
  0.150000006      0.600000024       8.3238248811349168E-004
  0.200000003      0.600000024       4.5546417800202800E-003
  0.250000000      0.600000024       1.2974432798622867E-002
  0.300000012      0.600000024       2.0409018454681380E-002
  0.349999994      0.600000024       1.8207320968752414E-002
  0.400000006      0.600000024       9.1963837223621447E-003
  0.449999988      0.600000024       2.7106952223772151E-003
  0.500000000      0.600000024       7.4424351844893733E-004
  0.550000012      0.600000024       8.3363972004195201E-004
  0.600000024      0.600000024       4.9837957001286019E-003
  0.649999976      0.600000024       1.3783419823826934E-002
  0.699999988      0.600000024       2.1070573607159391E-002
  0.750000000      0.600000024       1.8802446609214766E-002
  0.800000012      0.600000024       9.4129153135992724E-003
  0.850000024      0.600000024       2.3976646216083593E-003
  0.899999976      0.600000024       2.8127398250263043E-004
  0.949999988      0.600000024       1.4328106538497915E-005
   1.00000000      0.600000024       1.9655859303973938E-007
   0.00000000      0.649999976      -2.4400108506383508E-008
   5.00000007E-02  0.649999976       5.0014254758896839E-006
  0.100000001      0.649999976       1.1783641614135734E-004
  0.150000006      0.649999976       1.2674959885955735E-003
  0.200000003      0.649999976       6.4577487497605394E-003
  0.250000000      0.649999976       1.7056614376984421E-002
  0.300000012      0.649999976       2.4817172448813280E-002
  0.349999994      0.649999976       2.0470053030441113E-002
  0.400000006      0.649999976       9.6127613801043447E-003
  0.449999988      0.649999976       2.7363890481026947E-003
  0.500000000      0.649999976       7.9294460795225534E-004
  0.550000012      0.649999976       9.1259814240964184E-004
  0.600000024      0.649999976       5.9203134750807195E-003
  0.649999976      0.649999976       1.6299568265375316E-002
  0.699999988      0.649999976       2.4595722947495156E-002
  0.750000000      0.649999976       2.1893892471828057E-002
  0.800000012      0.649999976       1.0968108152281872E-002
  0.850000024      0.649999976       2.8460977363678726E-003
  0.899999976      0.649999976       3.3897485073504250E-004
  0.949999988      0.649999976       1.7417365411180168E-005
   1.00000000      0.649999976       3.1264434436901849E-007
   0.00000000      0.699999988      -2.4712840341820086E-008
   5.00000007E-02  0.699999988       4.4019182271618548E-006
  0.100000001      0.699999988       9.8103546795886339E-005
  0.150000006      0.699999988       9.9734721075020807E-004
  0.200000003      0.699999988       4.7625819799185318E-003
  0.250000000      0.699999988       1.1722597230700996E-002
  0.300000012      0.699999988       1.5834800621677650E-002
  0.349999994      0.699999988       1.2112331084193443E-002
  0.400000006      0.699999988       5.3106567630543632E-003
  0.449999988      0.699999988       1.4741048622261821E-003
  0.500000000      0.699999988       4.5274610887322464E-004
  0.550000012      0.699999988       5.4057497245544889E-004
  0.600000024      0.699999988       3.7460775330370442E-003
  0.649999976      0.699999988       1.0220316059501099E-002
  0.699999988      0.699999988       1.5316441038149269E-002
  0.750000000      0.699999988       1.3447611812780836E-002
  0.800000012      0.699999988       6.8139178118597904E-003
  0.850000024      0.699999988       1.7983106427869695E-003
  0.899999976      0.699999988       2.1943373943617705E-004
  0.949999988      0.699999988       1.1862955770059345E-005
   1.00000000      0.699999988       2.1366275941794329E-007
   0.00000000      0.750000000      -3.0197725922479282E-009
   5.00000007E-02  0.750000000       2.5362553591322000E-006
  0.100000001      0.750000000       4.4947190267777596E-005
  0.150000006      0.750000000       4.3069932990560055E-004
  0.200000003      0.750000000       1.9343170531090676E-003
  0.250000000      0.750000000       4.4505442272882688E-003
  0.300000012      0.750000000       5.5947255451259687E-003
  0.349999994      0.750000000       3.9779893224699894E-003
  0.400000006      0.750000000       1.6358870570079244E-003
  0.449999988      0.750000000       4.4756866556168494E-004
  0.500000000      0.750000000       1.4677068712079847E-004
  0.550000012      0.750000000       1.8368246417184680E-004
  0.600000024      0.750000000       1.3641920075365818E-003
  0.649999976      0.750000000       3.6145075215581060E-003
  0.699999988      0.750000000       5.3075759484709009E-003
  0.750000000      0.750000000       4.6227532010556151E-003
  0.800000012      0.750000000       2.3470483458150893E-003
  0.850000024      0.750000000       6.2377669850010372E-004
  0.899999976      0.750000000       7.8127565801111332E-005
  0.949999988      0.750000000       5.1317932635412688E-006
   1.00000000      0.750000000       1.8006268351593500E-007
   0.00000000      0.800000012       3.5190935618345000E-008
   5.00000007E-02  0.800000012       8.1593950137744987E-008
  0.100000001      0.800000012       1.1527338479315973E-005
  0.150000006      0.800000012       1.0164360669867091E-004
  0.200000003      0.800000012       4.2920454722267752E-004
  0.250000000      0.800000012       9.2538389434523621E-004
  0.300000012      0.800000012       1.0855201958370044E-003
  0.349999994      0.800000012       7.1981990537349429E-004
  0.400000006      0.800000012       2.7940482083448688E-004
  0.449999988      0.800000012       7.6217267381893948E-005
  0.500000000      0.800000012       2.6685656156209153E-005
  0.550000012      0.800000012       3.4765833051008570E-005
  0.600000024      0.800000012       3.0281897126676542E-004
  0.649999976      0.800000012       7.0435594831391962E-004
  0.699999988      0.800000012       1.0082816477594661E-003
  0.750000000      0.800000012       8.8548702458695044E-004
  0.800000012      0.800000012       4.3746236611481734E-004
  0.850000024      0.800000012       1.1780075458036707E-004
  0.899999976      0.800000012       1.6375565683871237E-005
  0.949999988      0.800000012       1.8370707718862621E-006
   1.00000000      0.800000012       7.8640873256652583E-008
   0.00000000      0.850000024       4.4412423049096372E-008
   5.00000007E-02  0.850000024       6.7126455995385366E-008
  0.100000001      0.850000024       2.3937128329658882E-006
  0.150000006      0.850000024       1.3289419034978036E-005
  0.200000003      0.850000024       5.0149949768061382E-005
  0.250000000      0.850000024       1.0067131850944293E-004
  0.300000012      0.850000024       1.1055735062417792E-004
  0.349999994      0.850000024       6.8985047462347479E-005
  0.400000006      0.850000024       2.5893577762378580E-005
  0.449999988      0.850000024       7.3601186819063273E-006
  0.500000000      0.850000024       2.5204840880230272E-006
  0.550000012      0.850000024       1.2691446409169617E-005
  0.600000024      0.850000024       3.5243065107698653E-005
  0.649999976      0.850000024       7.0581384348538897E-005
  0.699999988      0.850000024       1.0027827018182389E-004
  0.750000000      0.850000024       8.9778964742760878E-005
  0.800000012      0.850000024       4.1909178968587557E-005
  0.850000024      0.850000024       1.2494009450881612E-005
  0.899999976      0.850000024       2.7421995530070822E-006
  0.949999988      0.850000024       6.3976100330597656E-008
   1.00000000      0.850000024       4.9854933492393845E-008
   0.00000000      0.899999976       4.0845934381767562E-008
   5.00000007E-02  0.899999976       4.8787429022265419E-008
  0.100000001      0.899999976       5.7290349823749601E-008
  0.150000006      0.899999976       1.6137370579087651E-006
  0.200000003      0.899999976       3.7182111213655009E-006
  0.250000000      0.899999976       6.2204825422475653E-006
  0.300000012      0.899999976       6.3378969334900218E-006
  0.349999994      0.899999976       4.0914369687216354E-006
  0.400000006      0.899999976       1.7133033863370780E-006
  0.449999988      0.899999976       2.3993384011468822E-007
  0.500000000      0.899999976      -6.6706297492777518E-008
  0.550000012      0.899999976       2.1589956776937652E-006
  0.600000024      0.899999976       2.6820782497166554E-006
  0.649999976      0.899999976       3.4055344634310305E-006
  0.699999988      0.899999976       5.9153572417038297E-006
  0.750000000      0.899999976       5.7575915294719090E-006
  0.800000012      0.899999976       2.6668220081185531E-006
  0.850000024      0.899999976       1.4903630672838798E-006
  0.899999976      0.899999976       6.6523929816478776E-008
  0.949999988      0.899999976       6.1391148066124081E-008
   1.00000000      0.899999976       5.6430279653392999E-008
   0.00000000      0.949999988       3.7288422842290600E-008
   5.00000007E-02  0.949999988       4.1144591759675886E-008
  0.100000001      0.949999988       4.9117350918274905E-008
  0.150000006      0.949999988       7.3980197910208587E-008
  0.200000003      0.949999988       1.2945375948709547E-007
  0.250000000      0.949999988       4.6975775611540803E-007
  0.300000012      0.949999988       4.2646696924147215E-007
  0.349999994      0.949999988       6.7184649982774715E-008
  0.400000006      0.949999988       8.2039772195726529E-009
  0.449999988      0.949999988       2.2026656893076903E-008
  0.500000000      0.949999988       8.5904275217785556E-009
  0.550000012      0.949999988       1.2468806302571873E-007
  0.600000024      0.949999988       4.8674711388427619E-008
  0.649999976      0.949999988       6.8194851302397219E-008
  0.699999988      0.949999988       2.1074237851863038E-007
  0.750000000      0.949999988       6.4488892971315296E-007
  0.800000012      0.949999988       1.2823688493648075E-007
  0.850000024      0.949999988       7.7501573932038832E-008
  0.899999976      0.949999988       6.3266085361009250E-008
  0.949999988      0.949999988       5.8272009029278898E-008
   1.00000000      0.949999988       5.5783818102869524E-008
   0.00000000       1.00000000       3.5357937180988813E-008
   5.00000007E-02   1.00000000       3.7841147136792597E-008
  0.100000001       1.00000000       4.3131611508935574E-008
  0.150000006       1.00000000       5.3440892671622470E-008
  0.200000003       1.00000000       6.6123132151131581E-008
  0.250000000       1.00000000       3.3939189999295134E-008
  0.300000012       1.00000000       2.9487065199935644E-008
  0.349999994       1.00000000       4.0397751524079255E-008
  0.400000006       1.00000000       2.3954397874786579E-008
  0.449999988       1.00000000       1.6444319258178929E-008
  0.500000000       1.00000000       1.5155359154488471E-008
  0.550000012       1.00000000       3.1026924668712229E-008
  0.600000024       1.00000000       2.6200575371174845E-008
  0.649999976       1.00000000       2.8567306884852775E-008
  0.699999988       1.00000000       3.4583637878145626E-008
  0.750000000       1.00000000       4.1314547117622669E-010
  0.800000012       1.00000000       5.9513531053137850E-008
  0.850000024       1.00000000       5.9925398876838412E-008
  0.899999976       1.00000000       5.7379613782495946E-008
  0.949999988       1.00000000       5.5510509432143973E-008
   1.00000000       1.00000000       5.4399204643500176E-008
