 # X Y T Z 
   0.00000000       0.00000000      -3.9666279088397191E-010
   4.76190485E-02   0.00000000      -3.4093889050932497E-010
   9.52380970E-02   0.00000000      -2.1647085708155489E-010
  0.142857149       0.00000000      -5.0684491163539153E-011
  0.190476194       0.00000000       6.0805560169211945E-010
  0.238095239       0.00000000       4.8962367607584614E-010
  0.285714298       0.00000000       1.3478756769025844E-009
  0.333333343       0.00000000       1.4978766759376171E-009
  0.380952388       0.00000000       1.7271994910017128E-009
  0.428571433       0.00000000       1.8132564197289062E-009
  0.476190478       0.00000000       2.0114931515615299E-009
  0.523809552       0.00000000       2.4547498961537053E-009
  0.571428597       0.00000000       2.8406764551302394E-009
  0.619047642       0.00000000       3.3298679022464306E-009
  0.666666687       0.00000000       3.7057655952914877E-009
  0.714285731       0.00000000       4.0693927961512819E-009
  0.761904776       0.00000000       4.3573021404658303E-009
  0.809523821       0.00000000       4.5130729861239151E-009
  0.857142866       0.00000000       4.7377026863811879E-009
  0.904761910       0.00000000       4.8252951489070189E-009
  0.952380955       0.00000000       4.9086932159508705E-009
   1.00000000       0.00000000       4.8931763072294042E-009
   0.00000000       5.55555560E-02  -3.9314402693621867E-010
   4.76190485E-02   5.55555560E-02  -3.4196476569490694E-010
   9.52380970E-02   5.55555560E-02  -2.0688059685497473E-010
  0.142857149       5.55555560E-02  -2.9660727812654691E-011
  0.190476194       5.55555560E-02   3.5951238256466851E-010
  0.238095239       5.55555560E-02   7.8150538408813981E-010
  0.285714298       5.55555560E-02   1.4643781951200353E-009
  0.333333343       5.55555560E-02   1.8422348563361477E-009
  0.380952388       5.55555560E-02   1.9834237021342481E-009
  0.428571433       5.55555560E-02   2.1417929386416054E-009
  0.476190478       5.55555560E-02   2.4083315627873385E-009
  0.523809552       5.55555560E-02   2.6614083094937398E-009
  0.571428597       5.55555560E-02   3.3339179708629556E-009
  0.619047642       5.55555560E-02   3.6110291626577926E-009
  0.666666687       5.55555560E-02   4.1070268861687943E-009
  0.714285731       5.55555560E-02   4.4724255528693583E-009
  0.761904776       5.55555560E-02   4.6721365150467157E-009
  0.809523821       5.55555560E-02   4.8215508254522126E-009
  0.857142866       5.55555560E-02   4.9278871407207499E-009
  0.904761910       5.55555560E-02   5.0108832265818859E-009
  0.952380955       5.55555560E-02   5.0010998057636175E-009
   1.00000000       5.55555560E-02   5.0131378071102337E-009
   0.00000000      0.111111112      -3.9133613233613418E-010
   4.76190485E-02  0.111111112      -3.4038532951453926E-010
   9.52380970E-02  0.111111112      -1.9119778216182201E-010
  0.142857149      0.111111112       3.2397930280377019E-010
  0.190476194      0.111111112       3.4907728216262285E-010
  0.238095239      0.111111112       1.2555105772301539E-009
  0.285714298      0.111111112       2.0071205575388287E-009
  0.333333343      0.111111112       2.2412197231284122E-009
  0.380952388      0.111111112       2.6656243462677221E-009
  0.428571433      0.111111112       2.8738345786752904E-009
  0.476190478      0.111111112       3.1872998786637119E-009
  0.523809552      0.111111112       3.7385751143531782E-009
  0.571428597      0.111111112       4.0619548415885822E-009
  0.619047642      0.111111112       4.5991391816897070E-009
  0.666666687      0.111111112       5.1109368616637785E-009
  0.714285731      0.111111112       5.3657491552977065E-009
  0.761904776      0.111111112       5.4486514686213645E-009
  0.809523821      0.111111112       5.5406612503865367E-009
  0.857142866      0.111111112       5.5219390218122152E-009
  0.904761910      0.111111112       5.4749027635688646E-009
  0.952380955      0.111111112       5.3447195421068953E-009
   1.00000000      0.111111112       5.2942890686161377E-009
   0.00000000      0.166666672       1.0838497628150486E-009
   4.76190485E-02  0.166666672      -1.1439754352138287E-010
   9.52380970E-02  0.166666672       3.2392561343744936E-010
  0.142857149      0.166666672       1.2295679662692287E-009
  0.190476194      0.166666672       1.3037108583446519E-009
  0.238095239      0.166666672       2.3257759673234527E-009
  0.285714298      0.166666672       2.8064523819833816E-009
  0.333333343      0.166666672       3.2471970636742484E-009
  0.380952388      0.166666672       3.8005816921463662E-009
  0.428571433      0.166666672       4.1973726475178245E-009
  0.476190478      0.166666672       4.8096939620505448E-009
  0.523809552      0.166666672       5.3534466159393685E-009
  0.571428597      0.166666672       5.9461557988613883E-009
  0.619047642      0.166666672       6.5706262504337939E-009
  0.666666687      0.166666672       7.0471837682875224E-009
  0.714285731      0.166666672       7.3183891148521831E-009
  0.761904776      0.166666672       7.3991616996805024E-009
  0.809523821      0.166666672       7.2687859603418926E-009
  0.857142866      0.166666672       6.9939856783113839E-009
  0.904761910      0.166666672       6.4703958118066812E-009
  0.952380955      0.166666672       6.1108327119177921E-009
   1.00000000      0.166666672       5.8125884890339839E-009
   0.00000000      0.222222224       7.8353235429223615E-009
   4.76190485E-02  0.222222224       5.3590166816967419E-009
   9.52380970E-02  0.222222224       3.9189610956348250E-009
  0.142857149      0.222222224       3.3550428611521521E-009
  0.190476194      0.222222224       3.8380307340471834E-009
  0.238095239      0.222222224       4.3204562477552194E-009
  0.285714298      0.222222224       4.6354698425002047E-009
  0.333333343      0.222222224       5.2679919498367124E-009
  0.380952388      0.222222224       5.8114117962304590E-009
  0.428571433      0.222222224       6.5768267138214230E-009
  0.476190478      0.222222224       7.2930773732578788E-009
  0.523809552      0.222222224       8.4042474668003301E-009
  0.571428597      0.222222224       9.3803923993619406E-009
  0.619047642      0.222222224       1.0199117050858821E-008
  0.666666687      0.222222224       1.1020991261528196E-008
  0.714285731      0.222222224       1.1382490116142001E-008
  0.761904776      0.222222224       1.1491922989766406E-008
  0.809523821      0.222222224       1.1033975548513635E-008
  0.857142866      0.222222224       9.8802772735247582E-009
  0.904761910      0.222222224       9.3544108454310729E-009
  0.952380955      0.222222224       8.5438945797281819E-009
   1.00000000      0.222222224       8.0255604578477122E-009
   0.00000000      0.277777791       2.1789210635976032E-008
   4.76190485E-02  0.277777791       1.8358277417782759E-008
   9.52380970E-02  0.277777791       1.6440377843221932E-008
  0.142857149      0.277777791       1.3083188939015146E-008
  0.190476194      0.277777791       1.0716464747279747E-008
  0.238095239      0.277777791       9.3012082945593058E-009
  0.285714298      0.277777791       8.9946705879371917E-009
  0.333333343      0.277777791       8.9116971078268773E-009
  0.380952388      0.277777791       9.5348811871183436E-009
  0.428571433      0.277777791       1.0293017904748191E-008
  0.476190478      0.277777791       1.1573499025440347E-008
  0.523809552      0.277777791       1.3053015081773678E-008
  0.571428597      0.277777791       1.5347445626867628E-008
  0.619047642      0.277777791       1.7464467393877312E-008
  0.666666687      0.277777791       1.9058819882749115E-008
  0.714285731      0.277777791       1.9948187113651497E-008
  0.761904776      0.277777791       1.9832711736994871E-008
  0.809523821      0.277777791       1.8622278563651135E-008
  0.857142866      0.277777791       1.7944749058928806E-008
  0.904761910      0.277777791       1.6084985072020459E-008
  0.952380955      0.277777791       1.4166796158269004E-008
   1.00000000      0.277777791       1.3157330497250846E-008
   0.00000000      0.333333343       4.7556714683448520E-008
   4.76190485E-02  0.333333343       4.4531545112546679E-008
   9.52380970E-02  0.333333343       4.1742865150410941E-008
  0.142857149      0.333333343       3.7055641781804163E-008
  0.190476194      0.333333343       3.1565548973375331E-008
  0.238095239      0.333333343       2.6349266069437913E-008
  0.285714298      0.333333343       2.2321745632328076E-008
  0.333333343      0.333333343       1.9634395571530537E-008
  0.380952388      0.333333343       1.8242124094169747E-008
  0.428571433      0.333333343       1.8422494368523041E-008
  0.476190478      0.333333343       1.9954180700429371E-008
  0.523809552      0.333333343       2.3600898438561209E-008
  0.571428597      0.333333343       2.8100702294166918E-008
  0.619047642      0.333333343       3.3139829994023769E-008
  0.666666687      0.333333343       3.7867650275289367E-008
  0.714285731      0.333333343       3.9814640915832120E-008
  0.761904776      0.333333343       3.8672064860796000E-008
  0.809523821      0.333333343       3.8898415724141627E-008
  0.857142866      0.333333343       3.7987502663990903E-008
  0.904761910      0.333333343       3.6899380333416196E-008
  0.952380955      0.333333343       3.3532215809812041E-008
   1.00000000      0.333333343       3.1398838154560269E-008
   0.00000000      0.388888896       9.9563650182449975E-008
   4.76190485E-02  0.388888896       9.9091891019357191E-008
   9.52380970E-02  0.388888896       9.5774644378243332E-008
  0.142857149      0.388888896       8.6124235164364033E-008
  0.190476194      0.388888896       7.2586984229338573E-008
  0.238095239      0.388888896       6.3226021264491897E-008
  0.285714298      0.388888896       5.8751273804117949E-008
  0.333333343      0.388888896       5.3598502335711843E-008
  0.380952388      0.388888896       4.8200718919834667E-008
  0.428571433      0.388888896       4.5345067574114185E-008
  0.476190478      0.388888896       4.7422566921336029E-008
  0.523809552      0.388888896       5.5514506759379899E-008
  0.571428597      0.388888896       6.8908775441618047E-008
  0.619047642      0.388888896       8.2235454797820228E-008
  0.666666687      0.388888896       9.0702444902166120E-008
  0.714285731      0.388888896       8.9905940221053290E-008
  0.761904776      0.388888896       8.4913031735145156E-008
  0.809523821      0.388888896       8.8297018254965016E-008
  0.857142866      0.388888896       1.0535592298750729E-007
  0.904761910      0.388888896       1.1877423391831125E-007
  0.952380955      0.388888896       1.1802080198092084E-007
   1.00000000      0.388888896       1.1134097099624232E-007
   0.00000000      0.444444448       2.0558944728544474E-007
   4.76190485E-02  0.444444448       2.2143928253765596E-007
   9.52380970E-02  0.444444448       2.2472088014816732E-007
  0.142857149      0.444444448       2.0205218961388653E-007
  0.190476194      0.444444448       1.6201766070119208E-007
  0.238095239      0.444444448       1.4371567369074901E-007
  0.285714298      0.444444448       1.4300670894668672E-007
  0.333333343      0.444444448       1.3324110470042073E-007
  0.380952388      0.444444448       1.1573555581300332E-007
  0.428571433      0.444444448       1.0362213481468919E-007
  0.476190478      0.444444448       1.0471743094342693E-007
  0.523809552      0.444444448       1.2267143764376891E-007
  0.571428597      0.444444448       1.5151033335144355E-007
  0.619047642      0.444444448       1.8592319743157299E-007
  0.666666687      0.444444448       1.9210271451125440E-007
  0.714285731      0.444444448       1.6270895320809982E-007
  0.761904776      0.444444448       1.2752416342506033E-007
  0.809523821      0.444444448       1.3925041669467057E-007
  0.857142866      0.444444448       2.3367539422848235E-007
  0.904761910      0.444444448       3.1356911849272483E-007
  0.952380955      0.444444448       3.2719614063763877E-007
   1.00000000      0.444444448       3.0930100079935852E-007
   0.00000000      0.500000000       4.3303902734774698E-007
   4.76190485E-02  0.500000000       5.1070646230413647E-007
   9.52380970E-02  0.500000000       6.1208830247946443E-007
  0.142857149      0.500000000       5.9912946932122197E-007
  0.190476194      0.500000000       4.2087535553642780E-007
  0.238095239      0.500000000       3.7804149774565803E-007
  0.285714298      0.500000000       4.0482381165346136E-007
  0.333333343      0.500000000       3.5485712319933754E-007
  0.380952388      0.500000000       2.8005042320024655E-007
  0.428571433      0.500000000       2.2464547799500457E-007
  0.476190478      0.500000000       2.1054770223838002E-007
  0.523809552      0.500000000       2.3897162388312993E-007
  0.571428597      0.500000000       3.0055165221122343E-007
  0.619047642      0.500000000       3.5802676571328835E-007
  0.666666687      0.500000000       3.2919957785394792E-007
  0.714285731      0.500000000       1.8756921877244878E-007
  0.761904776      0.500000000       8.1466744483965452E-008
  0.809523821      0.500000000       9.1061294709890959E-008
  0.857142866      0.500000000       4.3661747608082606E-007
  0.904761910      0.500000000       7.4268225771861006E-007
  0.952380955      0.500000000       7.9983297366281389E-007
   1.00000000      0.500000000       7.4695863751391648E-007
   0.00000000      0.555555582       9.4676389799850085E-007
   4.76190485E-02  0.555555582       1.3629238219662774E-006
   9.52380970E-02  0.555555582       2.3016905550553215E-006
  0.142857149      0.555555582       3.3584014410760910E-006
  0.190476194      0.555555582       3.4108415926585416E-006
  0.238095239      0.555555582       2.8476577100211521E-006
  0.285714298      0.555555582       2.0319342841127429E-006
  0.333333343      0.555555582       1.1439718802899496E-006
  0.380952388      0.555555582       7.2583136295068093E-007
  0.428571433      0.555555582       4.7252315830072938E-007
  0.476190478      0.555555582       3.7746442016905622E-007
  0.523809552      0.555555582       3.9514317535672820E-007
  0.571428597      0.555555582       4.8502311669165916E-007
  0.619047642      0.555555582       5.4051882531977458E-007
  0.666666687      0.555555582       3.7092093662895653E-007
  0.714285731      0.555555582       6.4024043104344945E-008
  0.761904776      0.555555582       1.6542184983142985E-008
  0.809523821      0.555555582       6.6316445281175071E-009
  0.857142866      0.555555582       8.5467826096811712E-007
  0.904761910      0.555555582       1.6098198447492360E-006
  0.952380955      0.555555582       1.6819445327429395E-006
   1.00000000      0.555555582       1.5426853302283241E-006
   0.00000000      0.611111104       2.2269563970800507E-006
   4.76190485E-02  0.611111104       5.7799014198964358E-006
   9.52380970E-02  0.611111104       2.3477775212631872E-005
  0.142857149      0.611111104       5.2019088574831217E-005
  0.190476194      0.611111104       8.3756336540087074E-005
  0.238095239      0.611111104       6.4409125292758020E-005
  0.285714298      0.611111104       3.7235091777842967E-005
  0.333333343      0.611111104       9.6049532964748250E-006
  0.380952388      0.611111104       2.0815229910046930E-006
  0.428571433      0.611111104       9.4724035274863891E-007
  0.476190478      0.611111104       5.5661343003743770E-007
  0.523809552      0.611111104       4.6100513714442061E-007
  0.571428597      0.611111104       4.7615752993688978E-007
  0.619047642      0.611111104       4.0394104498044136E-007
  0.666666687      0.611111104       1.1127971464284549E-007
  0.714285731      0.611111104       4.8619299284702669E-008
  0.761904776      0.611111104       2.3939326975505430E-008
  0.809523821      0.611111104       8.7983775380346546E-009
  0.857142866      0.611111104       2.6449319671354062E-006
  0.904761910      0.611111104       2.6928157449693972E-006
  0.952380955      0.611111104       2.3270012493598752E-006
   1.00000000      0.611111104       2.1324067908237493E-006
   0.00000000      0.666666687       7.3621940220760899E-006
   4.76190485E-02  0.666666687       5.6129744752905861E-005
   9.52380970E-02  0.666666687       3.6971829533313317E-004
  0.142857149      0.666666687       2.0099968172491069E-003
  0.190476194      0.666666687       4.2912637716546725E-003
  0.238095239      0.666666687       3.1531752042473328E-003
  0.285714298      0.666666687       7.7180761090760359E-004
  0.333333343      0.666666687       1.3510411804095975E-004
  0.380952388      0.666666687       1.3668831911244962E-005
  0.428571433      0.666666687       1.7644733221102576E-006
  0.476190478      0.666666687       5.8341595194483491E-007
  0.523809552      0.666666687       2.2499516544008836E-007
  0.571428597      0.666666687       9.6787691508096099E-008
  0.619047642      0.666666687       8.6271638614053309E-008
  0.666666687      0.666666687       6.7890664279821392E-008
  0.714285731      0.666666687       4.6734209189613213E-008
  0.761904776      0.666666687       3.0084107091485498E-004
  0.809523821      0.666666687       6.1845412531922033E-004
  0.857142866      0.666666687       3.0112602456662573E-005
  0.904761910      0.666666687       1.5992676158785909E-006
  0.952380955      0.666666687       4.6988486977826531E-007
   1.00000000      0.666666687       7.5257579166361152E-007
   0.00000000      0.722222209       2.8986050332378615E-005
   4.76190485E-02  0.722222209       3.3027870942071991E-004
   9.52380970E-02  0.722222209       4.8923218408440869E-003
  0.142857149      0.722222209       2.3685129478933965E-002
  0.190476194      0.722222209       4.4371249982784987E-002
  0.238095239      0.722222209       3.3915807412177354E-002
  0.285714298      0.722222209       1.0478669884367560E-002
  0.333333343      0.722222209       1.0073354584361331E-003
  0.380952388      0.722222209       7.2091570744231646E-005
  0.428571433      0.722222209       3.9765908190527431E-006
  0.476190478      0.722222209       4.0024688735141993E-007
  0.523809552      0.722222209       2.7256009988739570E-008
  0.571428597      0.722222209       4.1361273664841831E-008
  0.619047642      0.722222209       5.0703499397219791E-008
  0.666666687      0.722222209       5.1538181006097541E-008
  0.714285731      0.722222209       1.4181516606560566E-003
  0.761904776      0.722222209       4.6967993197442794E-003
  0.809523821      0.722222209       5.9962195780933324E-003
  0.857142866      0.722222209       3.3751445722716420E-003
  0.904761910      0.722222209       4.8816838822348481E-004
  0.952380955      0.722222209       4.6500860853733450E-008
   1.00000000      0.722222209       5.8519439075565768E-008
   0.00000000      0.777777791       5.1661528718006163E-005
   4.76190485E-02  0.777777791       1.0818609918404830E-003
   9.52380970E-02  0.777777791       1.5665344458137945E-002
  0.142857149      0.777777791       7.0786074233136292E-002
  0.190476194      0.777777791      0.13156708884460974     
  0.238095239      0.777777791      0.10086084688265565     
  0.285714298      0.777777791       3.1902172193879794E-002
  0.333333343      0.777777791       3.8735402545168780E-003
  0.380952388      0.777777791       1.3797918737622954E-004
  0.428571433      0.777777791       6.5156243206335087E-006
  0.476190478      0.777777791       2.4943527945954784E-007
  0.523809552      0.777777791       2.0151626765806618E-008
  0.571428597      0.777777791       3.0110209150709197E-008
  0.619047642      0.777777791       3.6110695301582590E-008
  0.666666687      0.777777791       4.3249342731678671E-004
  0.714285731      0.777777791       4.5928346563229800E-003
  0.761904776      0.777777791       1.2090191984228902E-002
  0.809523821      0.777777791       1.5063734877861005E-002
  0.857142866      0.777777791       9.0098744732494129E-003
  0.904761910      0.777777791       2.4097925107570660E-003
  0.952380955      0.777777791       4.7763870452983276E-008
   1.00000000      0.777777791       5.5801679648553870E-008
   0.00000000      0.833333313       5.4065808194810831E-005
   4.76190485E-02  0.833333313       9.2661495704439651E-004
   9.52380970E-02  0.833333313       1.3826045095023550E-002
  0.142857149      0.833333313       6.2681307430735952E-002
  0.190476194      0.833333313      0.11656826919424315     
  0.238095239      0.833333313       8.9346425035849109E-002
  0.285714298      0.833333313       2.8208448905196144E-002
  0.333333343      0.833333313       3.3454712064646254E-003
  0.380952388      0.833333313       1.2327235093101288E-004
  0.428571433      0.833333313       6.2377922116619135E-006
  0.476190478      0.833333313       3.1673364929305165E-007
  0.523809552      0.833333313       1.7516415823322145E-008
  0.571428597      0.833333313       2.5544846648118541E-008
  0.619047642      0.833333313       3.0873359453589128E-008
  0.666666687      0.833333313       3.0269789172314887E-004
  0.714285731      0.833333313       4.0793483465438405E-003
  0.761904776      0.833333313       1.0883049818578117E-002
  0.809523821      0.833333313       1.3586697877560562E-002
  0.857142866      0.833333313       8.0855424110648933E-003
  0.904761910      0.833333313       2.1021968024440910E-003
  0.952380955      0.833333313       4.5283887413092791E-008
   1.00000000      0.833333313       5.7157619882128655E-008
   0.00000000      0.888888896       2.3081266008530407E-005
   4.76190485E-02  0.888888896       2.3490017113321905E-004
   9.52380970E-02  0.888888896       3.2302116564532817E-003
  0.142857149      0.888888896       1.6427656810349855E-002
  0.190476194      0.888888896       3.0906168798317153E-002
  0.238095239      0.888888896       2.3580930231990378E-002
  0.285714298      0.888888896       7.1361361703112716E-003
  0.333333343      0.888888896       6.7798657601281416E-004
  0.380952388      0.888888896       5.4767170001629797E-005
  0.428571433      0.888888896       3.2101120326911395E-006
  0.476190478      0.888888896       5.4067352615122467E-007
  0.523809552      0.888888896       4.2629701212123605E-008
  0.571428597      0.888888896       2.4682494997689802E-008
  0.619047642      0.888888896       3.3085025970291428E-008
  0.666666687      0.888888896       4.0659182394629095E-008
  0.714285731      0.888888896       8.7438931706066174E-004
  0.761904776      0.888888896       3.4106863001346016E-003
  0.809523821      0.888888896       4.4090961193540461E-003
  0.857142866      0.888888896       2.3832841992723966E-003
  0.904761910      0.888888896       1.7914184459236183E-004
  0.952380955      0.888888896       4.1825928610112958E-008
   1.00000000      0.888888896       1.0180639823612753E-007
   0.00000000      0.944444418       5.9265639875474840E-006
   4.76190485E-02  0.944444418       3.5803889842986238E-005
   9.52380970E-02  0.944444418       2.1429958639709846E-004
  0.142857149      0.944444418       9.7827149943185390E-004
  0.190476194      0.944444418       2.2289765435509895E-003
  0.238095239      0.944444418       1.5431900430444082E-003
  0.285714298      0.944444418       4.1104641511938481E-004
  0.333333343      0.944444418       8.2172088426587489E-005
  0.380952388      0.944444418       8.3100745717155358E-006
  0.428571433      0.944444418       1.7736751593331159E-006
  0.476190478      0.944444418       8.1157306772501765E-007
  0.523809552      0.944444418       5.0715702677350176E-007
  0.571428597      0.944444418       4.1805634567402541E-007
  0.619047642      0.944444418       2.9999124321429191E-007
  0.666666687      0.944444418       6.6460903147200212E-008
  0.714285731      0.944444418       3.2586691092045816E-008
  0.761904776      0.944444418       1.0568569129717608E-005
  0.809523821      0.944444418       2.0703711544914458E-004
  0.857142866      0.944444418       1.4136589144295511E-008
  0.904761910      0.944444418       7.0570789565522173E-007
  0.952380955      0.944444418       1.7948596964956903E-006
   1.00000000      0.944444418       2.1755465953498046E-006
   0.00000000       1.00000000       2.4335137391883789E-006
   4.76190485E-02   1.00000000       5.4368175711942777E-006
   9.52380970E-02   1.00000000       1.7399584439029264E-005
  0.142857149       1.00000000       3.8013265703131958E-005
  0.190476194       1.00000000       4.0144559365507676E-005
  0.238095239       1.00000000       3.5325996420623859E-005
  0.285714298       1.00000000       2.4496760241877417E-005
  0.333333343       1.00000000       7.8501869700436152E-006
  0.380952388       1.00000000       2.4996380008109184E-006
  0.428571433       1.00000000       1.2854156475397278E-006
  0.476190478       1.00000000       9.3093095473226856E-007
  0.523809552       1.00000000       9.7768304829053685E-007
  0.571428597       1.00000000       1.3494792826758742E-006
  0.619047642       1.00000000       2.0290633675026145E-006
  0.666666687       1.00000000       2.8090578287500280E-006
  0.714285731       1.00000000       3.7070756652013556E-006
  0.761904776       1.00000000       7.6818623601614122E-006
  0.809523821       1.00000000       4.8896376198773617E-006
  0.857142866       1.00000000       2.1349781783031041E-006
  0.904761910       1.00000000       4.5553037014050071E-006
  0.952380955       1.00000000       4.5864110726123643E-006
   1.00000000       1.00000000       3.9260460105812120E-006
