 # X Y F 
   0.00000000       0.00000000       1.6031182705814696E-008
   3.22580636E-02   0.00000000       1.6532085506510164E-008
   6.45161271E-02   0.00000000       2.8612832340171362E-008
   9.67741907E-02   0.00000000       1.0286983480707024E-008
  0.129032254       0.00000000       3.3872822995420531E-008
  0.161290318       0.00000000       1.8155467798779219E-009
  0.193548381       0.00000000       4.1243725514588891E-008
  0.225806445       0.00000000       7.9017073414299047E-010
  0.258064508       0.00000000       4.2629423635592695E-008
  0.290322572       0.00000000      -8.1518052372415670E-009
  0.322580636       0.00000000       6.5334059618783929E-008
  0.354838699       0.00000000      -2.9592842422695935E-008
  0.387096763       0.00000000       5.6418456272769281E-008
  0.419354826       0.00000000      -3.9539983327252595E-008
  0.451612890       0.00000000       7.9128769845715139E-008
  0.483870953       0.00000000      -4.2016089548167506E-008
  0.516129017       0.00000000       7.4459651698321951E-008
  0.548387110       0.00000000      -2.8898829002756395E-008
  0.580645144       0.00000000       1.8973274716646834E-007
  0.612903237       0.00000000       2.4613580679101614E-009
  0.645161271       0.00000000       1.2926344261165144E-007
  0.677419364       0.00000000      -5.8134060216583144E-008
  0.709677398       0.00000000       8.7061301750938907E-008
  0.741935492       0.00000000      -8.3991995382674011E-008
  0.774193525       0.00000000       7.7566091248733019E-008
  0.806451619       0.00000000      -6.8298679591078604E-008
  0.838709652       0.00000000       5.8920008406971065E-008
  0.870967746       0.00000000      -4.9570664511084182E-008
  0.903225780       0.00000000       3.5477466792250579E-008
  0.935483873       0.00000000      -2.6614508716446836E-008
  0.967741907       0.00000000       8.2340063810628965E-010
   1.00000000       0.00000000       5.1164686999775733E-009
   0.00000000       3.22580636E-02   3.2289806965428160E-008
   3.22580636E-02   3.22580636E-02   1.0888774645621765E-008
   6.45161271E-02   3.22580636E-02   2.3089366578843810E-008
   9.67741907E-02   3.22580636E-02   1.2223360550713742E-008
  0.129032254       3.22580636E-02   3.1409556833537375E-008
  0.161290318       3.22580636E-02   1.0002517402335467E-008
  0.193548381       3.22580636E-02   3.3956947451361064E-008
  0.225806445       3.22580636E-02  -1.2282293292383109E-008
  0.258064508       3.22580636E-02   5.2043611218892224E-008
  0.290322572       3.22580636E-02  -5.9799878522063222E-009
  0.322580636       3.22580636E-02   8.5626292198438441E-009
  0.354838699       3.22580636E-02   1.5236357631998317E-008
  0.387096763       3.22580636E-02   6.9034269899728340E-008
  0.419354826       3.22580636E-02  -6.1800938920677754E-009
  0.451612890       3.22580636E-02   4.1730576792732923E-008
  0.483870953       3.22580636E-02  -3.0566068078077762E-008
  0.516129017       3.22580636E-02   3.9637182857290183E-008
  0.548387110       3.22580636E-02   3.4084537548208666E-009
  0.580645144       3.22580636E-02   2.5329737001751126E-007
  0.612903237       3.22580636E-02   6.6346718714529943E-008
  0.645161271       3.22580636E-02   2.1151218122301469E-007
  0.677419364       3.22580636E-02  -6.1009453778893504E-008
  0.709677398       3.22580636E-02   6.8029750794279524E-008
  0.741935492       3.22580636E-02  -6.3553222595949880E-008
  0.774193525       3.22580636E-02   5.5185091432104395E-008
  0.806451619       3.22580636E-02  -5.0356968248538110E-008
  0.838709652       3.22580636E-02   4.3603501118984347E-008
  0.870967746       3.22580636E-02  -3.7385139160446167E-008
  0.903225780       3.22580636E-02   3.6391323817922475E-008
  0.935483873       3.22580636E-02  -2.8933449359355021E-008
  0.967741907       3.22580636E-02   5.9073524748272079E-008
   1.00000000       3.22580636E-02  -4.1346954319168299E-008
   0.00000000       6.45161271E-02   5.2061834971734984E-009
   3.22580636E-02   6.45161271E-02   1.6627814721766391E-008
   6.45161271E-02   6.45161271E-02   3.4128864213223588E-008
   9.67741907E-02   6.45161271E-02   9.9682654711529370E-009
  0.129032254       6.45161271E-02   3.4685038834040363E-008
  0.161290318       6.45161271E-02   8.9380276080440296E-009
  0.193548381       6.45161271E-02   4.0958515555063149E-008
  0.225806445       6.45161271E-02   4.0692689906286776E-008
  0.258064508       6.45161271E-02   1.4745993989871170E-008
  0.290322572       6.45161271E-02   1.9021570181079036E-008
  0.322580636       6.45161271E-02   8.5011149992505010E-008
  0.354838699       6.45161271E-02  -2.1754571135552761E-008
  0.387096763       6.45161271E-02  -9.6503015980921019E-010
  0.419354826       6.45161271E-02  -1.1864208770732199E-008
  0.451612890       6.45161271E-02   5.3312405132270628E-008
  0.483870953       6.45161271E-02   1.4894461405953744E-008
  0.516129017       6.45161271E-02   3.5293727278455187E-008
  0.548387110       6.45161271E-02  -3.0748969735725200E-009
  0.580645144       6.45161271E-02   6.4070955115855804E-008
  0.612903237       6.45161271E-02   8.0968983587851182E-008
  0.645161271       6.45161271E-02   2.0261076724062797E-007
  0.677419364       6.45161271E-02   3.9623802675026643E-008
  0.709677398       6.45161271E-02   2.7000639835118336E-008
  0.741935492       6.45161271E-02  -3.2348877361542459E-008
  0.774193525       6.45161271E-02   3.0919894663225376E-008
  0.806451619       6.45161271E-02  -2.7356532220648256E-008
  0.838709652       6.45161271E-02   2.6559202839796859E-008
  0.870967746       6.45161271E-02  -2.3764159198375776E-008
  0.903225780       6.45161271E-02   1.3264361305730067E-008
  0.935483873       6.45161271E-02  -7.3353175594804720E-009
  0.967741907       6.45161271E-02  -5.9319461290812842E-008
   1.00000000       6.45161271E-02   5.1371643560975998E-008
   0.00000000       9.67741907E-02   4.0374053349765780E-008
   3.22580636E-02   9.67741907E-02   2.4349586506743592E-008
   6.45161271E-02   9.67741907E-02   9.0383657614342429E-009
   9.67741907E-02   9.67741907E-02   2.5002586308345191E-008
  0.129032254       9.67741907E-02   2.5990047399491798E-008
  0.161290318       9.67741907E-02   2.0861047827808647E-008
  0.193548381       9.67741907E-02   2.1334200959948377E-008
  0.225806445       9.67741907E-02  -1.7872914227739124E-008
  0.258064508       9.67741907E-02   6.3671665705869274E-008
  0.290322572       9.67741907E-02   7.7980879831503506E-011
  0.322580636       9.67741907E-02  -4.6352321394270329E-008
  0.354838699       9.67741907E-02   6.0541603256058063E-008
  0.387096763       9.67741907E-02   6.1294222465687310E-008
  0.419354826       9.67741907E-02   4.1187007456139943E-008
  0.451612890       9.67741907E-02  -5.8712247629531188E-009
  0.483870953       9.67741907E-02  -5.9528822368752172E-009
  0.516129017       9.67741907E-02   1.8209706361126059E-008
  0.548387110       9.67741907E-02   1.9049271002561278E-007
  0.580645144       9.67741907E-02   6.8774330054738098E-008
  0.612903237       9.67741907E-02   1.2755160484016104E-007
  0.645161271       9.67741907E-02   1.0732108140986389E-007
  0.677419364       9.67741907E-02   7.4378620003368682E-008
  0.709677398       9.67741907E-02  -1.1685457086741976E-008
  0.741935492       9.67741907E-02   7.8889413626951039E-009
  0.774193525       9.67741907E-02  -1.2613874644036660E-008
  0.806451619       9.67741907E-02   7.4355200364762343E-009
  0.838709652       9.67741907E-02  -6.8720642511254504E-009
  0.870967746       9.67741907E-02   6.2989834991344977E-010
  0.903225780       9.67741907E-02   3.5214771026265111E-009
  0.935483873       9.67741907E-02  -1.3037254849717432E-008
  0.967741907       9.67741907E-02   9.2522739022156893E-008
   1.00000000       9.67741907E-02  -7.5776156156524978E-008
   0.00000000      0.129032254       1.2610926377541238E-009
   3.22580636E-02  0.129032254       1.4058968387817704E-008
   6.45161271E-02  0.129032254       4.1352433765162946E-008
   9.67741907E-02  0.129032254       1.8312160917665748E-008
  0.129032254      0.129032254       1.5285043743697940E-008
  0.161290318      0.129032254       4.0969417030097819E-008
  0.193548381      0.129032254       2.9518784066490603E-008
  0.225806445      0.129032254       8.3872637708162510E-008
  0.258064508      0.129032254      -3.4636561293716414E-008
  0.290322572      0.129032254       6.5953604310882296E-008
  0.322580636      0.129032254       1.1997269520548020E-007
  0.354838699      0.129032254      -3.0310520326015376E-008
  0.387096763      0.129032254      -2.2008378210898292E-008
  0.419354826      0.129032254       2.1758831644513332E-009
  0.451612890      0.129032254       2.6173814900177188E-008
  0.483870953      0.129032254       5.1027673856394802E-008
  0.516129017      0.129032254       8.5927632198298588E-009
  0.548387110      0.129032254       4.8002935376905057E-008
  0.580645144      0.129032254       1.6805223608615001E-007
  0.612903237      0.129032254       2.1569273413342914E-007
  0.645161271      0.129032254       1.5970845075146662E-007
  0.677419364      0.129032254       5.9284635645795783E-008
  0.709677398      0.129032254      -2.1206231061608520E-008
  0.741935492      0.129032254       7.9476228227203402E-009
  0.774193525      0.129032254      -5.1092257143516056E-009
  0.806451619      0.129032254       3.8188115679068725E-009
  0.838709652      0.129032254      -3.7241942600788383E-009
  0.870967746      0.129032254       5.1659710594690372E-009
  0.903225780      0.129032254      -9.2859780475928383E-009
  0.935483873      0.129032254       1.7270002852217705E-008
  0.967741907      0.129032254      -1.1540345704129412E-007
   1.00000000      0.129032254       8.8265381952364785E-008
   0.00000000      0.161290318       4.8752721189282529E-008
   3.22580636E-02  0.161290318       2.3747534962412128E-008
   6.45161271E-02  0.161290318       1.3284472286297730E-008
   9.67741907E-02  0.161290318       2.4432358313221046E-008
  0.129032254      0.161290318       4.9276580302540651E-008
  0.161290318      0.161290318       2.4787515371251643E-008
  0.193548381      0.161290318       1.7096415638463971E-008
  0.225806445      0.161290318      -2.5476445342460786E-008
  0.258064508      0.161290318       3.3295387636580961E-007
  0.290322572      0.161290318      -3.6239689314353285E-008
  0.322580636      0.161290318      -7.7879016660224116E-008
  0.354838699      0.161290318       9.1488001041686510E-008
  0.387096763      0.161290318       7.7475268341925790E-008
  0.419354826      0.161290318       4.9391353496831270E-008
  0.451612890      0.161290318       3.4684223912594532E-009
  0.483870953      0.161290318       1.4578027303723122E-009
  0.516129017      0.161290318       2.1962844422894878E-007
  0.548387110      0.161290318       1.7864063811028480E-007
  0.580645144      0.161290318       4.3060258528767265E-008
  0.612903237      0.161290318       7.6900659208426210E-008
  0.645161271      0.161290318       5.0414632361157147E-008
  0.677419364      0.161290318       1.5447680092150082E-008
  0.709677398      0.161290318       2.5241077995094845E-008
  0.741935492      0.161290318      -1.6250872636864128E-008
  0.774193525      0.161290318       3.2418642187673632E-009
  0.806451619      0.161290318      -3.8402583086258266E-009
  0.838709652      0.161290318      -2.5148662637519251E-010
  0.870967746      0.161290318      -3.3359989013398532E-009
  0.903225780      0.161290318       5.0528760836075062E-009
  0.935483873      0.161290318      -2.0368264681610386E-008
  0.967741907      0.161290318       1.3209373259520621E-007
   1.00000000      0.161290318      -1.0557397705546957E-007
   0.00000000      0.193548381      -5.1469157350809028E-009
   3.22580636E-02  0.193548381       2.1935539476776563E-008
   6.45161271E-02  0.193548381       4.1015321403357176E-008
   9.67741907E-02  0.193548381       2.8355746863690338E-008
  0.129032254      0.193548381       6.7291501008709344E-009
  0.161290318      0.193548381       4.0109290043358788E-008
  0.193548381      0.193548381       7.8925389244555930E-008
  0.225806445      0.193548381       2.9867014037713670E-007
  0.258064508      0.193548381       1.7190252457514098E-007
  0.290322572      0.193548381       3.4800529141832551E-007
  0.322580636      0.193548381       2.0002610435854510E-007
  0.354838699      0.193548381      -1.0004804359275807E-007
  0.387096763      0.193548381      -2.1250765728683321E-008
  0.419354826      0.193548381      -5.7727469356047214E-008
  0.451612890      0.193548381      -2.9793525840530216E-009
  0.483870953      0.193548381       1.0184933499887797E-007
  0.516129017      0.193548381       1.4931996558218313E-007
  0.548387110      0.193548381       2.5532938047370797E-007
  0.580645144      0.193548381       2.7632934824488946E-007
  0.612903237      0.193548381       1.4213850742225809E-007
  0.645161271      0.193548381       1.1688944095348002E-007
  0.677419364      0.193548381       3.7490341901238966E-008
  0.709677398      0.193548381      -1.0216339286059159E-008
  0.741935492      0.193548381      -5.7181409232777638E-009
  0.774193525      0.193548381       8.1155936573405745E-009
  0.806451619      0.193548381      -8.4231327325015389E-009
  0.838709652      0.193548381       6.0038964172312769E-009
  0.870967746      0.193548381      -3.8400320893642228E-009
  0.903225780      0.193548381      -9.3781224809349285E-009
  0.935483873      0.193548381       2.1698875487344255E-008
  0.967741907      0.193548381      -1.5720045369636527E-007
   1.00000000      0.193548381       1.1804825277216005E-007
   0.00000000      0.225806445       4.8695766961644763E-008
   3.22580636E-02  0.225806445       3.8343468244834170E-008
   6.45161271E-02  0.225806445      -6.3566154728652939E-009
   9.67741907E-02  0.225806445       5.9255811874309004E-008
  0.129032254      0.225806445       2.4940321888636542E-008
  0.161290318      0.225806445       3.0540572514988966E-007
  0.193548381      0.225806445       6.0842209903338910E-009
  0.225806445      0.225806445       1.1391028705230174E-007
  0.258064508      0.225806445       2.6148809002913402E-007
  0.290322572      0.225806445       1.0679227440632156E-008
  0.322580636      0.225806445      -7.4778416774436102E-009
  0.354838699      0.225806445       4.0702084478653785E-007
  0.387096763      0.225806445       3.9536481592751692E-007
  0.419354826      0.225806445       5.6083853619875683E-007
  0.451612890      0.225806445       5.3989615386412917E-007
  0.483870953      0.225806445       3.1375172148976732E-007
  0.516129017      0.225806445       5.9722700682077485E-008
  0.548387110      0.225806445       6.2458810310104456E-008
  0.580645144      0.225806445      -1.1791008910069949E-007
  0.612903237      0.225806445       3.3159309633691654E-007
  0.645161271      0.225806445       2.2769956957614737E-007
  0.677419364      0.225806445       1.2399166787956248E-007
  0.709677398      0.225806445      -1.6269515467124403E-009
  0.741935492      0.225806445       1.0674027721149006E-008
  0.774193525      0.225806445      -1.9574104040023915E-008
  0.806451619      0.225806445       1.7685185555232332E-008
  0.838709652      0.225806445      -2.1266137841452463E-008
  0.870967746      0.225806445       1.3632403559377786E-008
  0.903225780      0.225806445      -4.2968215211536723E-009
  0.935483873      0.225806445      -2.2538195445065252E-008
  0.967741907      0.225806445       1.7001609617107454E-007
   1.00000000      0.225806445      -1.3651619903964271E-007
   0.00000000      0.258064508      -1.1118738713613427E-008
   3.22580636E-02  0.258064508       2.7973803414405238E-008
   6.45161271E-02  0.258064508       4.6227307737199088E-008
   9.67741907E-02  0.258064508       2.1790283409115672E-008
  0.129032254      0.258064508       2.6027772037416608E-009
  0.161290318      0.258064508       2.9266952308757506E-007
  0.193548381      0.258064508       6.0582784806565516E-008
  0.225806445      0.258064508       2.1402692606906710E-007
  0.258064508      0.258064508      -2.0664859783066701E-007
  0.290322572      0.258064508       7.5240325144404837E-007
  0.322580636      0.258064508       1.3521084339373787E-006
  0.354838699      0.258064508       2.2112544351193257E-006
  0.387096763      0.258064508       2.9541912327078002E-006
  0.419354826      0.258064508       3.4845868232709847E-006
  0.451612890      0.258064508       3.4665725234270943E-006
  0.483870953      0.258064508       2.5971406610440848E-006
  0.516129017      0.258064508       2.0883622314913736E-006
  0.548387110      0.258064508       8.8224982258496296E-007
  0.580645144      0.258064508       5.0455776423759867E-007
  0.612903237      0.258064508      -1.1497827862302175E-007
  0.645161271      0.258064508      -2.8996674708722158E-008
  0.677419364      0.258064508       6.7512152982706143E-008
  0.709677398      0.258064508      -9.2892241905069395E-009
  0.741935492      0.258064508      -2.1576297760395411E-009
  0.774193525      0.258064508       8.3558586008230415E-009
  0.806451619      0.258064508      -1.3958135203747208E-008
  0.838709652      0.258064508       9.4589717641168122E-009
  0.870967746      0.258064508      -1.2418983415796845E-008
  0.903225780      0.258064508      -2.6725404403906256E-009
  0.935483873      0.258064508       2.1204689939899205E-008
  0.967741907      0.258064508      -1.9703515573994752E-007
   1.00000000      0.258064508       1.4496453344793008E-007
   0.00000000      0.290322572       6.0563919640271804E-008
   3.22580636E-02  0.290322572       2.3003868596174395E-008
   6.45161271E-02  0.290322572       3.9732808192422390E-009
   9.67741907E-02  0.290322572       4.4607011811419424E-008
  0.129032254      0.290322572       8.3661932318734240E-008
  0.161290318      0.290322572       5.7834569968644061E-008
  0.193548381      0.290322572       4.1719975831721821E-007
  0.225806445      0.290322572       4.1501269458057474E-007
  0.258064508      0.290322572       1.9588138876930985E-006
  0.290322572      0.290322572       4.9812005035078865E-006
  0.322580636      0.290322572       7.8772277847605642E-006
  0.354838699      0.290322572       1.1539541690513934E-005
  0.387096763      0.290322572       1.5016725181199165E-005
  0.419354826      0.290322572       1.5557888834351525E-005
  0.451612890      0.290322572       1.4067550341714891E-005
  0.483870953      0.290322572       1.1306708278179592E-005
  0.516129017      0.290322572       7.1453940525294407E-006
  0.548387110      0.290322572       4.2555808406090111E-006
  0.580645144      0.290322572       2.1459622107764355E-006
  0.612903237      0.290322572       1.0106633294684981E-006
  0.645161271      0.290322572       3.5701354084831988E-007
  0.677419364      0.290322572      -2.4747249878459031E-008
  0.709677398      0.290322572       1.7127911272783848E-008
  0.741935492      0.290322572      -7.2527096571712156E-009
  0.774193525      0.290322572       1.1220476430758610E-008
  0.806451619      0.290322572       2.6044649754376020E-009
  0.838709652      0.290322572      -3.5560426737970065E-009
  0.870967746      0.290322572      -3.7430627327910261E-009
  0.903225780      0.290322572       5.9486277667976961E-009
  0.935483873      0.290322572      -3.6475525466922895E-008
  0.967741907      0.290322572       2.1573167130960900E-007
   1.00000000      0.290322572      -1.6232503819885162E-007
   0.00000000      0.322580636      -1.7888418434717169E-008
   3.22580636E-02  0.322580636       3.9904978480966952E-008
   6.45161271E-02  0.322580636       3.0822819162224487E-008
   9.67741907E-02  0.322580636       6.7007614898690816E-008
  0.129032254      0.322580636      -6.3424038283438339E-008
  0.161290318      0.322580636       2.9937636786198348E-007
  0.193548381      0.322580636       1.5886621042598224E-006
  0.225806445      0.322580636       4.8120605484852191E-006
  0.258064508      0.322580636       1.0861256839690497E-005
  0.290322572      0.322580636       2.0518509076607030E-005
  0.322580636      0.322580636       3.3294826968660315E-005
  0.354838699      0.322580636       4.6147686112433792E-005
  0.387096763      0.322580636       5.5289582183374363E-005
  0.419354826      0.322580636       5.6855208915381384E-005
  0.451612890      0.322580636       5.1440186267311297E-005
  0.483870953      0.322580636       4.0549241223392878E-005
  0.516129017      0.322580636       2.6351532387056656E-005
  0.548387110      0.322580636       1.4082975943379896E-005
  0.580645144      0.322580636       6.9528318430318435E-006
  0.612903237      0.322580636       3.2408489656746808E-006
  0.645161271      0.322580636       1.2657314954122937E-006
  0.677419364      0.322580636       3.6833732896706913E-007
  0.709677398      0.322580636      -7.2090701933894503E-008
  0.741935492      0.322580636       1.5342379675559705E-007
  0.774193525      0.322580636      -3.8181447198097120E-008
  0.806451619      0.322580636       4.1025012161057386E-009
  0.838709652      0.322580636      -9.5701898485851133E-009
  0.870967746      0.322580636       2.3963391098948087E-009
  0.903225780      0.322580636      -1.5302995078305704E-008
  0.935483873      0.322580636       2.7556019093331759E-008
  0.967741907      0.322580636      -2.4119399017843323E-007
   1.00000000      0.322580636       1.6338054203768606E-007
   0.00000000      0.354838699       6.2367669596290016E-008
   3.22580636E-02  0.354838699       7.3381143359333877E-009
   6.45161271E-02  0.354838699       1.9130281817180634E-008
   9.67741907E-02  0.354838699      -3.3559755524233047E-008
  0.129032254      0.354838699       2.2852229588869823E-007
  0.161290318      0.354838699       1.8645783722916644E-006
  0.193548381      0.354838699       7.2074883544576230E-006
  0.225806445      0.354838699       1.8527345595430583E-005
  0.258064508      0.354838699       3.8347970638576930E-005
  0.290322572      0.354838699       6.9661420575306104E-005
  0.322580636      0.354838699       1.1082986034960192E-004
  0.354838699      0.354838699       1.5216792349737464E-004
  0.387096763      0.354838699       1.7984327584792564E-004
  0.419354826      0.354838699       1.8446012916079722E-004
  0.451612890      0.354838699       1.6406256670226633E-004
  0.483870953      0.354838699       1.2873486919586787E-004
  0.516129017      0.354838699       8.5980738335811503E-005
  0.548387110      0.354838699       4.6188027495366449E-005
  0.580645144      0.354838699       2.0368148488399509E-005
  0.612903237      0.354838699       7.6372904624529314E-006
  0.645161271      0.354838699       2.2313629375624227E-006
  0.677419364      0.354838699       4.7957945564507355E-007
  0.709677398      0.354838699       8.9051520217023567E-008
  0.741935492      0.354838699       1.6022459749370031E-007
  0.774193525      0.354838699       9.1147308753090992E-008
  0.806451619      0.354838699       3.4860622934987150E-008
  0.838709652      0.354838699      -2.0806078402407426E-008
  0.870967746      0.354838699       2.3543362224837914E-009
  0.903225780      0.354838699      -7.6022512795059732E-009
  0.935483873      0.354838699      -3.0162175307841871E-008
  0.967741907      0.354838699       2.4082557677315162E-007
   1.00000000      0.354838699      -1.8122625966146788E-007
   0.00000000      0.387096763      -1.9778168276082327E-008
   3.22580636E-02  0.387096763       2.0347833944604500E-008
   6.45161271E-02  0.387096763       4.4856137888460649E-008
   9.67741907E-02  0.387096763       3.3947615041882161E-007
  0.129032254      0.387096763       2.0064025971451725E-006
  0.161290318      0.387096763       7.9584606556254909E-006
  0.193548381      0.387096763       2.2592384759745437E-005
  0.225806445      0.387096763       5.2885774510290083E-005
  0.258064508      0.387096763       1.1074221561401990E-004
  0.290322572      0.387096763       2.0204080641311964E-004
  0.322580636      0.387096763       3.1844693579371878E-004
  0.354838699      0.387096763       4.3433494213214815E-004
  0.387096763      0.387096763       5.1267237720728357E-004
  0.419354826      0.387096763       5.2130846994386188E-004
  0.451612890      0.387096763       4.5981580309124805E-004
  0.483870953      0.387096763       3.5586978545577294E-004
  0.516129017      0.387096763       2.4125433670691955E-004
  0.548387110      0.387096763       1.3427590570990082E-004
  0.580645144      0.387096763       5.6847828432343863E-005
  0.612903237      0.387096763       1.8354125037416951E-005
  0.645161271      0.387096763       4.4893828785591058E-006
  0.677419364      0.387096763       5.0925300845972696E-007
  0.709677398      0.387096763      -1.3626951384200445E-007
  0.741935492      0.387096763       4.3870521874206630E-008
  0.774193525      0.387096763       3.1886843951124858E-008
  0.806451619      0.387096763      -4.0884753630795503E-008
  0.838709652      0.387096763      -2.8696824211866960E-008
  0.870967746      0.387096763      -1.2410227169505607E-009
  0.903225780      0.387096763      -1.2944441051134406E-008
  0.935483873      0.387096763       2.4016959155757540E-008
  0.967741907      0.387096763      -2.6299600105800970E-007
   1.00000000      0.387096763       1.7792786409326030E-007
   0.00000000      0.419354826       8.7986538537160089E-008
   3.22580636E-02  0.419354826       4.3649298708313691E-008
   6.45161271E-02  0.419354826       5.6832411739205143E-009
   9.67741907E-02  0.419354826       1.7799227682975151E-006
  0.129032254      0.419354826       6.4767300479226768E-006
  0.161290318      0.419354826       2.0731399437394360E-005
  0.193548381      0.419354826       5.5805886623026684E-005
  0.225806445      0.419354826       1.3344822375042077E-004
  0.258064508      0.419354826       2.7937734439133330E-004
  0.290322572      0.419354826       5.0625270048314458E-004
  0.322580636      0.419354826       7.9682856592592924E-004
  0.354838699      0.419354826       1.0853637298486344E-003
  0.387096763      0.419354826       1.2751611307291826E-003
  0.419354826      0.419354826       1.2912037231219873E-003
  0.451612890      0.419354826       1.1245590026623886E-003
  0.483870953      0.419354826       8.5709316996239102E-004
  0.516129017      0.419354826       5.8025968014453126E-004
  0.548387110      0.419354826       3.3767882955806374E-004
  0.580645144      0.419354826       1.5649194547789138E-004
  0.612903237      0.419354826       5.6848536726350676E-005
  0.645161271      0.419354826       1.9417294051625243E-005
  0.677419364      0.419354826       5.7325818303623890E-006
  0.709677398      0.419354826       2.3840143325385824E-006
  0.741935492      0.419354826       2.9625592392273130E-006
  0.774193525      0.419354826       2.4763162937452141E-006
  0.806451619      0.419354826       1.0152001573454095E-006
  0.838709652      0.419354826      -7.3533985164215138E-008
  0.870967746      0.419354826       1.7917685648878808E-008
  0.903225780      0.419354826      -3.6474038964988742E-008
  0.935483873      0.419354826      -1.6716992063521854E-008
  0.967741907      0.419354826       2.3754782272267185E-007
   1.00000000      0.419354826      -1.8611413508379060E-007
   0.00000000      0.451612890       2.1537154450830703E-007
   3.22580636E-02  0.451612890      -4.7369405283466877E-009
   6.45161271E-02  0.451612890       9.4016566796215911E-007
   9.67741907E-02  0.451612890       3.8894031215232582E-006
  0.129032254      0.451612890       1.4339814264510129E-005
  0.161290318      0.451612890       4.4340885014967831E-005
  0.193548381      0.451612890       1.2215642439205457E-004
  0.225806445      0.451612890       2.9351812855739036E-004
  0.258064508      0.451612890       6.1196322596241304E-004
  0.290322572      0.451612890       1.1071235186114194E-003
  0.322580636      0.451612890       1.7374868677560815E-003
  0.354838699      0.451612890       2.3672412106883959E-003
  0.387096763      0.451612890       2.7736454689064713E-003
  0.419354826      0.451612890       2.7874708153636835E-003
  0.451612890      0.451612890       2.4030632972121550E-003
  0.483870953      0.451612890       1.7916678418540691E-003
  0.516129017      0.451612890       1.1969342368221385E-003
  0.548387110      0.451612890       7.3837985455399945E-004
  0.580645144      0.451612890       4.2109824925363196E-004
  0.612903237      0.451612890       2.2089473567552876E-004
  0.645161271      0.451612890       1.1092195535628099E-004
  0.677419364      0.451612890       6.0752273215404846E-005
  0.709677398      0.451612890       3.7859244386648625E-005
  0.741935492      0.451612890       2.3344736347371182E-005
  0.774193525      0.451612890       1.0697168092895095E-005
  0.806451619      0.451612890       3.0245753004744812E-006
  0.838709652      0.451612890       5.2119852622439240E-007
  0.870967746      0.451612890      -6.0730068438086642E-008
  0.903225780      0.451612890       4.6238303139845418E-008
  0.935483873      0.451612890      -9.5740533946965794E-010
  0.967741907      0.451612890      -2.5711139518536128E-007
   1.00000000      0.451612890       1.5905763359718921E-007
   0.00000000      0.483870953       2.7414487527415285E-007
   3.22580636E-02  0.483870953       2.5162656007076422E-008
   6.45161271E-02  0.483870953       1.8384923517612490E-006
   9.67741907E-02  0.483870953       7.4772728368699864E-006
  0.129032254      0.483870953       2.6453489668414454E-005
  0.161290318      0.483870953       8.4370682848081390E-005
  0.193548381      0.483870953       2.3411245742155799E-004
  0.225806445      0.483870953       5.6234499820216383E-004
  0.258064508      0.483870953       1.1690429977120871E-003
  0.290322572      0.483870953       2.1153101170307649E-003
  0.322580636      0.483870953       3.3147203404251847E-003
  0.354838699      0.483870953       4.5023576852714327E-003
  0.387096763      0.483870953       5.2865520204414436E-003
  0.419354826      0.483870953       5.2829744230280060E-003
  0.451612890      0.483870953       4.4907665156090773E-003
  0.483870953      0.483870953       3.2670987853592338E-003
  0.516129017      0.483870953       2.1320615743191614E-003
  0.548387110      0.483870953       1.4484821311882749E-003
  0.580645144      0.483870953       1.1436242322367754E-003
  0.612903237      0.483870953       9.2934729436088437E-004
  0.645161271      0.483870953       6.8044440538716719E-004
  0.677419364      0.483870953       4.3202237872659084E-004
  0.709677398      0.483870953       2.2837418742974105E-004
  0.741935492      0.483870953       9.2986901135729778E-005
  0.774193525      0.483870953       2.7634466584033654E-005
  0.806451619      0.483870953       5.9640706080965782E-006
  0.838709652      0.483870953       9.4224567992055991E-007
  0.870967746      0.483870953      -1.0372751684243178E-007
  0.903225780      0.483870953       2.2364679340656508E-007
  0.935483873      0.483870953      -4.5169046319103715E-008
  0.967741907      0.483870953       3.9372731821148266E-007
   1.00000000      0.483870953      -8.3934410499652977E-008
   0.00000000      0.516129017      -1.4797801049629303E-007
   3.22580636E-02  0.516129017       4.9397053398455298E-007
   6.45161271E-02  0.516129017       2.9839968957702371E-006
   9.67741907E-02  0.516129017       1.1945443863936005E-005
  0.129032254      0.516129017       4.3747300104688584E-005
  0.161290318      0.516129017       1.4092187118565838E-004
  0.193548381      0.516129017       3.9008826520039644E-004
  0.225806445      0.516129017       9.3556257201743670E-004
  0.258064508      0.516129017       1.9447100559314226E-003
  0.290322572      0.516129017       3.5077661910262788E-003
  0.322580636      0.516129017       5.5051681795522450E-003
  0.354838699      0.516129017       7.4474313776033054E-003
  0.387096763      0.516129017       8.7239475663894832E-003
  0.419354826      0.516129017       8.7528852976040405E-003
  0.451612890      0.516129017       7.3201795806582190E-003
  0.483870953      0.516129017       5.1025982408327069E-003
  0.516129017      0.516129017       3.2097154709201069E-003
  0.548387110      0.516129017       2.6069082856608008E-003
  0.580645144      0.516129017       3.1254079428250430E-003
  0.612903237      0.516129017       3.5144478259468231E-003
  0.645161271      0.516129017       2.9499026970622008E-003
  0.677419364      0.516129017       1.7936713923908296E-003
  0.709677398      0.516129017       7.9454433880626939E-004
  0.741935492      0.516129017       2.5592342233151760E-004
  0.774193525      0.516129017       5.9227518991079395E-005
  0.806451619      0.516129017       9.8384161419960910E-006
  0.838709652      0.516129017       1.3027094354381662E-006
  0.870967746      0.516129017      -2.5299799608777796E-007
  0.903225780      0.516129017       4.8064959525950953E-007
  0.935483873      0.516129017       3.2757786335258353E-008
  0.967741907      0.516129017      -4.8735881784466685E-008
   1.00000000      0.516129017       5.7154397327763316E-007
   0.00000000      0.548387110       3.5824959417467532E-007
   3.22580636E-02  0.548387110       9.8723111447372059E-007
   6.45161271E-02  0.548387110       4.0217436269756393E-006
   9.67741907E-02  0.548387110       1.7097899813821570E-005
  0.129032254      0.548387110       6.3527190339409873E-005
  0.161290318      0.548387110       2.0434211825053254E-004
  0.193548381      0.548387110       5.6693883134861182E-004
  0.225806445      0.548387110       1.3576649063455945E-003
  0.258064508      0.548387110       2.8241219305854162E-003
  0.290322572      0.548387110       5.0840264086845569E-003
  0.322580636      0.548387110       7.9704749373941154E-003
  0.354838699      0.548387110       1.0820899775539574E-002
  0.387096763      0.548387110       1.2570272340003890E-002
  0.419354826      0.548387110       1.2660567140039779E-002
  0.451612890      0.548387110       1.0683611171399448E-002
  0.483870953      0.548387110       6.9934490537116043E-003
  0.516129017      0.548387110       4.0794624643212428E-003
  0.548387110      0.548387110       4.5561186982570724E-003
  0.580645144      0.548387110       7.6496903321732800E-003
  0.612903237      0.548387110       9.6867251168208414E-003
  0.645161271      0.548387110       8.3001445806917158E-003
  0.677419364      0.548387110       4.8341807034588194E-003
  0.709677398      0.548387110       1.9529033598160656E-003
  0.741935492      0.548387110       5.5744145558736503E-004
  0.774193525      0.548387110       1.1246754052654004E-004
  0.806451619      0.548387110       1.6442391341622868E-005
  0.838709652      0.548387110       1.5211980423029037E-006
  0.870967746      0.548387110       6.6909965507790237E-009
  0.903225780      0.548387110       3.7161349752393261E-007
  0.935483873      0.548387110       1.3449351037658694E-007
  0.967741907      0.548387110       7.1822578494681110E-007
   1.00000000      0.548387110      -9.2214077741781274E-009
   0.00000000      0.580645144      -9.2641974341719258E-008
   3.22580636E-02  0.580645144       1.0740381231513789E-006
   6.45161271E-02  0.580645144       4.8991372287744915E-006
   9.67741907E-02  0.580645144       2.1216683770540010E-005
  0.129032254      0.580645144       7.9546666441211353E-005
  0.161290318      0.580645144       2.5602033805820126E-004
  0.193548381      0.580645144       7.1037595348728594E-004
  0.225806445      0.580645144       1.6992708082971487E-003
  0.258064508      0.580645144       3.5288705691449819E-003
  0.290322572      0.580645144       6.3594685973899102E-003
  0.322580636      0.580645144       9.9189573456387042E-003
  0.354838699      0.580645144       1.3527071446876291E-002
  0.387096763      0.580645144       1.5631255709910117E-002
  0.419354826      0.580645144       1.5513126972851518E-002
  0.451612890      0.580645144       1.3519547370612305E-002
  0.483870953      0.580645144       8.5373793214528100E-003
  0.516129017      0.580645144       4.2243526022208442E-003
  0.548387110      0.580645144       6.6338897982248851E-003
  0.580645144      0.580645144       1.3532341998453207E-002
  0.612903237      0.580645144       1.7874646713448877E-002
  0.645161271      0.580645144       1.5467352806863517E-002
  0.677419364      0.580645144       8.8859244246354604E-003
  0.709677398      0.580645144       3.4712800582233196E-003
  0.741935492      0.580645144       9.5353245679709580E-004
  0.774193525      0.580645144       1.8994043484842567E-004
  0.806451619      0.580645144       2.7586725927208563E-005
  0.838709652      0.580645144       3.4029861901196772E-006
  0.870967746      0.580645144       1.6150680129947743E-007
  0.903225780      0.580645144       9.9139392681132139E-008
  0.935483873      0.580645144       4.3090865415596283E-007
  0.967741907      0.580645144      -3.1802263110737519E-007
   1.00000000      0.580645144       9.1960577678429400E-007
   0.00000000      0.612903237       3.9699764025457891E-007
   3.22580636E-02  0.612903237       1.1183923212410594E-006
   6.45161271E-02  0.612903237       5.2991771401419785E-006
   9.67741907E-02  0.612903237       2.2933620306592762E-005
  0.129032254      0.612903237       8.6638499188770296E-005
  0.161290318      0.612903237       2.7911455268338784E-004
  0.193548381      0.612903237       7.7490908894590007E-004
  0.225806445      0.612903237       1.8560139636190742E-003
  0.258064508      0.612903237       3.8437217550988125E-003
  0.290322572      0.612903237       6.9514913577258643E-003
  0.322580636      0.612903237       1.0817092167675253E-002
  0.354838699      0.612903237       1.4747716188228359E-002
  0.387096763      0.612903237       1.7149697550066553E-002
  0.419354826      0.612903237       1.6682307425116765E-002
  0.451612890      0.612903237       1.4984808318977715E-002
  0.483870953      0.612903237       9.8729844367044413E-003
  0.516129017      0.612903237       4.1192806048227582E-003
  0.548387110      0.612903237       7.3392623418650337E-003
  0.580645144      0.612903237       1.6385438300316628E-002
  0.612903237      0.612903237       2.2042842901653148E-002
  0.645161271      0.612903237       1.9206567471937705E-002
  0.677419364      0.612903237       1.1006318161170247E-002
  0.709677398      0.612903237       4.2730707864355906E-003
  0.741935492      0.612903237       1.1845308300787840E-003
  0.774193525      0.612903237       2.4679727979795704E-004
  0.806451619      0.612903237       4.1003988628787952E-005
  0.838709652      0.612903237       5.6314642773138580E-006
  0.870967746      0.612903237       4.4256178368328625E-007
  0.903225780      0.612903237       1.2182782402354415E-007
  0.935483873      0.612903237       4.2966454015718428E-007
  0.967741907      0.612903237       8.3553531941770253E-007
   1.00000000      0.612903237       2.8770214312481243E-007
   0.00000000      0.645161271       6.1856149625771668E-008
   3.22580636E-02  0.645161271       1.0454530554471890E-006
   6.45161271E-02  0.645161271       4.9242376129923693E-006
   9.67741907E-02  0.645161271       2.1466685430032567E-005
  0.129032254      0.645161271       8.0429661271068920E-005
  0.161290318      0.645161271       2.5996666433327929E-004
  0.193548381      0.645161271       7.2046686025801371E-004
  0.225806445      0.645161271       1.7286066791498622E-003
  0.258064508      0.645161271       3.5705526792101662E-003
  0.290322572      0.645161271       6.4689988711987478E-003
  0.322580636      0.645161271       1.0063439928388472E-002
  0.354838699      0.645161271       1.3638376227903683E-002
  0.387096763      0.645161271       1.6022220787957030E-002
  0.419354826      0.645161271       1.5383387826508214E-002
  0.451612890      0.645161271       1.3966211940131146E-002
  0.483870953      0.645161271       9.7016702875760228E-003
  0.516129017      0.645161271       3.6597609644297550E-003
  0.548387110      0.645161271       5.7557174602603164E-003
  0.580645144      0.645161271       1.3378959598835137E-002
  0.612903237      0.645161271       1.8136018545102096E-002
  0.645161271      0.645161271       1.5749068624851214E-002
  0.677419364      0.645161271       8.9473622985296580E-003
  0.709677398      0.645161271       3.4416396894181331E-003
  0.741935492      0.645161271       9.5540042098805390E-004
  0.774193525      0.645161271       2.0665402297614409E-004
  0.806451619      0.645161271       3.7444541265519271E-005
  0.838709652      0.645161271       5.9315012129981009E-006
  0.870967746      0.645161271       6.9453138911811951E-007
  0.903225780      0.645161271       7.3181389374360260E-008
  0.935483873      0.645161271       3.8219516026120303E-007
  0.967741907      0.645161271      -1.2523756490614500E-007
   1.00000000      0.645161271       1.1146172743433324E-006
   0.00000000      0.677419364       3.3568656675397547E-007
   3.22580636E-02  0.677419364       9.7737169207446581E-007
   6.45161271E-02  0.677419364       4.1797915783280270E-006
   9.67741907E-02  0.677419364       1.7155276208111749E-005
  0.129032254      0.677419364       6.4815000528123357E-005
  0.161290318      0.677419364       2.0908769651360696E-004
  0.193548381      0.677419364       5.7767936950011561E-004
  0.225806445      0.677419364       1.3864999609894387E-003
  0.258064508      0.677419364       2.8608245194836953E-003
  0.290322572      0.677419364       5.1760744088277929E-003
  0.322580636      0.677419364       8.0524204961733327E-003
  0.354838699      0.677419364       1.0859927193765944E-002
  0.387096763      0.677419364       1.2835902776953028E-002
  0.419354826      0.677419364       1.2312333895982562E-002
  0.451612890      0.677419364       1.1018484136433197E-002
  0.483870953      0.677419364       7.7593640693585323E-003
  0.516129017      0.677419364       3.0325701982184682E-003
  0.548387110      0.677419364       3.5228532987096372E-003
  0.580645144      0.677419364       7.6817606251951840E-003
  0.612903237      0.677419364       1.0229028350619382E-002
  0.645161271      0.677419364       8.6913191543789865E-003
  0.677419364      0.677419364       4.7941415318165596E-003
  0.709677398      0.677419364       1.7679270102432358E-003
  0.741935492      0.677419364       4.6622379028028239E-004
  0.774193525      0.677419364       9.6448134259654564E-005
  0.806451619      0.677419364       1.7498088012721884E-005
  0.838709652      0.677419364       2.8639638851163029E-006
  0.870967746      0.677419364       3.1851629322567086E-009
  0.903225780      0.677419364       3.3413044228684401E-008
  0.935483873      0.677419364      -2.7800756623364600E-008
  0.967741907      0.677419364       7.8166159846359288E-007
   1.00000000      0.677419364       1.5001626507267433E-007
   0.00000000      0.709677398      -1.1845391576053670E-007
   3.22580636E-02  0.709677398       7.2397418547378135E-007
   6.45161271E-02  0.709677398       2.9295800091103829E-006
   9.67741907E-02  0.709677398       1.2026041702785086E-005
  0.129032254      0.709677398       4.5645900627033225E-005
  0.161290318      0.709677398       1.4795225191907021E-004
  0.193548381      0.709677398       4.1029697058840375E-004
  0.225806445      0.709677398       9.8763487841344814E-004
  0.258064508      0.709677398       2.0410632255521456E-003
  0.290322572      0.709677398       3.6917080956574829E-003
  0.322580636      0.709677398       5.7679584975130526E-003
  0.354838699      0.709677398       7.8045836548010349E-003
  0.387096763      0.709677398       9.2589892992487304E-003
  0.419354826      0.709677398       8.9876211123872465E-003
  0.451612890      0.709677398       7.8991624892893273E-003
  0.483870953      0.709677398       5.6636141095527054E-003
  0.516129017      0.709677398       2.6817028003872411E-003
  0.548387110      0.709677398       2.1671174998751535E-003
  0.580645144      0.709677398       3.4400398697526976E-003
  0.612903237      0.709677398       4.2007676280570380E-003
  0.645161271      0.709677398       3.4064638709161836E-003
  0.677419364      0.709677398       1.7769241204607861E-003
  0.709677398      0.709677398       5.9997644168639547E-004
  0.741935492      0.709677398       1.3855723394886701E-004
  0.774193525      0.709677398       2.4760757819685934E-005
  0.806451619      0.709677398       4.3915249508352307E-006
  0.838709652      0.709677398       3.7776399173668101E-007
  0.870967746      0.709677398       1.1531140012840283E-009
  0.903225780      0.709677398       4.0378322174778647E-008
  0.935483873      0.709677398       4.8527047577127183E-008
  0.967741907      0.709677398      -2.8684905737093756E-007
   1.00000000      0.709677398       6.9637538979304857E-007
   0.00000000      0.741935492       1.2005609097912825E-007
   3.22580636E-02  0.741935492       1.7979017537728438E-007
   6.45161271E-02  0.741935492       1.6279912127352024E-006
   9.67741907E-02  0.741935492       7.0324025011813204E-006
  0.129032254      0.741935492       2.5904646892008295E-005
  0.161290318      0.741935492       8.4946147132301618E-005
  0.193548381      0.741935492       2.3753200908853376E-004
  0.225806445      0.741935492       5.7259003236922632E-004
  0.258064508      0.741935492       1.1850846044128684E-003
  0.290322572      0.741935492       2.1446691319312304E-003
  0.322580636      0.741935492       3.3620408236753013E-003
  0.354838699      0.741935492       4.5646080225014516E-003
  0.387096763      0.741935492       5.4034809600954047E-003
  0.419354826      0.741935492       5.3142284399245610E-003
  0.451612890      0.741935492       4.6574916619448077E-003
  0.483870953      0.741935492       3.3704596148253206E-003
  0.516129017      0.741935492       1.7739301203493483E-003
  0.548387110      0.741935492       1.1266245102290930E-003
  0.580645144      0.741935492       1.2141487919399094E-003
  0.612903237      0.741935492       1.2904811716371008E-003
  0.645161271      0.741935492       9.9247222370877383E-004
  0.677419364      0.741935492       4.8692583698082187E-004
  0.709677398      0.741935492       1.4517301844435055E-004
  0.741935492      0.741935492       2.7364060531792873E-005
  0.774193525      0.741935492       4.9561210242377316E-006
  0.806451619      0.741935492       6.0595663477218586E-007
  0.838709652      0.741935492       4.3502594843246768E-008
  0.870967746      0.741935492      -5.3853340876167223E-008
  0.903225780      0.741935492      -1.6126761850381092E-008
  0.935483873      0.741935492      -4.4271121139736040E-008
  0.967741907      0.741935492       3.0746173367954681E-007
   1.00000000      0.741935492      -4.2881094802402049E-008
   0.00000000      0.774193525      -7.8092761059914865E-008
   3.22580636E-02  0.774193525      -2.3679733069217364E-008
   6.45161271E-02  0.774193525       5.8942062284217413E-007
   9.67741907E-02  0.774193525       3.3111745579970138E-006
  0.129032254      0.774193525       1.1096947503734157E-005
  0.161290318      0.774193525       3.5771989047746148E-005
  0.193548381      0.774193525       9.9647684725193283E-005
  0.225806445      0.774193525       2.3901828304605528E-004
  0.258064508      0.774193525       4.9457034407055878E-004
  0.290322572      0.774193525       8.9140565762010188E-004
  0.322580636      0.774193525       1.3922231145813246E-003
  0.354838699      0.774193525       1.8797675886746525E-003
  0.387096763      0.774193525       2.2082009936868945E-003
  0.419354826      0.774193525       2.1828679451903624E-003
  0.451612890      0.774193525       1.8832737615657367E-003
  0.483870953      0.774193525       1.3260202651551266E-003
  0.516129017      0.774193525       6.9631957359782195E-004
  0.548387110      0.774193525       3.7387874122009009E-004
  0.580645144      0.774193525       3.0048783118897919E-004
  0.612903237      0.774193525       2.8757321804883843E-004
  0.645161271      0.774193525       2.2254450097624950E-004
  0.677419364      0.774193525       1.0587898988218854E-004
  0.709677398      0.774193525       2.7127108282864642E-005
  0.741935492      0.774193525       5.1770129573066895E-006
  0.774193525      0.774193525       8.4065659929118860E-007
  0.806451619      0.774193525       4.8780693397571050E-008
  0.838709652      0.774193525      -7.1795396671822259E-008
  0.870967746      0.774193525       7.1676765683055609E-008
  0.903225780      0.774193525      -3.1949627136553558E-008
  0.935483873      0.774193525       5.7560802099648527E-008
  0.967741907      0.774193525      -2.0138166829668368E-007
   1.00000000      0.774193525       1.8927210797502947E-007
   0.00000000      0.806451619       7.2646161384148516E-008
   3.22580636E-02  0.806451619      -1.7644922717164438E-008
   6.45161271E-02  0.806451619       1.4917170497950423E-007
   9.67741907E-02  0.806451619       1.0664306296799480E-006
  0.129032254      0.806451619       3.8179586528765309E-006
  0.161290318      0.806451619       1.0839523593582129E-005
  0.193548381      0.806451619       2.8686522923337528E-005
  0.225806445      0.806451619       6.8001709273106314E-005
  0.258064508      0.806451619       1.3934689845230210E-004
  0.290322572      0.806451619       2.4872594302775299E-004
  0.322580636      0.806451619       3.8339451431923489E-004
  0.354838699      0.806451619       5.1138778350636295E-004
  0.387096763      0.806451619       5.9420721771402164E-004
  0.419354826      0.806451619       5.7788399235293990E-004
  0.451612890      0.806451619       4.8145652625315662E-004
  0.483870953      0.806451619       3.2240574233799354E-004
  0.516129017      0.806451619       1.5669892185431924E-004
  0.548387110      0.806451619       6.9506036776971830E-005
  0.580645144      0.806451619       4.4814944902098807E-005
  0.612903237      0.806451619       4.7426637099344251E-005
  0.645161271      0.806451619       4.1586011892784275E-005
  0.677419364      0.806451619       1.9519431379797373E-005
  0.709677398      0.806451619       4.5946743267618939E-006
  0.741935492      0.806451619       8.0060198228843092E-007
  0.774193525      0.806451619       5.7562789774649971E-008
  0.806451619      0.806451619      -9.5101535545993991E-008
  0.838709652      0.806451619       6.3986460197415536E-008
  0.870967746      0.806451619      -9.6205763907268605E-008
  0.903225780      0.806451619       3.7620344684003675E-008
  0.935483873      0.806451619      -5.3617688888101011E-009
  0.967741907      0.806451619       2.7228387848881238E-007
   1.00000000      0.806451619      -1.7356798869213465E-007
   0.00000000      0.838709652      -6.2991370542564311E-008
   3.22580636E-02  0.838709652      -7.3401006934349476E-009
   6.45161271E-02  0.838709652       8.6602283824628275E-009
   9.67741907E-02  0.838709652       1.1220455213420277E-007
  0.129032254      0.838709652       1.0502734853198212E-006
  0.161290318      0.838709652       2.5704945887957329E-006
  0.193548381      0.838709652       6.0575676106975014E-006
  0.225806445      0.838709652       1.3286188931622869E-005
  0.258064508      0.838709652       2.6317652453705635E-005
  0.290322572      0.838709652       4.5811685573773484E-005
  0.322580636      0.838709652       6.9129056748272661E-005
  0.354838699      0.838709652       9.0954582574323794E-005
  0.387096763      0.838709652       1.0298788055469988E-004
  0.419354826      0.838709652       9.7147697295251538E-005
  0.451612890      0.838709652       7.7624855343961282E-005
  0.483870953      0.838709652       4.8089156402321351E-005
  0.516129017      0.838709652       1.9835514302466333E-005
  0.548387110      0.838709652       6.0390528788785967E-006
  0.580645144      0.838709652       4.8602536964458007E-006
  0.612903237      0.838709652       6.9862176772088688E-006
  0.645161271      0.838709652       7.3265428511956898E-006
  0.677419364      0.838709652       3.3574883350336024E-006
  0.709677398      0.838709652       7.4917403036004225E-007
  0.741935492      0.838709652       8.1341450772626428E-008
  0.774193525      0.838709652      -8.1855499481633625E-008
  0.806451619      0.838709652       6.0455746703726395E-008
  0.838709652      0.838709652      -5.0457590426736201E-008
  0.870967746      0.838709652       5.7131379897354111E-008
  0.903225780      0.838709652      -2.5043128045582763E-008
  0.935483873      0.838709652       2.3481822310824180E-007
  0.967741907      0.838709652      -2.2407689937857397E-007
   1.00000000      0.838709652       1.6710622759329622E-007
   0.00000000      0.870967746       5.1464133948991702E-008
   3.22580636E-02  0.870967746      -6.0918332072478250E-009
   6.45161271E-02  0.870967746       4.2001643695243541E-009
   9.67741907E-02  0.870967746      -1.5242045096602307E-008
  0.129032254      0.870967746       1.1040964191295426E-008
  0.161290318      0.870967746       3.9913103635275047E-007
  0.193548381      0.870967746       1.1109597026004584E-006
  0.225806445      0.870967746       2.0896864790348358E-006
  0.258064508      0.870967746       3.7302969626682441E-006
  0.290322572      0.870967746       5.7790967360794774E-006
  0.322580636      0.870967746       8.5247913985407048E-006
  0.354838699      0.870967746       1.0731793960680884E-005
  0.387096763      0.870967746       1.1832149866037589E-005
  0.419354826      0.870967746       1.0697513556689932E-005
  0.451612890      0.870967746       8.2703673999613693E-006
  0.483870953      0.870967746       4.6724522474043988E-006
  0.516129017      0.870967746       1.5086750080380426E-006
  0.548387110      0.870967746       6.4707956704595261E-007
  0.580645144      0.870967746       6.4979961394288879E-007
  0.612903237      0.870967746       1.1206799828734845E-006
  0.645161271      0.870967746       1.1261929269237721E-006
  0.677419364      0.870967746       4.8773546093133728E-007
  0.709677398      0.870967746       3.9065817167377865E-008
  0.741935492      0.870967746      -8.2605151763375800E-008
  0.774193525      0.870967746       5.4048633459960068E-008
  0.806451619      0.870967746      -4.6603693926373395E-008
  0.838709652      0.870967746       6.0666900264820668E-009
  0.870967746      0.870967746      -4.5079959009879092E-008
  0.903225780      0.870967746       1.7337205410907125E-007
  0.935483873      0.870967746       9.3207012764962442E-008
  0.967741907      0.870967746       1.8161817287454772E-007
   1.00000000      0.870967746      -1.2843936619846006E-007
   0.00000000      0.903225780      -3.7347853994563489E-008
   3.22580636E-02  0.903225780       2.7544343688571911E-011
   6.45161271E-02  0.903225780       9.2801987406367347E-009
   9.67741907E-02  0.903225780      -1.4679389301461430E-008
  0.129032254      0.903225780       9.4533557919158530E-008
  0.161290318      0.903225780      -8.2109550285088494E-008
  0.193548381      0.903225780      -9.0376862782538699E-008
  0.225806445      0.903225780       1.2562013417003299E-007
  0.258064508      0.903225780       1.3427484301601280E-007
  0.290322572      0.903225780       6.2206209549029536E-007
  0.322580636      0.903225780       6.9880252383042298E-007
  0.354838699      0.903225780       9.1104268449167783E-007
  0.387096763      0.903225780       8.9761621609685245E-007
  0.419354826      0.903225780       8.4006265205262907E-007
  0.451612890      0.903225780       6.6845501396122909E-007
  0.483870953      0.903225780       3.9802158169821437E-007
  0.516129017      0.903225780       2.9239527198241620E-008
  0.548387110      0.903225780      -7.3612016068418411E-009
  0.580645144      0.903225780      -8.4603262555048518E-008
  0.612903237      0.903225780      -1.6557700037432451E-007
  0.645161271      0.903225780      -6.1536219076089581E-008
  0.677419364      0.903225780      -1.1361845808254705E-007
  0.709677398      0.903225780       7.7939863041174081E-009
  0.741935492      0.903225780       3.8149557016371666E-008
  0.774193525      0.903225780      -4.6844872518320741E-008
  0.806451619      0.903225780       1.6488239698220619E-008
  0.838709652      0.903225780       6.5249189413470572E-008
  0.870967746      0.903225780       2.1943556401806974E-007
  0.903225780      0.903225780       2.3167215150752857E-007
  0.935483873      0.903225780       1.0085705904494310E-008
  0.967741907      0.903225780      -1.3660525794306145E-007
   1.00000000      0.903225780       1.1376952983301761E-007
   0.00000000      0.935483873       3.2557478946557292E-008
   3.22580636E-02  0.935483873       1.6384285521417409E-009
   6.45161271E-02  0.935483873       3.1424759992079610E-009
   9.67741907E-02  0.935483873       1.5034269054150268E-008
  0.129032254      0.935483873       2.7495203777715706E-008
  0.161290318      0.935483873       1.4513360307234132E-007
  0.193548381      0.935483873       1.0912554509798791E-007
  0.225806445      0.935483873       1.0735066297146501E-007
  0.258064508      0.935483873       2.2212204646050742E-008
  0.290322572      0.935483873      -6.3169521906892182E-008
  0.322580636      0.935483873      -4.4891102101785369E-008
  0.354838699      0.935483873      -7.5776941421876276E-008
  0.387096763      0.935483873      -9.5456081441221362E-008
  0.419354826      0.935483873      -7.8728687807341677E-008
  0.451612890      0.935483873      -9.7242270120510823E-008
  0.483870953      0.935483873      -5.0666121906968437E-008
  0.516129017      0.935483873       7.2594623816944426E-009
  0.548387110      0.935483873       1.9138308508607066E-008
  0.580645144      0.935483873       9.4566360820334744E-008
  0.612903237      0.935483873       2.0037537063271290E-007
  0.645161271      0.935483873       1.9180034042812849E-007
  0.677419364      0.935483873       6.2512126807225540E-008
  0.709677398      0.935483873       2.5663743126154571E-008
  0.741935492      0.935483873      -2.3607078864648969E-008
  0.774193525      0.935483873       1.1638324315992661E-007
  0.806451619      0.935483873       1.0515627767589455E-007
  0.838709652      0.935483873       2.2288530543709488E-007
  0.870967746      0.935483873       1.8412007237899762E-007
  0.903225780      0.935483873      -1.6870526866864871E-008
  0.935483873      0.935483873      -8.6113312842896067E-009
  0.967741907      0.935483873       1.1307451932875211E-007
   1.00000000      0.935483873      -7.3981642700958494E-008
   0.00000000      0.967741907      -1.8856619405537937E-008
   3.22580636E-02  0.967741907       1.4374666644090303E-008
   6.45161271E-02  0.967741907      -1.2551302717912207E-008
   9.67741907E-02  0.967741907       2.4940492378273871E-008
  0.129032254      0.967741907      -2.3339691224512813E-008
  0.161290318      0.967741907       1.3346844971173904E-008
  0.193548381      0.967741907      -2.1114926086510112E-008
  0.225806445      0.967741907       6.8734815771176015E-008
  0.258064508      0.967741907       2.4008795752291033E-008
  0.290322572      0.967741907       7.1430509853703443E-008
  0.322580636      0.967741907       1.0918057802643731E-008
  0.354838699      0.967741907       8.6568852514918189E-008
  0.387096763      0.967741907       2.3326677256402644E-008
  0.419354826      0.967741907       9.0069007018028179E-008
  0.451612890      0.967741907       1.8389021899692814E-008
  0.483870953      0.967741907       8.4895190298710875E-008
  0.516129017      0.967741907      -5.0278216125553621E-008
  0.548387110      0.967741907       1.4191701068370214E-008
  0.580645144      0.967741907      -5.4292411024236494E-008
  0.612903237      0.967741907       1.2015622295033707E-008
  0.645161271      0.967741907      -2.7844680721652595E-008
  0.677419364      0.967741907       4.8015149955089823E-009
  0.709677398      0.967741907      -1.0709924781876414E-008
  0.741935492      0.967741907       4.1360189117537222E-008
  0.774193525      0.967741907      -1.2687045523900157E-008
  0.806451619      0.967741907       6.2356127296639266E-008
  0.838709652      0.967741907      -3.6397642445710303E-008
  0.870967746      0.967741907       3.8127092876986194E-008
  0.903225780      0.967741907      -1.1118452193681312E-008
  0.935483873      0.967741907       2.9609035019530752E-008
  0.967741907      0.967741907      -6.7314163107585518E-008
   1.00000000      0.967741907       6.1537455821907660E-008
   0.00000000       1.00000000       6.7288061576538795E-009
   3.22580636E-02   1.00000000       1.7067674088224662E-008
   6.45161271E-02   1.00000000      -1.3782968483429805E-008
   9.67741907E-02   1.00000000       3.6363149238440586E-008
  0.129032254       1.00000000      -6.5791254231417946E-009
  0.161290318       1.00000000       4.5660243291171428E-008
  0.193548381       1.00000000      -1.9678777847138663E-008
  0.225806445       1.00000000       5.1463292186489215E-008
  0.258064508       1.00000000      -5.3301473433940184E-008
  0.290322572       1.00000000       5.2757429599159887E-008
  0.322580636       1.00000000      -5.4970149470611075E-008
  0.354838699       1.00000000       5.8924416043688655E-008
  0.387096763       1.00000000      -6.8342383949943629E-008
  0.419354826       1.00000000       5.5680697791536196E-008
  0.451612890       1.00000000      -7.0246460360625409E-008
  0.483870953       1.00000000       5.7613478990085921E-008
  0.516129017       1.00000000      -5.5334881198560389E-008
  0.548387110       1.00000000       7.2871479623867607E-008
  0.580645144       1.00000000      -5.3885934010400363E-008
  0.612903237       1.00000000       7.6092525093945565E-008
  0.645161271       1.00000000      -4.7131079692493913E-008
  0.677419364       1.00000000       6.7219203300991354E-008
  0.709677398       1.00000000      -3.0429983217490975E-008
  0.741935492       1.00000000       4.8728470844662144E-008
  0.774193525       1.00000000      -8.6909533244698503E-009
  0.806451619       1.00000000       2.6162693189177866E-008
  0.838709652       1.00000000      -8.9789176002022547E-009
  0.870967746       1.00000000       1.7912438845142591E-008
  0.903225780       1.00000000      -6.3725296969642695E-009
  0.935483873       1.00000000       1.3412041499606837E-008
  0.967741907       1.00000000       2.3397875605580000E-008
   1.00000000       1.00000000      -9.2267657044650517E-009
