 # X Y F 
   0.00000000       0.00000000       5.3159451156917669E-009
   3.22580636E-02   0.00000000       8.5849399803649582E-008
   6.45161271E-02   0.00000000       5.4105985244112941E-007
   9.67741907E-02   0.00000000       2.6500163727525546E-006
  0.129032254       0.00000000       8.1251085907748365E-006
  0.161290318       0.00000000       1.6471468999363070E-005
  0.193548381       0.00000000       2.2040581657486491E-005
  0.225806445       0.00000000       1.9453095250241947E-005
  0.258064508       0.00000000       1.1328130841314475E-005
  0.290322572       0.00000000       4.3408776674865525E-006
  0.322580636       0.00000000       1.0805700493947931E-006
  0.354838699       0.00000000       1.4671059652432029E-007
  0.387096763       0.00000000       6.4588109386565086E-009
  0.419354826       0.00000000       1.1208487057751830E-008
  0.451612890       0.00000000      -2.9902857180974316E-009
  0.483870953       0.00000000       1.1651326238368237E-009
  0.516129017       0.00000000       1.2641348262653580E-009
  0.548387110       0.00000000      -8.8923705349417863E-010
  0.580645144       0.00000000       1.8061208330915829E-009
  0.612903237       0.00000000      -1.1685273503143535E-009
  0.645161271       0.00000000       1.6036132684785569E-009
  0.677419364       0.00000000      -1.3073658188728336E-009
  0.709677398       0.00000000       1.5944720250700244E-009
  0.741935492       0.00000000      -1.1143429176114995E-009
  0.774193525       0.00000000       1.1807568195659749E-009
  0.806451619       0.00000000      -9.5637206971839008E-010
  0.838709652       0.00000000       1.0829756381305715E-009
  0.870967746       0.00000000      -5.9039052747970583E-010
  0.903225780       0.00000000       4.5374937131798233E-010
  0.935483873       0.00000000      -2.0552340944973919E-010
  0.967741907       0.00000000       2.0855770434933938E-011
   1.00000000       0.00000000       3.7442985092821232E-010
   0.00000000       3.22580636E-02   8.3081528187407811E-008
   3.22580636E-02   3.22580636E-02   8.2982161682440641E-007
   6.45161271E-02   3.22580636E-02   6.0799451600445899E-006
   9.67741907E-02   3.22580636E-02   2.8293377469198454E-005
  0.129032254       3.22580636E-02   8.7041939979548674E-005
  0.161290318       3.22580636E-02   1.7661523582514335E-004
  0.193548381       3.22580636E-02   2.3635611780170287E-004
  0.225806445       3.22580636E-02   2.0861022832091100E-004
  0.258064508       3.22580636E-02   1.2143377687502251E-004
  0.290322572       3.22580636E-02   4.6620875131999539E-005
  0.322580636       3.22580636E-02   1.1803040308537190E-005
  0.354838699       3.22580636E-02   1.9665011153265080E-006
  0.387096763       3.22580636E-02   1.9939111610824836E-007
  0.419354826       3.22580636E-02   3.3351400350350819E-009
  0.451612890       3.22580636E-02  -4.1350345578924749E-009
  0.483870953       3.22580636E-02   1.5347313574759069E-011
  0.516129017       3.22580636E-02   1.4236486080438710E-009
  0.548387110       3.22580636E-02  -3.8914178612580073E-010
  0.580645144       3.22580636E-02   1.3763485042279530E-009
  0.612903237       3.22580636E-02  -9.6860574293640977E-010
  0.645161271       3.22580636E-02   1.6468563882616833E-009
  0.677419364       3.22580636E-02  -9.1978206615840058E-010
  0.709677398       3.22580636E-02   1.0095865646463457E-009
  0.741935492       3.22580636E-02  -8.5468683256008379E-010
  0.774193525       3.22580636E-02   1.0787449994744064E-009
  0.806451619       3.22580636E-02  -7.1833278885327834E-010
  0.838709652       3.22580636E-02   7.0439633897608058E-010
  0.870967746       3.22580636E-02  -1.1371273101346150E-009
  0.903225780       3.22580636E-02   1.1463566891343010E-009
  0.935483873       3.22580636E-02  -8.5284222082095338E-010
  0.967741907       3.22580636E-02   1.2307626267326330E-009
   1.00000000       3.22580636E-02  -9.7311309827551053E-010
   0.00000000       6.45161271E-02   5.5146820543426257E-007
   3.22580636E-02   6.45161271E-02   6.0739262732505171E-006
   6.45161271E-02   6.45161271E-02   4.2896956783426464E-005
   9.67741907E-02   6.45161271E-02   2.0010588061607676E-004
  0.129032254       6.45161271E-02   6.1564738051728715E-004
  0.161290318       6.45161271E-02   1.2492149921876903E-003
  0.193548381       6.45161271E-02   1.6717630217749240E-003
  0.225806445       6.45161271E-02   1.4755174075890124E-003
  0.258064508       6.45161271E-02   8.5890793905192607E-004
  0.290322572       6.45161271E-02   3.2974655214554848E-004
  0.322580636       6.45161271E-02   8.3490990743948824E-005
  0.354838699       6.45161271E-02   1.3949494842602448E-005
  0.387096763       6.45161271E-02   1.5089913630450740E-006
  0.419354826       6.45161271E-02   6.3914445529055031E-008
  0.451612890       6.45161271E-02   6.2174250343858436E-009
  0.483870953       6.45161271E-02   2.5642087677953791E-009
  0.516129017       6.45161271E-02  -3.4557024630811313E-009
  0.548387110       6.45161271E-02   2.1961961352243853E-009
  0.580645144       6.45161271E-02  -1.3036035034345852E-009
  0.612903237       6.45161271E-02   1.6224335809654943E-009
  0.645161271       6.45161271E-02  -1.2212975386044747E-009
  0.677419364       6.45161271E-02   6.5340881228805974E-010
  0.709677398       6.45161271E-02   3.2415887600423396E-012
  0.741935492       6.45161271E-02   1.0873105598964836E-010
  0.774193525       6.45161271E-02  -3.4653356432629737E-010
  0.806451619       6.45161271E-02   3.7298875153889398E-010
  0.838709652       6.45161271E-02   3.5014515270492551E-010
  0.870967746       6.45161271E-02   2.6995254031283524E-010
  0.903225780       6.45161271E-02  -1.5923899745760533E-010
  0.935483873       6.45161271E-02   5.0019940131228038E-010
  0.967741907       6.45161271E-02  -1.6623234163947699E-009
   1.00000000       6.45161271E-02   1.4374180251620689E-009
   0.00000000       9.67741907E-02   2.6487299176463871E-006
   3.22580636E-02   9.67741907E-02   2.8291663073481586E-005
   6.45161271E-02   9.67741907E-02   2.0010554447190925E-004
   9.67741907E-02   9.67741907E-02   9.3346886891534735E-004
  0.129032254       9.67741907E-02   2.8719223333560609E-003
  0.161290318       9.67741907E-02   5.8274405399614355E-003
  0.193548381       9.67741907E-02   7.7985758216026473E-003
  0.225806445       9.67741907E-02   6.8831147992583662E-003
  0.258064508       9.67741907E-02   4.0067018905415447E-003
  0.290322572       9.67741907E-02   1.5382297910631500E-003
  0.322580636       9.67741907E-02   3.8948221977538579E-004
  0.354838699       9.67741907E-02   6.5041619511321829E-005
  0.387096763       9.67741907E-02   7.1659075617156159E-006
  0.419354826       9.67741907E-02   4.8797538488334630E-007
  0.451612890       9.67741907E-02  -2.6581721074400522E-010
  0.483870953       9.67741907E-02   1.9269271878716492E-009
  0.516129017       9.67741907E-02  -1.1409437656243664E-009
  0.548387110       9.67741907E-02   1.9690756141742053E-009
  0.580645144       9.67741907E-02  -1.1581730078097719E-009
  0.612903237       9.67741907E-02   7.4427805386968122E-010
  0.645161271       9.67741907E-02   2.8022619373623080E-010
  0.677419364       9.67741907E-02   4.7939772975030254E-010
  0.709677398       9.67741907E-02  -2.0621493526481256E-010
  0.741935492       9.67741907E-02   1.9638224737120941E-010
  0.774193525       9.67741907E-02   5.2528585288956126E-010
  0.806451619       9.67741907E-02  -4.3930065733830217E-010
  0.838709652       9.67741907E-02  -8.5954394383739026E-011
  0.870967746       9.67741907E-02  -2.7330060238364840E-011
  0.903225780       9.67741907E-02   1.7037201896477297E-010
  0.935483873       9.67741907E-02  -2.4124485212462305E-010
  0.967741907       9.67741907E-02   2.4132338966942148E-009
   1.00000000       9.67741907E-02  -1.8327643187901491E-009
   0.00000000      0.129032254       8.1166120638559985E-006
   3.22580636E-02  0.129032254       8.7040909264730031E-005
   6.45161271E-02  0.129032254       6.1564753477545795E-004
   9.67741907E-02  0.129032254       2.8719223765855360E-003
  0.129032254      0.129032254       8.8357939126034318E-003
  0.161290318      0.129032254       1.7928780280925947E-002
  0.193548381      0.129032254       2.3993200614333594E-002
  0.225806445      0.129032254       2.1176681369303806E-002
  0.258064508      0.129032254       1.2327070883796809E-002
  0.290322572      0.129032254       4.7325383929940233E-003
  0.322580636      0.129032254       1.1982868851107891E-003
  0.354838699      0.129032254       2.0010559804946559E-004
  0.387096763      0.129032254       2.2039800162436998E-005
  0.419354826      0.129032254       1.5924077738578308E-006
  0.451612890      0.129032254       3.8699262390726140E-008
  0.483870953      0.129032254      -1.0475766402763816E-008
  0.516129017      0.129032254       2.8242115512562923E-009
  0.548387110      0.129032254      -4.0553999030212679E-009
  0.580645144      0.129032254       2.6591914457477149E-009
  0.612903237      0.129032254      -1.6564371527224895E-009
  0.645161271      0.129032254       7.4782761383945673E-010
  0.677419364      0.129032254      -1.1568615922226042E-009
  0.709677398      0.129032254       7.7783062507289238E-010
  0.741935492      0.129032254      -5.6635417856704847E-010
  0.774193525      0.129032254       1.1068256106932179E-010
  0.806451619      0.129032254      -2.4672280645027668E-010
  0.838709652      0.129032254       5.9117847747763367E-010
  0.870967746      0.129032254      -6.5187884183701385E-011
  0.903225780      0.129032254      -2.7817663044542032E-010
  0.935483873      0.129032254       6.5881496858710141E-010
  0.967741907      0.129032254      -3.4003063124392916E-009
   1.00000000      0.129032254       2.6656853345997700E-009
   0.00000000      0.161290318       1.6469111628225287E-005
   3.22580636E-02  0.161290318       1.7661511011383166E-004
   6.45161271E-02  0.161290318       1.2492151971096981E-003
   9.67741907E-02  0.161290318       5.8274406469735040E-003
  0.129032254      0.161290318       1.7928780244305158E-002
  0.161290318      0.161290318       3.6379431600586938E-002
  0.193548381      0.161290318       4.8684795363052973E-002
  0.225806445      0.161290318       4.2969773500284573E-002
  0.258064508      0.161290318       2.5012958151557185E-002
  0.290322572      0.161290318       9.6028319495170614E-003
  0.322580636      0.161290318       2.4314528381902604E-003
  0.354838699      0.161290318       4.0603615575162023E-004
  0.387096763      0.161290318       4.4719543828811170E-005
  0.419354826      0.161290318       3.2519448154320501E-006
  0.451612890      0.161290318       1.4632071879769287E-007
  0.483870953      0.161290318       5.5052174993086087E-009
  0.516129017      0.161290318       2.4865855334386869E-009
  0.548387110      0.161290318      -4.0164990412256341E-009
  0.580645144      0.161290318       2.1416060554764340E-009
  0.612903237      0.161290318      -1.7284357536163042E-009
  0.645161271      0.161290318       1.4068106806618640E-009
  0.677419364      0.161290318      -2.7982466379945246E-010
  0.709677398      0.161290318       4.7163746150762486E-010
  0.741935492      0.161290318      -2.3181004584581517E-010
  0.774193525      0.161290318       8.4647250303402067E-010
  0.806451619      0.161290318      -2.7630157763150519E-010
  0.838709652      0.161290318      -8.0197224800681215E-011
  0.870967746      0.161290318      -6.0845413430982836E-011
  0.903225780      0.161290318       3.7614345378357221E-011
  0.935483873      0.161290318      -4.4680883075215201E-010
  0.967741907      0.161290318       3.6424012663200945E-009
   1.00000000      0.161290318      -2.8672801789205165E-009
   0.00000000      0.193548381       2.2038740670898195E-005
   3.22580636E-02  0.193548381       2.3635604361960387E-004
   6.45161271E-02  0.193548381       1.6717628954139923E-003
   9.67741907E-02  0.193548381       7.7985756766031341E-003
  0.129032254      0.193548381       2.3993200620981238E-002
  0.161290318      0.193548381       4.8684795359753341E-002
  0.193548381      0.193548381       6.5152455458576161E-002
  0.225806445      0.193548381       5.7504324316500911E-002
  0.258064508      0.193548381       3.3473605839287421E-002
  0.290322572      0.193548381       1.2850995365837030E-002
  0.322580636      0.193548381       3.2538931931018209E-003
  0.354838699      0.193548381       5.4337797950193729E-004
  0.387096763      0.193548381       5.9845898825767897E-005
  0.419354826      0.193548381       4.3488489989131767E-006
  0.451612890      0.193548381       1.9935630146310063E-007
  0.483870953      0.193548381       1.3941520855470351E-009
  0.516129017      0.193548381       1.3046729555130413E-010
  0.548387110      0.193548381      -2.2522710078162617E-009
  0.580645144      0.193548381       3.4531222947542820E-011
  0.612903237      0.193548381      -6.8439044031017282E-010
  0.645161271      0.193548381       1.1228994889916822E-010
  0.677419364      0.193548381      -5.5907882376892150E-010
  0.709677398      0.193548381      -5.7629639519234283E-011
  0.741935492      0.193548381       1.9824825034472060E-011
  0.774193525      0.193548381      -5.7424071220495956E-010
  0.806451619      0.193548381      -3.8160036653370109E-011
  0.838709652      0.193548381       2.0099164285722567E-010
  0.870967746      0.193548381       5.6693746597988082E-011
  0.903225780      0.193548381       1.1277431416757017E-010
  0.935483873      0.193548381       1.6687249341926469E-010
  0.967741907      0.193548381      -4.0215300644415299E-009
   1.00000000      0.193548381       2.6011225597716891E-009
   0.00000000      0.225806445       1.9451476266294591E-005
   3.22580636E-02  0.225806445       2.0861051216035522E-004
   6.45161271E-02  0.225806445       1.4755176539221870E-003
   9.67741907E-02  0.225806445       6.8831148067935114E-003
  0.129032254      0.225806445       2.1176681401915923E-002
  0.161290318      0.225806445       4.2969773451135070E-002
  0.193548381      0.225806445       5.7504324251526476E-002
  0.225806445      0.225806445       5.0753993762921390E-002
  0.258064508      0.225806445       2.9544198556498317E-002
  0.290322572      0.225806445       1.1342439730970825E-002
  0.322580636      0.225806445       2.8719244846277482E-003
  0.354838699      0.225806445       4.7959186626367220E-004
  0.387096763      0.225806445       5.2820313905518982E-005
  0.419354826      0.225806445       3.8385582574297477E-006
  0.451612890      0.225806445       1.6660562739924215E-007
  0.483870953      0.225806445      -1.2209253969571746E-008
  0.516129017      0.225806445      -6.7151759200359604E-009
  0.548387110      0.225806445       7.8639791721649426E-010
  0.580645144      0.225806445       8.9595837308514344E-010
  0.612903237      0.225806445      -1.3465449711619501E-009
  0.645161271      0.225806445       6.6339130877225259E-010
  0.677419364      0.225806445      -5.7868530101297401E-010
  0.709677398      0.225806445       4.7954684195038606E-010
  0.741935492      0.225806445      -5.7514246435289419E-010
  0.774193525      0.225806445       7.6245164781963214E-010
  0.806451619      0.225806445      -5.7945964921134220E-010
  0.838709652      0.225806445       1.4151406832588797E-010
  0.870967746      0.225806445      -4.8163020661787781E-010
  0.903225780      0.225806445      -1.7871246577541107E-010
  0.935483873      0.225806445      -7.5622652655742415E-010
  0.967741907      0.225806445       4.0792514888775140E-009
   1.00000000      0.225806445      -3.0962360205659476E-009
   0.00000000      0.258064508       1.1324295128737381E-005
   3.22580636E-02  0.258064508       1.2143370304792593E-004
   6.45161271E-02  0.258064508       8.5890741450026496E-004
   9.67741907E-02  0.258064508       4.0067016696143628E-003
  0.129032254      0.258064508       1.2327070945872071E-002
  0.161290318      0.258064508       2.5012958105474922E-002
  0.193548381      0.258064508       3.3473605856781143E-002
  0.225806445      0.258064508       2.9544198604537331E-002
  0.258064508      0.258064508       1.7197851847441721E-002
  0.290322572      0.258064508       6.6025009170785215E-003
  0.322580636      0.258064508       1.6717640780741368E-003
  0.354838699      0.258064508       2.7917310519575219E-004
  0.387096763      0.258064508       3.0746260938205288E-005
  0.419354826      0.258064508       2.2321470450722664E-006
  0.451612890      0.258064508       9.0236845724478142E-008
  0.483870953      0.258064508      -1.4810397798559653E-008
  0.516129017      0.258064508      -3.1579076139528660E-009
  0.548387110      0.258064508       1.0777874357653827E-009
  0.580645144      0.258064508      -3.4761667907614714E-009
  0.612903237      0.258064508       2.1440712455663946E-010
  0.645161271      0.258064508       7.2656945318987028E-011
  0.677419364      0.258064508      -5.9046788708482521E-010
  0.709677398      0.258064508       3.6041949687703427E-010
  0.741935492      0.258064508      -2.4006829000291887E-010
  0.774193525      0.258064508      -1.7650554687568270E-010
  0.806451619      0.258064508      -3.2834002027625094E-010
  0.838709652      0.258064508      -1.3039084990173641E-010
  0.870967746      0.258064508       2.9061967426411203E-010
  0.903225780      0.258064508       9.2827901873686271E-011
  0.935483873      0.258064508       3.8400549446098677E-010
  0.967741907      0.258064508      -4.3814704291331100E-009
   1.00000000      0.258064508       3.1175807807805260E-009
   0.00000000      0.290322572       4.3425224945544983E-006
   3.22580636E-02  0.290322572       4.6620662390917050E-005
   6.45161271E-02  0.290322572       3.2974698846204508E-004
   9.67741907E-02  0.290322572       1.5382301832801233E-003
  0.129032254      0.290322572       4.7325385802766884E-003
  0.161290318      0.290322572       9.6028318616082093E-003
  0.193548381      0.290322572       1.2850995378626330E-002
  0.225806445      0.290322572       1.1342439682528139E-002
  0.258064508      0.290322572       6.6025008744584283E-003
  0.290322572      0.290322572       2.5347943613301411E-003
  0.322580636      0.290322572       6.4181388213468212E-004
  0.354838699      0.290322572       1.0717835055280007E-004
  0.387096763      0.290322572       1.1802858725714050E-005
  0.419354826      0.290322572       8.3941074626159763E-007
  0.451612890      0.290322572       2.3805726971129945E-008
  0.483870953      0.290322572      -4.5333057158106523E-009
  0.516129017      0.290322572       8.7446600943836948E-010
  0.548387110      0.290322572       8.1602559280643628E-010
  0.580645144      0.290322572      -8.6365936079121628E-010
  0.612903237      0.290322572       8.7504729149339231E-010
  0.645161271      0.290322572      -1.4001162622473494E-009
  0.677419364      0.290322572       4.5562671850088876E-010
  0.709677398      0.290322572      -9.5094600778467478E-010
  0.741935492      0.290322572       6.6180066518969882E-011
  0.774193525      0.290322572      -2.8763181203609134E-010
  0.806451619      0.290322572       3.3760687156955820E-010
  0.838709652      0.290322572      -2.0697289166353780E-010
  0.870967746      0.290322572      -2.8660692471723343E-010
  0.903225780      0.290322572      -9.4106318325888849E-010
  0.935483873      0.290322572      -5.8992573150663509E-010
  0.967741907      0.290322572       3.9628183449982196E-009
   1.00000000      0.290322572      -3.5229564866537975E-009
   0.00000000      0.322580636       1.0748448821156925E-006
   3.22580636E-02  0.322580636       1.1805274742493998E-005
   6.45161271E-02  0.322580636       8.3491911959449123E-005
   9.67741907E-02  0.322580636       3.8948217951745821E-004
  0.129032254      0.322580636       1.1982866993461071E-003
  0.161290318      0.322580636       2.4314530051494404E-003
  0.193548381      0.322580636       3.2538932889737311E-003
  0.225806445      0.322580636       2.8719245253989896E-003
  0.258064508      0.322580636       1.6717640405275547E-003
  0.290322572      0.322580636       6.4181415435154477E-004
  0.322580636      0.322580636       1.6250812493200846E-004
  0.354838699      0.322580636       2.7136562904544197E-005
  0.387096763      0.322580636       2.9805160063686469E-006
  0.419354826      0.322580636       1.7187613746809570E-007
  0.451612890      0.322580636      -8.9479596668017733E-009
  0.483870953      0.322580636       7.1213357882327305E-009
  0.516129017      0.322580636      -6.4740122455098539E-009
  0.548387110      0.322580636       3.0101623359534713E-009
  0.580645144      0.322580636      -3.2288582559776987E-009
  0.612903237      0.322580636       9.1754038124594882E-010
  0.645161271      0.322580636      -1.8515483766488101E-011
  0.677419364      0.322580636      -2.7207233752681621E-010
  0.709677398      0.322580636       6.5537744321111549E-010
  0.741935492      0.322580636      -1.9549507274872242E-010
  0.774193525      0.322580636       6.0076153465053409E-011
  0.806451619      0.322580636      -8.4871388416530931E-010
  0.838709652      0.322580636      -3.1422278904809296E-010
  0.870967746      0.322580636       1.3439660579171963E-010
  0.903225780      0.322580636       2.6021716812136955E-010
  0.935483873      0.322580636       2.1736462039323434E-010
  0.967741907      0.322580636      -5.4228812467748585E-009
   1.00000000      0.322580636       2.3695859625088335E-009
   0.00000000      0.354838699       1.4203577145830105E-007
   3.22580636E-02  0.354838699       1.9488210636700748E-006
   6.45161271E-02  0.354838699       1.3945860377437297E-005
   9.67741907E-02  0.354838699       6.5041231303510839E-005
  0.129032254      0.354838699       2.0010556707184991E-004
  0.161290318      0.354838699       4.0603620405491920E-004
  0.193548381      0.354838699       5.4337809424391547E-004
  0.225806445      0.354838699       4.7959187130612872E-004
  0.258064508      0.354838699       2.7917323126029668E-004
  0.290322572      0.354838699       1.0717785196595160E-004
  0.322580636      0.354838699       2.7135950476300344E-005
  0.354838699      0.354838699       4.5238195203592515E-006
  0.387096763      0.354838699       4.6861114753085926E-007
  0.419354826      0.354838699       1.7700188909751701E-009
  0.451612890      0.354838699       4.5058564358019009E-011
  0.483870953      0.354838699       3.1445709890760617E-009
  0.516129017      0.354838699      -2.6437295900052443E-009
  0.548387110      0.354838699       1.0972025748746864E-009
  0.580645144      0.354838699      -4.2064764361951853E-010
  0.612903237      0.354838699      -3.0041612553906150E-010
  0.645161271      0.354838699      -5.0143983868281009E-010
  0.677419364      0.354838699      -4.4314895723511399E-010
  0.709677398      0.354838699       1.9306837625485603E-010
  0.741935492      0.354838699      -1.2089449781685163E-009
  0.774193525      0.354838699       6.3685001903910276E-010
  0.806451619      0.354838699      -3.2530644820062093E-010
  0.838709652      0.354838699       9.0869884932854753E-010
  0.870967746      0.354838699      -1.5869691727816713E-009
  0.903225780      0.354838699      -7.2310115021839054E-010
  0.935483873      0.354838699      -4.6783751652217725E-010
  0.967741907      0.354838699       3.3358220423463435E-009
   1.00000000      0.354838699      -1.9341511930087865E-009
   0.00000000      0.387096763      -4.2152690089078118E-009
   3.22580636E-02  0.387096763       1.7592455539062079E-007
   6.45161271E-02  0.387096763       1.5068842961941414E-006
   9.67741907E-02  0.387096763       7.1634202965344344E-006
  0.129032254      0.387096763       2.2039878220965006E-005
  0.161290318      0.387096763       4.4719425010983455E-005
  0.193548381      0.387096763       5.9846156298649434E-005
  0.225806445      0.387096763       5.2821269219212585E-005
  0.258064508      0.387096763       3.0747258511029303E-005
  0.290322572      0.387096763       1.1801137614699498E-005
  0.322580636      0.387096763       2.9717725280002414E-006
  0.354838699      0.387096763       4.5915698754995061E-007
  0.387096763      0.387096763      -6.7647781763407054E-010
  0.419354826      0.387096763       1.3872083810527710E-008
  0.451612890      0.387096763       5.1259507147813857E-009
  0.483870953      0.387096763      -7.1926175677219542E-009
  0.516129017      0.387096763       6.2884093300440374E-009
  0.548387110      0.387096763      -4.5810767347296580E-009
  0.580645144      0.387096763       3.0922063766506953E-009
  0.612903237      0.387096763      -2.2861431542621601E-009
  0.645161271      0.387096763       2.4183871737343308E-009
  0.677419364      0.387096763      -1.6553536466451401E-009
  0.709677398      0.387096763       1.0750764336100962E-009
  0.741935492      0.387096763      -4.4080904428630824E-010
  0.774193525      0.387096763       3.8797228870869922E-010
  0.806451619      0.387096763      -1.1335981560336958E-009
  0.838709652      0.387096763      -2.9409769966119844E-010
  0.870967746      0.387096763       5.5929069061278523E-010
  0.903225780      0.387096763      -4.6428324850883657E-011
  0.935483873      0.387096763      -2.1836286593579468E-010
  0.967741907      0.387096763      -4.3749355075941380E-009
   1.00000000      0.387096763       3.3992162777250360E-010
   0.00000000      0.419354826      -1.0681879751491675E-009
   3.22580636E-02  0.419354826       2.7925505515238578E-009
   6.45161271E-02  0.419354826       8.6852412631870539E-008
   9.67741907E-02  0.419354826       4.6900825749095111E-007
  0.129032254      0.419354826       1.5855486128516419E-006
  0.161290318      0.419354826       3.2373721852316414E-006
  0.193548381      0.419354826       4.3343379431632743E-006
  0.225806445      0.419354826       3.8167696521059410E-006
  0.258064508      0.419354826       2.2050652278813772E-006
  0.290322572      0.419354826       8.2100710304809357E-007
  0.322580636      0.419354826       1.7426711596885873E-007
  0.354838699      0.419354826      -3.3127009543940482E-009
  0.387096763      0.419354826       1.9491771369250303E-009
  0.419354826      0.419354826       6.5947211527263688E-010
  0.451612890      0.419354826      -5.4709040380383586E-009
  0.483870953      0.419354826       2.7571212897739041E-009
  0.516129017      0.419354826      -1.0999915470215589E-009
  0.548387110      0.419354826      -6.2834576417699452E-011
  0.580645144      0.419354826      -6.2838610067293972E-011
  0.612903237      0.419354826       3.6004957269830985E-011
  0.645161271      0.419354826      -1.4325795031787284E-009
  0.677419364      0.419354826       9.6046037817743433E-010
  0.709677398      0.419354826      -8.8822533058929507E-010
  0.741935492      0.419354826       2.6680786194667735E-010
  0.774193525      0.419354826      -8.5982921262717072E-010
  0.806451619      0.419354826       1.0472197270945650E-009
  0.838709652      0.419354826      -4.5698832596157696E-010
  0.870967746      0.419354826      -4.1069843027643546E-010
  0.903225780      0.419354826      -9.4960929373371144E-010
  0.935483873      0.419354826       1.4918421611220878E-010
  0.967741907      0.419354826       3.3308141432264683E-009
   1.00000000      0.419354826      -5.6957907606686015E-010
   0.00000000      0.451612890      -5.5638343878433959E-009
   3.22580636E-02  0.451612890       9.6435859580632389E-009
   6.45161271E-02  0.451612890      -4.2179992549280293E-009
   9.67741907E-02  0.451612890       1.4570757247236331E-009
  0.129032254      0.451612890       6.1136818202658153E-008
  0.161290318      0.451612890       1.2262137987473036E-007
  0.193548381      0.451612890       1.6645166255705271E-007
  0.225806445      0.451612890       1.4938506904597136E-007
  0.258064508      0.451612890       7.6008998519824168E-008
  0.290322572      0.451612890       1.0931267654067549E-008
  0.322580636      0.451612890      -5.0910801158957667E-009
  0.354838699      0.451612890      -1.5164332782800575E-009
  0.387096763      0.451612890       9.1402603068642571E-009
  0.419354826      0.451612890      -8.7180076178417502E-010
  0.451612890      0.451612890       3.1281195477907160E-009
  0.483870953      0.451612890      -1.0978576394134900E-010
  0.516129017      0.451612890      -4.5319143992619379E-010
  0.548387110      0.451612890       1.2046095542331691E-009
  0.580645144      0.451612890      -1.2951100412402542E-009
  0.612903237      0.451612890       1.2037573949182632E-009
  0.645161271      0.451612890      -2.5840664341770082E-010
  0.677419364      0.451612890       6.8488904870465047E-010
  0.709677398      0.451612890      -1.0081215803161146E-009
  0.741935492      0.451612890       1.2821711223397072E-009
  0.774193525      0.451612890      -9.3581902887200896E-010
  0.806451619      0.451612890       1.5746898812158858E-010
  0.838709652      0.451612890      -1.0328492764876897E-009
  0.870967746      0.451612890       1.3574854320698848E-009
  0.903225780      0.451612890      -9.9537618904133894E-010
  0.935483873      0.451612890       6.4846550263771462E-010
  0.967741907      0.451612890      -5.5189900320988965E-009
   1.00000000      0.451612890       7.2251366648503364E-010
   0.00000000      0.483870953      -2.7565861106860705E-010
   3.22580636E-02  0.483870953      -7.1086233428069648E-010
   6.45161271E-02  0.483870953      -8.7763053763929089E-009
   9.67741907E-02  0.483870953       9.3808138170003450E-009
  0.129032254      0.483870953      -1.3083252043681550E-009
  0.161290318      0.483870953      -1.5722851851543725E-008
  0.193548381      0.483870953      -8.0529358916093599E-009
  0.225806445      0.483870953      -1.3529812345121375E-008
  0.258064508      0.483870953      -1.5166229120371020E-008
  0.290322572      0.483870953       5.1627245616733309E-010
  0.322580636      0.483870953       9.9588571133008583E-010
  0.354838699      0.483870953       1.9228110521312253E-009
  0.387096763      0.483870953      -3.4885727641437488E-009
  0.419354826      0.483870953       4.2695935502067635E-009
  0.451612890      0.483870953      -2.1634592963734223E-009
  0.483870953      0.483870953       2.3375862336898549E-010
  0.516129017      0.483870953       1.0023573526232071E-009
  0.548387110      0.483870953      -1.3934915329498285E-009
  0.580645144      0.483870953       1.5369204361079382E-009
  0.612903237      0.483870953      -1.0993904424204909E-009
  0.645161271      0.483870953       4.5793605216774927E-010
  0.677419364      0.483870953      -6.7683936957766298E-010
  0.709677398      0.483870953       9.3981446402739299E-010
  0.741935492      0.483870953      -1.2646904720364090E-009
  0.774193525      0.483870953       4.6321609126989273E-010
  0.806451619      0.483870953       4.6428303096579953E-012
  0.838709652      0.483870953       1.6249874588961683E-011
  0.870967746      0.483870953      -7.3740874599207734E-010
  0.903225780      0.483870953      -5.2316774010143574E-010
  0.935483873      0.483870953       5.0015370961732494E-011
  0.967741907      0.483870953       4.6856070306205812E-009
   1.00000000      0.483870953      -1.8565241826904324E-009
   0.00000000      0.516129017      -9.8972872704229038E-010
   3.22580636E-02  0.516129017      -1.3461051771187360E-009
   6.45161271E-02  0.516129017       9.1251152633297535E-010
   9.67741907E-02  0.516129017      -5.9280987178202111E-009
  0.129032254      0.516129017      -3.8508350560982588E-009
  0.161290318      0.516129017       3.9453430359970485E-010
  0.193548381      0.516129017       6.2882212261938388E-009
  0.225806445      0.516129017       7.1566970019466939E-010
  0.258064508      0.516129017       3.9468965575197069E-010
  0.290322572      0.516129017       4.5853926016127446E-009
  0.322580636      0.516129017       3.2658778327867433E-009
  0.354838699      0.516129017      -2.1172299594200261E-010
  0.387096763      0.516129017       3.3215380980410191E-009
  0.419354826      0.516129017      -1.8353834652113150E-009
  0.451612890      0.516129017       1.7348026645638413E-009
  0.483870953      0.516129017      -1.6546291593522061E-010
  0.516129017      0.516129017       7.5149284190817740E-011
  0.548387110      0.516129017       3.1914018163186219E-010
  0.580645144      0.516129017      -5.9168252510575002E-010
  0.612903237      0.516129017       6.1187384109134924E-010
  0.645161271      0.516129017      -1.9444469402756878E-010
  0.677419364      0.516129017       5.0142494049979420E-010
  0.709677398      0.516129017      -1.0987491283853499E-009
  0.741935492      0.516129017       1.5144592308853164E-009
  0.774193525      0.516129017      -7.1456716026589794E-010
  0.806451619      0.516129017       4.0389529244907385E-011
  0.838709652      0.516129017      -5.4922715598372167E-010
  0.870967746      0.516129017       9.6674224755724901E-010
  0.903225780      0.516129017      -3.1479578550658596E-010
  0.935483873      0.516129017      -4.4865443591296100E-010
  0.967741907      0.516129017      -5.6270311181195325E-009
   1.00000000      0.516129017       2.4226507801783032E-009
   0.00000000      0.548387110       2.5216399897484815E-010
   3.22580636E-02  0.548387110       9.2448716339973542E-010
   6.45161271E-02  0.548387110      -1.6814437483006233E-009
   9.67741907E-02  0.548387110       2.7046114092308681E-009
  0.129032254      0.548387110      -4.5632634656693839E-010
  0.161290318      0.548387110      -1.0078175109320030E-009
  0.193548381      0.548387110      -4.3119844826841733E-009
  0.225806445      0.548387110      -2.2097595298196732E-009
  0.258064508      0.548387110      -5.5914990157070426E-010
  0.290322572      0.548387110      -2.3654857941914941E-009
  0.322580636      0.548387110      -2.9593121113259001E-009
  0.354838699      0.548387110       3.5078573390201260E-009
  0.387096763      0.548387110      -2.2116572500356694E-009
  0.419354826      0.548387110       2.6421191681948870E-009
  0.451612890      0.548387110      -7.9417252845141425E-010
  0.483870953      0.548387110       3.9511127825673093E-010
  0.516129017      0.548387110       6.1264502192691289E-010
  0.548387110      0.548387110      -4.2601793174519276E-010
  0.580645144      0.548387110       8.1860432083222937E-010
  0.612903237      0.548387110      -3.8280003782600731E-010
  0.645161271      0.548387110       7.4672661503677762E-011
  0.677419364      0.548387110       1.3911430636440451E-010
  0.709677398      0.548387110       4.2915747303220755E-010
  0.741935492      0.548387110      -8.1928253164950494E-010
  0.774193525      0.548387110       2.5635281725042574E-010
  0.806451619      0.548387110      -2.8137272046285956E-010
  0.838709652      0.548387110       8.9099369776988796E-010
  0.870967746      0.548387110      -1.8054171726903565E-009
  0.903225780      0.548387110       8.7435804576219983E-010
  0.935483873      0.548387110      -2.4045842768402612E-010
  0.967741907      0.548387110       5.9057037134524448E-009
   1.00000000      0.548387110      -3.7010276318509973E-009
   0.00000000      0.580645144      -8.1737965333233258E-010
   3.22580636E-02  0.580645144      -1.1183058994410347E-009
   6.45161271E-02  0.580645144      -4.6182290546249998E-010
   9.67741907E-02  0.580645144      -1.2370350984829911E-009
  0.129032254      0.580645144      -2.4230056108700645E-009
  0.161290318      0.580645144       1.3332083559889277E-009
  0.193548381      0.580645144       1.2536653208392778E-010
  0.225806445      0.580645144       9.7970180707129325E-010
  0.258064508      0.580645144      -7.1318707353175130E-010
  0.290322572      0.580645144       1.2736895638143088E-009
  0.322580636      0.580645144       2.1855181126039842E-009
  0.354838699      0.580645144      -2.0628580814831425E-009
  0.387096763      0.580645144       1.4284098428244460E-009
  0.419354826      0.580645144      -8.2643028843914892E-010
  0.451612890      0.580645144       1.6952493926730167E-010
  0.483870953      0.580645144       7.7248105598302832E-010
  0.516129017      0.580645144      -1.1260292989889848E-009
  0.548387110      0.580645144       9.7223052200116507E-010
  0.580645144      0.580645144      -8.1045892319220895E-010
  0.612903237      0.580645144       1.1259393781512225E-009
  0.645161271      0.580645144      -8.7206091878275508E-010
  0.677419364      0.580645144       7.0126414700605492E-010
  0.709677398      0.580645144      -1.0052597236535049E-009
  0.741935492      0.580645144       1.2871461491557380E-009
  0.774193525      0.580645144      -5.8146519394490234E-010
  0.806451619      0.580645144       4.0806033740763979E-010
  0.838709652      0.580645144      -6.4402232021910609E-010
  0.870967746      0.580645144       1.3971573631869825E-009
  0.903225780      0.580645144      -8.7845601541693782E-010
  0.935483873      0.580645144      -1.5751275842032540E-010
  0.967741907      0.580645144      -6.0866127317174911E-009
   1.00000000      0.580645144       4.2977156794174999E-009
   0.00000000      0.612903237       2.1863940668565033E-010
   3.22580636E-02  0.612903237       1.2788692305478713E-009
   6.45161271E-02  0.612903237      -1.2933555469743423E-009
   9.67741907E-02  0.612903237       1.9565264228398250E-009
  0.129032254      0.612903237      -6.6409019538960948E-010
  0.161290318      0.612903237       4.8433341040601241E-010
  0.193548381      0.612903237      -1.9378241688965890E-009
  0.225806445      0.612903237       4.7896927617509022E-010
  0.258064508      0.612903237       8.4933111287192392E-010
  0.290322572      0.612903237      -6.6115330628787500E-010
  0.322580636      0.612903237      -9.8151012827401555E-011
  0.354838699      0.612903237       1.4366095485664992E-009
  0.387096763      0.612903237      -2.3933477008649749E-010
  0.419354826      0.612903237      -4.2216424063141987E-011
  0.451612890      0.612903237       1.1424006499035051E-009
  0.483870953      0.612903237      -6.3250604604537574E-010
  0.516129017      0.612903237       5.8625963813704486E-010
  0.548387110      0.612903237       9.9959077271582782E-011
  0.580645144      0.612903237      -1.3326472522457340E-010
  0.612903237      0.612903237       5.6839936581782139E-011
  0.645161271      0.612903237       3.5850290954041882E-011
  0.677419364      0.612903237       2.3789217579460160E-010
  0.709677398      0.612903237      -5.8157484260865967E-012
  0.741935492      0.612903237      -2.7589596822582294E-010
  0.774193525      0.612903237      -9.3740054257188350E-011
  0.806451619      0.612903237      -1.5227652827429976E-010
  0.838709652      0.612903237      -6.2218237751479398E-011
  0.870967746      0.612903237      -9.5950903395311098E-010
  0.903225780      0.612903237       5.6389013563798216E-010
  0.935483873      0.612903237       5.0618373223282794E-010
  0.967741907      0.612903237       5.5858570448535786E-009
   1.00000000      0.612903237      -4.7714987240130237E-009
   0.00000000      0.645161271      -6.0062773133096219E-010
   3.22580636E-02  0.645161271      -1.1765604257083318E-009
   6.45161271E-02  0.645161271       1.3135993807170431E-010
   9.67741907E-02  0.645161271      -1.3154529341500781E-009
  0.129032254      0.645161271      -5.0130735788523948E-010
  0.161290318      0.645161271      -4.3296896235291709E-010
  0.193548381      0.645161271       1.7920990209437286E-010
  0.225806445      0.645161271      -2.4047567792862882E-010
  0.258064508      0.645161271      -1.9346182883014468E-009
  0.290322572      0.645161271       2.6096858244015775E-010
  0.322580636      0.645161271      -7.5243085375368939E-010
  0.354838699      0.645161271      -5.6583697724256166E-010
  0.387096763      0.645161271       2.5390243960872825E-010
  0.419354826      0.645161271       4.6808804355084022E-010
  0.451612890      0.645161271      -1.3060530646090436E-009
  0.483870953      0.645161271       1.4720997087045196E-009
  0.516129017      0.645161271      -1.1575036558757837E-009
  0.548387110      0.645161271       6.8263476575014278E-010
  0.580645144      0.645161271      -5.1379573981425088E-010
  0.612903237      0.645161271       7.3076023863168621E-010
  0.645161271      0.645161271      -5.0993004086198247E-010
  0.677419364      0.645161271       1.3059392133140158E-010
  0.709677398      0.645161271      -1.5981310114464500E-010
  0.741935492      0.645161271       4.9903581567915172E-010
  0.774193525      0.645161271      -7.7809772515106911E-011
  0.806451619      0.645161271       3.0030369882387767E-010
  0.838709652      0.645161271       1.9760314526934187E-010
  0.870967746      0.645161271       9.6633041520073254E-010
  0.903225780      0.645161271      -7.1452297275685249E-010
  0.935483873      0.645161271      -6.7835463486376243E-010
  0.967741907      0.645161271      -5.5457538319490527E-009
   1.00000000      0.645161271       4.6585027671361888E-009
   0.00000000      0.677419364       5.6781340266741116E-010
   3.22580636E-02  0.677419364       3.0495686990914327E-010
   6.45161271E-02  0.677419364      -2.0598215993061607E-010
   9.67741907E-02  0.677419364       9.0249412507291248E-010
  0.129032254      0.677419364      -3.4652480059606851E-010
  0.161290318      0.677419364       5.4403507360216351E-010
  0.193548381      0.677419364      -6.0542842416341244E-010
  0.225806445      0.677419364       6.4390618553931397E-010
  0.258064508      0.677419364       1.2353761825136142E-009
  0.290322572      0.677419364       3.5298248556203724E-010
  0.322580636      0.677419364       1.1469429864618204E-009
  0.354838699      0.677419364       1.6654846919615187E-010
  0.387096763      0.677419364       7.8525657182032150E-011
  0.419354826      0.677419364      -8.2717616325021337E-010
  0.451612890      0.677419364       1.9078974937388665E-009
  0.483870953      0.677419364      -1.5969962931140089E-009
  0.516129017      0.677419364       1.3012427507121169E-009
  0.548387110      0.677419364      -7.3948585197676130E-010
  0.580645144      0.677419364       1.0098572189924254E-009
  0.612903237      0.677419364      -9.9130639041796838E-010
  0.645161271      0.677419364       8.8096014153819005E-010
  0.677419364      0.677419364      -2.9237061819530947E-010
  0.709677398      0.677419364       4.7567290014275242E-010
  0.741935492      0.677419364      -6.7202905295555543E-010
  0.774193525      0.677419364       1.5076008630854162E-010
  0.806451619      0.677419364      -1.5647989192504469E-010
  0.838709652      0.677419364      -3.7163887068385188E-010
  0.870967746      0.677419364      -9.2166939467197778E-010
  0.903225780      0.677419364       6.5839750948219134E-010
  0.935483873      0.677419364       9.7179798699869135E-011
  0.967741907      0.677419364       5.2428420104446717E-009
   1.00000000      0.677419364      -4.2964760900819362E-009
   0.00000000      0.709677398      -6.2218327510737924E-010
   3.22580636E-02  0.709677398      -8.9445951687653722E-010
   6.45161271E-02  0.709677398       3.9453400301809406E-010
   9.67741907E-02  0.709677398      -1.2713515516720987E-009
  0.129032254      0.709677398       6.5593096617967090E-010
  0.161290318      0.709677398      -9.4759650948082162E-010
  0.193548381      0.709677398       6.3854842978154953E-010
  0.225806445      0.709677398      -1.2303027259755514E-009
  0.258064508      0.709677398      -1.0365462366924380E-009
  0.290322572      0.709677398      -7.8777620757439389E-010
  0.322580636      0.709677398      -8.3487140074738805E-010
  0.354838699      0.709677398      -4.9843930764505765E-010
  0.387096763      0.709677398       8.3775141523972803E-010
  0.419354826      0.709677398      -1.3204387215333401E-011
  0.451612890      0.709677398      -7.7380043315615789E-010
  0.483870953      0.709677398       5.0291681684099471E-010
  0.516129017      0.709677398      -1.2945123229535693E-010
  0.548387110      0.709677398      -1.4968231257644312E-011
  0.580645144      0.709677398       4.3548706960602762E-011
  0.612903237      0.709677398       9.6322474708762279E-011
  0.645161271      0.709677398      -2.5651600023989859E-010
  0.677419364      0.709677398       4.2817679944198608E-011
  0.709677398      0.709677398      -4.4037928556513915E-010
  0.741935492      0.709677398       7.6402954248507102E-010
  0.774193525      0.709677398      -2.1598054050542153E-010
  0.806451619      0.709677398       1.6271394987806119E-010
  0.838709652      0.709677398      -8.6799833137294250E-011
  0.870967746      0.709677398       7.9366845483674417E-010
  0.903225780      0.709677398      -8.5387334977201527E-010
  0.935483873      0.709677398       4.9269181987908659E-010
  0.967741907      0.709677398      -4.9393664047000508E-009
   1.00000000      0.709677398       3.8125133250802455E-009
   0.00000000      0.741935492       4.3176512220970033E-010
   3.22580636E-02  0.741935492       6.8042118852985659E-010
   6.45161271E-02  0.741935492      -2.8713026070441769E-010
   9.67741907E-02  0.741935492       2.0066882174891886E-010
  0.129032254      0.741935492      -2.0464819815135063E-010
  0.161290318      0.741935492      -1.7399438932572664E-010
  0.193548381      0.741935492      -1.4177367454555331E-010
  0.225806445      0.741935492       6.4664922509538302E-010
  0.258064508      0.741935492       1.0785458523962741E-009
  0.290322572      0.741935492       6.1054354193721480E-010
  0.322580636      0.741935492       6.9875779239507929E-010
  0.354838699      0.741935492       3.0134226310122471E-010
  0.387096763      0.741935492      -7.1812551662864879E-010
  0.419354826      0.741935492      -4.0908009481244802E-010
  0.451612890      0.741935492       1.3735502978028397E-009
  0.483870953      0.741935492      -9.4808052164308049E-010
  0.516129017      0.741935492       5.1881344665881749E-010
  0.548387110      0.741935492      -3.5904072532134210E-010
  0.580645144      0.741935492       4.4097205779988755E-010
  0.612903237      0.741935492      -4.1363742429893614E-010
  0.645161271      0.741935492       6.4249162428543002E-010
  0.677419364      0.741935492      -5.1486815728549716E-012
  0.709677398      0.741935492       5.2459134844754728E-010
  0.741935492      0.741935492      -3.4103990045434101E-010
  0.774193525      0.741935492      -3.0502842709516354E-012
  0.806451619      0.741935492       1.9144507727407507E-010
  0.838709652      0.741935492      -1.5989943391658615E-011
  0.870967746      0.741935492      -1.9490416351371336E-010
  0.903225780      0.741935492       5.4482549526833642E-010
  0.935483873      0.741935492      -7.8228071102421500E-010
  0.967741907      0.741935492       4.3533408824849738E-009
   1.00000000      0.741935492      -3.5204928926028056E-009
   0.00000000      0.774193525      -8.5089449928048111E-010
   3.22580636E-02  0.774193525      -2.2906225918154968E-010
   6.45161271E-02  0.774193525      -1.9747893613098493E-010
   9.67741907E-02  0.774193525      -6.1105363512150480E-011
  0.129032254      0.774193525       1.5582822139062748E-010
  0.161290318      0.774193525       6.3824470249300670E-011
  0.193548381      0.774193525      -3.7642845499738982E-011
  0.225806445      0.774193525      -6.2384358168066455E-010
  0.258064508      0.774193525      -1.3237246451237348E-009
  0.290322572      0.774193525      -8.9455450162600965E-011
  0.322580636      0.774193525      -1.3979108998428951E-009
  0.354838699      0.774193525       4.6866669516294316E-010
  0.387096763      0.774193525       4.4484794471874553E-010
  0.419354826      0.774193525       1.8631628349113463E-010
  0.451612890      0.774193525      -7.8580293925062698E-010
  0.483870953      0.774193525       4.1875933999534588E-010
  0.516129017      0.774193525       7.3839337585547196E-011
  0.548387110      0.774193525      -1.0010448497254405E-011
  0.580645144      0.774193525       4.8493867680647953E-011
  0.612903237      0.774193525      -9.5393569756422244E-011
  0.645161271      0.774193525      -8.1859796453120209E-011
  0.677419364      0.774193525      -2.8539871583756300E-010
  0.709677398      0.774193525      -6.9383729283359123E-010
  0.741935492      0.774193525       6.1693404501589364E-010
  0.774193525      0.774193525      -4.2664603869894572E-010
  0.806451619      0.774193525       2.7219740066888750E-010
  0.838709652      0.774193525      -7.9801238044942178E-010
  0.870967746      0.774193525       8.6521480994661932E-010
  0.903225780      0.774193525      -9.8940116713716342E-010
  0.935483873      0.774193525       1.0747020514132801E-009
  0.967741907      0.774193525      -3.8510289570391608E-009
   1.00000000      0.774193525       2.9735832843369639E-009
   0.00000000      0.806451619       5.9028688868715615E-010
   3.22580636E-02  0.806451619       1.8626762063666323E-010
   6.45161271E-02  0.806451619      -1.8938476878331105E-010
   9.67741907E-02  0.806451619      -1.7391529173770299E-010
  0.129032254      0.806451619      -4.7044711502625041E-010
  0.161290318      0.806451619      -2.0386934967795841E-010
  0.193548381      0.806451619       1.6396496187931944E-010
  0.225806445      0.806451619      -1.9623555146839635E-011
  0.258064508      0.806451619       1.1937547074742020E-009
  0.290322572      0.806451619      -2.4333485185388614E-011
  0.322580636      0.806451619       1.2271254042367244E-009
  0.354838699      0.806451619      -5.5166599403256395E-010
  0.387096763      0.806451619      -3.2344557306632836E-010
  0.419354826      0.806451619      -9.5300659688661731E-011
  0.451612890      0.806451619       5.6676178481836655E-010
  0.483870953      0.806451619      -1.6023461905880094E-010
  0.516129017      0.806451619       4.0459692176858496E-011
  0.548387110      0.806451619      -3.7012967551550665E-010
  0.580645144      0.806451619       4.2185914007124788E-010
  0.612903237      0.806451619      -1.0474647345783887E-010
  0.645161271      0.806451619       3.6380950244296214E-010
  0.677419364      0.806451619       2.9776366656960867E-010
  0.709677398      0.806451619       6.9855641446661085E-010
  0.741935492      0.806451619      -3.8922004381580908E-010
  0.774193525      0.806451619       3.2736213300883150E-010
  0.806451619      0.806451619      -1.2343956982146838E-010
  0.838709652      0.806451619       8.5908103488740806E-010
  0.870967746      0.806451619      -6.9988688957975870E-010
  0.903225780      0.806451619       5.9262686207740220E-010
  0.935483873      0.806451619      -6.9593669310367060E-010
  0.967741907      0.806451619       2.9256797586975003E-009
   1.00000000      0.806451619      -2.1939181345731523E-009
   0.00000000      0.838709652      -4.8438539996435834E-010
   3.22580636E-02  0.838709652      -5.9823150078854494E-010
   6.45161271E-02  0.838709652       5.3902670009273339E-010
   9.67741907E-02  0.838709652      -2.8462577780815144E-010
  0.129032254      0.838709652       7.0574818886979663E-010
  0.161290318      0.838709652      -2.5485961951638575E-010
  0.193548381      0.838709652       2.1492777148640010E-010
  0.225806445      0.838709652      -6.1343356502566853E-010
  0.258064508      0.838709652      -2.0312908693255461E-010
  0.290322572      0.838709652      -8.2133945042632590E-010
  0.322580636      0.838709652      -2.3301279579578652E-010
  0.354838699      0.838709652      -3.6788440423844294E-010
  0.387096763      0.838709652       7.3999871469195297E-010
  0.419354826      0.838709652      -2.5480758003313515E-010
  0.451612890      0.838709652      -3.2251656986750124E-010
  0.483870953      0.838709652      -5.1675171567926648E-011
  0.516129017      0.838709652       2.0572681738404855E-011
  0.548387110      0.838709652       1.3636450210452648E-010
  0.580645144      0.838709652       9.2122395829216600E-013
  0.612903237      0.838709652      -2.5926592458179870E-010
  0.645161271      0.838709652       9.0539776905099131E-011
  0.677419364      0.838709652      -5.2744898516172725E-010
  0.709677398      0.838709652      -5.8928084978011049E-010
  0.741935492      0.838709652       2.5902962658755622E-010
  0.774193525      0.838709652      -3.6279624246953286E-010
  0.806451619      0.838709652       2.0506147251051420E-010
  0.838709652      0.838709652      -7.1238257437177439E-010
  0.870967746      0.838709652       8.1851022061039575E-010
  0.903225780      0.838709652      -5.9162470986269791E-010
  0.935483873      0.838709652       9.1275500049201232E-010
  0.967741907      0.838709652      -2.4907749317335761E-009
   1.00000000      0.838709652       1.7219333465517844E-009
   0.00000000      0.870967746       5.6257856393277711E-010
   3.22580636E-02  0.870967746       5.7680238929395279E-011
   6.45161271E-02  0.870967746      -2.4041276136734381E-010
   9.67741907E-02  0.870967746       2.1662787908925465E-010
  0.129032254      0.870967746      -4.2498019218680749E-010
  0.161290318      0.870967746       5.9121045710260609E-014
  0.193548381      0.870967746       7.7780851453507288E-012
  0.225806445      0.870967746      -1.0325051254993802E-010
  0.258064508      0.870967746       7.0601014192330569E-010
  0.290322572      0.870967746      -2.0609751016051702E-010
  0.322580636      0.870967746       9.7490905831002746E-010
  0.354838699      0.870967746      -7.0045816307679543E-010
  0.387096763      0.870967746       3.8756596645680884E-010
  0.419354826      0.870967746      -6.2105064897944063E-010
  0.451612890      0.870967746       7.0490290517926465E-010
  0.483870953      0.870967746      -1.2912561641959858E-010
  0.516129017      0.870967746       1.5869393482437190E-010
  0.548387110      0.870967746      -1.7755755750832597E-010
  0.580645144      0.870967746       3.6519357461642038E-010
  0.612903237      0.870967746      -7.0412510930550498E-011
  0.645161271      0.870967746      -3.9215395822328467E-011
  0.677419364      0.870967746       6.1866948800122155E-010
  0.709677398      0.870967746       5.5338372143590007E-010
  0.741935492      0.870967746       1.6671516755931048E-010
  0.774193525      0.870967746       5.5129183097031350E-011
  0.806451619      0.870967746      -3.2591239645336014E-010
  0.838709652      0.870967746       2.3825608681614927E-010
  0.870967746      0.870967746      -5.7472888254048178E-010
  0.903225780      0.870967746      -1.0856573777985609E-010
  0.935483873      0.870967746      -4.9991264801212327E-010
  0.967741907      0.870967746       1.4351846649421253E-009
   1.00000000      0.870967746      -1.2258614502116329E-009
   0.00000000      0.903225780      -5.1540009330876317E-010
   3.22580636E-02  0.903225780      -3.6405676649511246E-010
   6.45161271E-02  0.903225780       7.3204736684286374E-011
   9.67741907E-02  0.903225780      -5.0949905419526315E-010
  0.129032254      0.903225780       2.7082312631494220E-010
  0.161290318      0.903225780      -3.7967967557270933E-010
  0.193548381      0.903225780       2.5081897605760635E-010
  0.225806445      0.903225780      -2.4937579277827725E-010
  0.258064508      0.903225780      -2.3092529297574966E-010
  0.290322572      0.903225780      -1.7449250763320807E-010
  0.322580636      0.903225780      -4.6645778601633109E-010
  0.354838699      0.903225780       2.1384174851638971E-010
  0.387096763      0.903225780       3.8597439244970323E-011
  0.419354826      0.903225780       1.4396366688458294E-010
  0.451612890      0.903225780      -2.6906802128244263E-010
  0.483870953      0.903225780       3.2947901422812598E-011
  0.516129017      0.903225780      -1.2830879362585784E-010
  0.548387110      0.903225780       1.8095760466086078E-010
  0.580645144      0.903225780      -4.4431304229512478E-010
  0.612903237      0.903225780       1.6703154698481683E-010
  0.645161271      0.903225780      -6.8971660130054309E-011
  0.677419364      0.903225780      -2.0791138020982347E-010
  0.709677398      0.903225780      -9.4552225687803611E-010
  0.741935492      0.903225780       2.6823484720347927E-010
  0.774193525      0.903225780      -2.4670062809963402E-010
  0.806451619      0.903225780       8.4875831737680797E-010
  0.838709652      0.903225780      -4.2554028178377665E-010
  0.870967746      0.903225780       1.0395128466196678E-009
  0.903225780      0.903225780      -3.1297686991736559E-010
  0.935483873      0.903225780       8.9820011922432428E-010
  0.967741907      0.903225780      -1.3327274468741289E-009
   1.00000000      0.903225780       1.1097409702486020E-009
   0.00000000      0.935483873       4.3726266903882197E-010
   3.22580636E-02  0.935483873       2.2955206864485235E-010
   6.45161271E-02  0.935483873       7.4262270043277523E-011
   9.67741907E-02  0.935483873       2.2009321630403892E-011
  0.129032254      0.935483873       3.2782366861966433E-012
  0.161290318      0.935483873      -1.0695862151257812E-010
  0.193548381      0.935483873       3.2752678871494868E-010
  0.225806445      0.935483873      -4.3761971597536093E-010
  0.258064508      0.935483873       3.1554583546422500E-010
  0.290322572      0.935483873       1.9297977469589619E-010
  0.322580636      0.935483873       1.4533591089285952E-010
  0.354838699      0.935483873      -1.5303074594171527E-010
  0.387096763      0.935483873       6.8813804381979849E-011
  0.419354826      0.935483873      -2.6085468025751673E-010
  0.451612890      0.935483873       1.0763647500320030E-010
  0.483870953      0.935483873       2.0482291733659204E-010
  0.516129017      0.935483873      -1.0662953247166326E-010
  0.548387110      0.935483873       2.8506938125855169E-010
  0.580645144      0.935483873      -1.6700336762554226E-010
  0.612903237      0.935483873       3.4246789706045189E-010
  0.645161271      0.935483873      -3.5452605191792950E-010
  0.677419364      0.935483873       5.2401984093658365E-010
  0.709677398      0.935483873       1.3303317359933319E-010
  0.741935492      0.935483873       3.2802345396951003E-010
  0.774193525      0.935483873      -5.9390452677771545E-010
  0.806451619      0.935483873      -1.5675921952959645E-010
  0.838709652      0.935483873      -4.8319407861188396E-010
  0.870967746      0.935483873      -2.5897568622969676E-010
  0.903225780      0.935483873      -1.9214524320028431E-010
  0.935483873      0.935483873      -5.0044342041075464E-010
  0.967741907      0.935483873       9.2485006586054737E-010
   1.00000000      0.935483873      -5.8677723274196723E-010
   0.00000000      0.967741907      -4.1400270907046054E-010
   3.22580636E-02  0.967741907      -3.1693475874790639E-010
   6.45161271E-02  0.967741907      -1.0567581877532750E-010
   9.67741907E-02  0.967741907       3.8515020409175775E-010
  0.129032254      0.967741907      -2.5314862655923277E-011
  0.161290318      0.967741907      -4.5039256483350736E-011
  0.193548381      0.967741907      -2.7800358476563240E-010
  0.225806445      0.967741907       1.9801430153764989E-010
  0.258064508      0.967741907      -2.3576083301826847E-010
  0.290322572      0.967741907       3.7622346194766808E-011
  0.322580636      0.967741907      -4.3613462557840046E-010
  0.354838699      0.967741907       2.9996785353289660E-010
  0.387096763      0.967741907      -3.3362085502626419E-010
  0.419354826      0.967741907       5.4608508122811446E-010
  0.451612890      0.967741907      -5.7043102410656540E-010
  0.483870953      0.967741907       4.8215312731636007E-010
  0.516129017      0.967741907      -7.8902154375149503E-010
  0.548387110      0.967741907       6.5682869650873657E-010
  0.580645144      0.967741907      -8.1948270134830800E-010
  0.612903237      0.967741907       8.4190309897382467E-010
  0.645161271      0.967741907      -4.9383202844979155E-010
  0.677419364      0.967741907       4.0921428888758591E-010
  0.709677398      0.967741907      -6.3551534700411856E-010
  0.741935492      0.967741907       5.4852166948479953E-010
  0.774193525      0.967741907      -2.2028972682761117E-010
  0.806451619      0.967741907       1.0767322695162733E-009
  0.838709652      0.967741907      -4.3823032372405064E-010
  0.870967746      0.967741907       1.0879027643819829E-009
  0.903225780      0.967741907      -4.6400004312373025E-010
  0.935483873      0.967741907       1.0154686262925514E-009
  0.967741907      0.967741907      -1.1651530368271711E-009
   1.00000000      0.967741907       1.9726305889726023E-010
   0.00000000       1.00000000       1.4038363547443305E-010
   3.22580636E-02   1.00000000       2.0533008329641516E-010
   6.45161271E-02   1.00000000      -3.4180425535694299E-010
   9.67741907E-02   1.00000000       1.3169525755236838E-010
  0.129032254       1.00000000      -5.6561463310663677E-010
  0.161290318       1.00000000       5.4506619911654101E-010
  0.193548381       1.00000000      -6.1271997811652375E-010
  0.225806445       1.00000000       7.3526644274451325E-010
  0.258064508       1.00000000      -8.6439528754140130E-010
  0.290322572       1.00000000       8.8086777608091485E-010
  0.322580636       1.00000000      -8.3378447490587374E-010
  0.354838699       1.00000000       9.2494112013072404E-010
  0.387096763       1.00000000      -1.0034744212145699E-009
  0.419354826       1.00000000       1.0455713973159804E-009
  0.451612890       1.00000000      -1.1803496063754971E-009
  0.483870953       1.00000000       1.2752719193447614E-009
  0.516129017       1.00000000      -1.1811336270486875E-009
  0.548387110       1.00000000       1.3119107614827055E-009
  0.580645144       1.00000000      -1.2340834232951303E-009
  0.612903237       1.00000000       1.0650955272750287E-009
  0.645161271       1.00000000      -9.5881457527943932E-010
  0.677419364       1.00000000       6.8064082252811632E-010
  0.709677398       1.00000000      -4.1689085229632799E-010
  0.741935492       1.00000000       4.0211423525077838E-010
  0.774193525       1.00000000      -6.6065850945511013E-010
  0.806451619       1.00000000       4.1906112988873921E-010
  0.838709652       1.00000000      -6.1087241744140536E-010
  0.870967746       1.00000000       1.3849391178437197E-010
  0.903225780       1.00000000      -3.4915552344264869E-010
  0.935483873       1.00000000      -1.0128364508525495E-010
  0.967741907       1.00000000       3.3600480594421331E-010
   1.00000000       1.00000000       4.8584138732448276E-011
