0.00025914 0.00026364 0.00022275 0.00023159 0.00024093 0.00025982 0.00030858 0.00031962 0.00033492 0.00038102 0.00043379 0.00047363 0.00046111 0.00044252 0.00040267 0.00037123 0.0003352 0.00030494 0.00026102 0.0003021 0.00023002 0.00033955 0.00016589 0.00037972 0.00031379 0.00035556 0.00025571 0.00028968 0.00026819 0.0002679 0.00028063 0.00029718 0.00032359 0.00035539 0.00037445 0.00039839 0.00044041 0.00047473 0.00046707 0.00040501 0.00035203 0.00032184 0.00031247 0.00029076 0.00024504 0.00023403 0.00022189 0.00022396 0.00027157 0.00025671
0.00027939 0.00018657 0.00027774 0.0004491 0.00050831 0.00052496 0.0005564 0.00056804 0.00058155 0.00053526 0.00049822 0.00050411 0.00051041 0.00051913 0.00054282 0.00055518 0.0005625 0.00058381 0.00052483 0.00062675 0.00045208 0.0006952 0.00021407 0.0005548 0.0005399 0.00055728 0.00040084 0.00057436 0.00053125 0.00053832 0.00053236 0.00057476 0.00056869 0.00055454 0.00056025 0.00054291 0.00049497 0.00046791 0.00046248 0.00048726 0.00055718 0.00059529 0.00057532 0.00054029 0.00050767 0.00049148 0.00041218 0.00024902 0.0001982 0.00027531
0.00023595 0.00022623 0.00041586 0.00051916 0.00049446 0.00049864 0.00047333 0.00044333 0.0004609 0.00050761 0.00057079 0.00050762 0.0004736 0.00048967 0.00045421 0.00045108 0.00046343 0.00048779 0.00045149 0.00053559 0.00040572 0.00064824 0.0002649 0.00046574 0.00044107 0.00040642 0.00044507 0.00051025 0.00048116 0.00048709 0.00047264 0.00047551 0.0004674 0.0004632 0.00045041 0.00046081 0.00051503 0.00054487 0.00061717 0.00064051 0.00051487 0.00045077 0.00043521 0.00048546 0.00050801 0.00050752 0.00051677 0.00039036 0.00021163 0.00024994
0.00019819 0.00030858 0.00049876 0.00047746 0.00042626 0.00047739 0.00047735 0.00046891 0.00042568 0.00036744 0.00031868 0.00046121 0.00055245 0.00047008 0.00048868 0.00048955 0.00049431 0.0004792 0.00046599 0.00056149 0.00039304 0.00064453 0.00020633 0.00049726 0.00054224 0.00045697 0.00045496 0.00051064 0.00047541 0.00047174 0.00048271 0.00049067 0.00049414 0.00048588 0.00048078 0.00049189 0.00044041 0.00043494 0.00030337 0.00018024 0.00027738 0.0003929 0.00045555 0.00047346 0.00047437 0.0004297 0.00048472 0.00048099 0.00028358 0.00020217
0.00019873 0.00032208 0.00051964 0.00049901 0.00049267 0.00053085 0.00049856 0.00053627 0.00048158 0.00035105 0.00025742 8.3129e-05 0.00016769 0.00034287 0.00046768 0.00049132 0.00049783 0.00051168 0.00050048 0.00053651 0.00042044 0.00058542 0.00025822 0.00038472 0.0005393 0.00045809 0.00036055 0.00050015 0.00048958 0.00048436 0.00046469 0.00051114 0.00049895 0.00049599 0.00048375 0.00046732 0.00035493 0.00022971 0.00014307 0.00031736 0.000397 0.00047911 0.00055079 0.00049 0.00053379 0.00048473 0.00049571 0.00051317 0.00031332 0.00019156
0.00017661 0.00030796 0.00051354 0.00048959 0.00048004 0.00050229 0.00045846 0.00050221 0.00046605 0.00049209 0.00049252 0.00040065 0.00042698 0.00046058 0.00046919 0.00047312 0.00049046 0.00047183 0.00046901 0.0004223 0.00045671 0.00046942 0.0004451 0.00038451 0.00045472 0.0004105 0.00041107 0.00044125 0.00045184 0.00045118 0.00044312 0.00047036 0.00048874 0.0004868 0.00045866 0.00047738 0.00046814 0.0004615 0.00045701 0.00051545 0.00050363 0.00046432 0.00049977 0.00046691 0.00050651 0.00048698 0.00049494 0.00052471 0.00032507 0.00018303
0.00018641 0.00036341 0.00051342 0.00045869 0.00048197 0.00050261 0.00048283 0.00052918 0.00047942 0.00049529 0.00047967 0.00048907 0.00048896 0.00048511 0.0005091 0.00049374 0.00050461 0.00050663 0.00051877 0.00047064 0.00043246 0.00042676 0.00041431 0.00046247 0.00046108 0.00046154 0.00043007 0.00044307 0.00043175 0.00041819 0.00040835 0.00045039 0.0004814 0.00049833 0.00049692 0.00050549 0.00047225 0.00048239 0.00046567 0.00046942 0.00049184 0.00048032 0.00052715 0.00047252 0.00050662 0.00047563 0.00046179 0.00053334 0.00036659 0.00017291
0.00021694 0.00044725 0.00052053 0.00046867 0.00052887 0.00051279 0.00049257 0.00052084 0.00049601 0.00050177 0.00048509 0.00049109 0.00047458 0.00048369 0.00049166 0.0004972 0.00049369 0.00048082 0.00042597 0.00031776 0.00023845 0.00025017 0.00027805 0.00039864 0.00046368 0.00044536 0.00043074 0.00043146 0.00039502 0.00033232 0.00028513 0.00028939 0.00032562 0.0004061 0.00045332 0.00048793 0.00048925 0.0004927 0.00049791 0.00049816 0.00051098 0.00049758 0.00052401 0.00049354 0.00052636 0.00052234 0.00046859 0.00053991 0.00042892 0.00018897
0.00023363 0.00051321 0.00051232 0.00045059 0.00051121 0.00047721 0.00049136 0.00049698 0.00048478 0.00052991 0.00049973 0.00052845 0.00051994 0.0005263 0.00047133 0.00040084 0.00040195 0.00035738 0.00024386 0.00023159 0.00031249 0.00036135 0.00047553 0.00046331 0.00050536 0.0004765 0.00050316 0.00048927 0.00048366 0.00048555 0.00047078 0.00037785 0.00025802 0.00020429 0.00026757 0.00038812 0.00046302 0.00051925 0.00053723 0.00050332 0.00052571 0.0004737 0.00050794 0.00048197 0.00048533 0.0005115 0.0004527 0.00053276 0.00048853 0.00021289
0.00024985 0.00055166 0.00049753 0.0004611 0.00053356 0.00048762 0.00051679 0.00051751 0.00049133 0.00050996 0.00048227 0.00047826 0.00047738 0.00045883 0.00036557 0.00024298 0.00018285 0.00024948 0.00037788 0.00052225 0.00060733 0.0005976 0.0006088 0.00054745 0.00052027 0.00052993 0.00052332 0.00052984 0.00054621 0.00057401 0.00057157 0.00058937 0.00052682 0.00040745 0.00027591 0.00019234 0.00023154 0.00033813 0.00042357 0.00046853 0.00050095 0.00049658 0.0005262 0.00050061 0.00049686 0.00052917 0.000455 0.0005157 0.00053017 0.00023388
0.000271 0.00055914 0.00048831 0.00047595 0.00052872 0.00047619 0.00050383 0.00049304 0.00050352 0.00049864 0.00050567 0.00052814 0.00045664 0.00040835 0.00033498 0.00041424 0.00038587 0.00043187 0.00058574 0.00050306 0.0004903 0.00043041 0.00042886 0.00045704 0.00048026 0.00047805 0.00048329 0.00048143 0.00046244 0.00043882 0.00043967 0.00045532 0.00052483 0.00060465 0.00054117 0.00038638 0.00019891 0.00012002 0.00032048 0.00043697 0.00051524 0.00049042 0.00050135 0.00049996 0.00048468 0.00053621 0.00046281 0.00051273 0.00054753 0.00024466
0.00032006 0.00055047 0.00047385 0.00048191 0.00051223 0.00048305 0.00051504 0.00049817 0.00050183 0.00051532 0.00046618 0.00049332 0.0005096 0.00048389 0.00055063 0.00057497 0.00057501 0.00057331 0.00049175 0.00047689 0.0004828 0.00051378 0.00052356 0.00051842 0.00051412 0.00050804 0.00051209 0.00050812 0.00051037 0.00053679 0.00052619 0.00051925 0.00047465 0.00043876 0.00051841 0.00061146 0.00054222 0.00029628 8.7329e-05 0.00019589 0.00042809 0.00047766 0.00050857 0.00050773 0.00048285 0.00051573 0.00046577 0.00049654 0.0005564 0.00025912
0.00037982 0.00053229 0.0004701 0.00050721 0.00051153 0.00049047 0.00051497 0.00049766 0.00049892 0.0004794 0.00042544 0.00038464 0.00050215 0.00057033 0.00050597 0.00048165 0.00043874 0.00044633 0.00047646 0.00052513 0.00052397 0.00051902 0.00048479 0.00047423 0.00050972 0.00051715 0.00049088 0.00050578 0.00051655 0.00047362 0.00045867 0.00050472 0.00050854 0.00052147 0.00047118 0.00044211 0.0005849 0.00061578 0.00039196 7.1208e-05 0.00020445 0.0004319 0.00050569 0.00051284 0.00048255 0.00053508 0.00048435 0.00048134 0.00056467 0.0002858
0.00043078 0.00050707 0.0004791 0.00048991 0.00048962 0.00049069 0.0005029 0.00049438 0.00049106 0.00039565 0.00033141 0.00050116 0.00043354 0.00042251 0.00048036 0.00047605 0.00057971 0.00053201 0.00051549 0.00046953 0.00045314 0.00036581 0.00028311 0.00028736 0.00032313 0.00044624 0.00050259 0.0004964 0.00036453 0.00027703 0.00027863 0.00027523 0.00045156 0.00053296 0.00053189 0.00049961 0.00043473 0.00035329 0.00057082 0.00037602 7.0391e-05 0.0002925 0.00048289 0.00048644 0.00047693 0.00051523 0.0004721 0.00047621 0.00056368 0.00031715
0.00046508 0.00048602 0.00049073 0.00049842 0.00049716 0.00052314 0.00048779 0.00050395 0.00043914 0.00026627 0.00042555 0.00057501 0.00040715 0.00041883 0.00049184 0.00050288 0.00045158 0.00054732 0.00054883 0.00050814 0.00042662 0.0002546 0.00028723 0.00026349 0.00021908 0.00025508 0.00045505 0.00031765 0.00020292 0.0002544 0.00029794 0.00030071 0.00039373 0.00036387 0.00049426 0.00045203 0.00040935 0.0004668 0.00039738 0.00055495 0.00023671 0.00013073 0.00039094 0.0005044 0.00049811 0.00051851 0.00049016 0.00047148 0.00055324 0.00034632
0.00047151 0.00047734 0.0004871 0.00049468 0.00048334 0.0004945 0.00049875 0.00045777 0.00032487 0.00026122 0.0005686 0.00051907 0.00043755 0.00051659 0.00043239 0.00053773 0.00045379 0.00027615 0.00044625 0.00046385 0.00036857 0.00040304 0.00058672 0.00049899 0.00048056 0.00023574 0.00020126 0.00016897 0.00042219 0.00049633 0.00062113 0.00052967 0.0001715 0.00045836 0.00050138 0.00049204 0.00046851 0.000508 0.00050197 0.00053077 0.00044868 8.3908e-05 0.00028008 0.00047019 0.00048233 0.00049739 0.00048785 0.00047735 0.00053226 0.00036934
0.00047405 0.00048042 0.00048264 0.0004977 0.00049883 0.00049277 0.00051677 0.0004044 0.00019815 0.00036161 0.00055802 0.00045951 0.00048916 0.00048137 0.00052917 0.00048975 0.000525 0.00036865 0.0003054 0.00044093 0.00046031 0.00056815 0.00059531 0.00054117 0.00050314 0.00040087 6.4571e-05 0.00027199 0.00054258 0.00054788 0.00039068 0.00026711 0.00043976 0.00045818 0.00047569 0.00053675 0.00045704 0.00047198 0.00049518 0.00045485 0.00052798 0.00020427 0.00017489 0.00041665 0.0004988 0.00049646 0.00049437 0.00047482 0.00052037 0.00038958
0.00047264 0.0004818 0.00048662 0.0004916 0.00048016 0.0004958 0.00046703 0.00030435 0.00014055 0.00046964 0.00053968 0.00047092 0.0005431 0.0004884 0.00048713 0.00045086 0.00049133 0.00043234 0.00044945 0.00045429 0.00051398 0.00044801 0.00036069 0.000399 0.00023725 0.00018036 0.00012075 0.00015064 0.00023028 0.00034124 0.00032867 0.00035728 0.00054166 0.00044672 0.00050438 0.00049444 0.00048521 0.00051828 0.00054833 0.00045618 0.00061528 0.00028077 0.00010042 0.00038735 0.00048164 0.00049275 0.00049056 0.00047331 0.00052574 0.00039154
0.00047243 0.00048021 0.00048443 0.00048775 0.00049359 0.00050119 0.00043178 0.00023149 0.00017806 0.00052636 0.00052125 0.0004882 0.00049757 0.00047872 0.00053645 0.00049494 0.00052484 0.00050207 0.00049341 0.00047038 0.00045176 0.00053714 0.00045792 0.00017411 8.3202e-05 6.4562e-05 6.4576e-05 6.4562e-05 9.8387e-05 0.00034294 0.00046968 0.00051625 0.00051797 0.00048992 0.00051235 0.00052487 0.00048981 0.00048819 0.00046686 0.00042265 0.000608 0.0002992 0.00013887 0.000398 0.00048353 0.00049917 0.00048621 0.00046822 0.00053313 0.00038177
0.00045027 0.00048564 0.00048163 0.0004962 0.0004826 0.0004868 0.00041018 0.00017056 0.00023864 0.00053665 0.00044555 0.00046679 0.00049557 0.00047536 0.00040495 0.00031147 0.00034981 0.00041262 0.00045266 0.0005139 0.0005024 0.00048656 0.00038931 0.00013428 6.464e-05 0.00019544 0.00014791 0.00023517 9.3612e-05 0.00021406 0.00039583 0.00051841 0.00048967 0.00048527 0.00042049 0.00035784 0.00027465 0.00037347 0.00052706 0.00043369 0.00060006 0.00037408 0.00012505 0.00037667 0.00047626 0.0004972 0.00048971 0.0004725 0.00054152 0.00035642
0.00039154 0.00051328 0.00046999 0.00050092 0.0004857 0.00049627 0.00041394 0.00012062 0.00020087 0.00055725 0.00049306 0.00053853 0.00051204 0.00034403 0.00018862 7.9747e-05 0.00012361 0.00015485 0.00028529 0.00035638 0.00043944 0.0005232 0.00049318 0.00038334 0.00028215 0.00026805 0.00041078 0.0003494 0.00037044 0.00040162 0.00049862 0.00049584 0.0003903 0.0003095 0.00015233 0.00016 6.6531e-05 7.3789e-05 0.00025758 0.00040535 0.00055212 0.00034071 0.0001925 0.00040089 0.00049335 0.00050257 0.00048261 0.00047634 0.00054656 0.00032583
0.00032169 0.00054288 0.00047278 0.00048624 0.00049852 0.00048596 0.00040131 0.00015001 0.00021778 0.00051585 0.00044624 0.00045218 0.0004476 0.00032684 0.00013132 6.4652e-05 0.0001135 7.0761e-05 6.4827e-05 0.00013085 0.0002421 0.00040977 0.00054078 0.0005076 0.00049611 0.00053285 0.00052871 0.0005361 0.00052277 0.00056895 0.00047563 0.00029181 0.00014996 7.7456e-05 6.4694e-05 8.8992e-05 7.6598e-05 0.00012061 0.00022579 0.00042252 0.00059926 0.00034138 0.00017544 0.00039604 0.00047619 0.00051853 0.00047562 0.0004809 0.00055563 0.00029431
0.00027989 0.00055321 0.00048362 0.00047059 0.00052507 0.00048754 0.00043785 0.00021075 0.00012135 0.0004885 0.00054028 0.00053523 0.00054129 0.00039368 0.00017614 7.922e-05 0.00013765 0.00012602 0.00011731 8.2143e-05 7.1263e-05 0.0001202 0.00031899 0.00048665 0.00051934 0.00048785 0.00051292 0.00048944 0.00051296 0.00037074 0.00020351 7.219e-05 6.5915e-05 0.00013516 0.00010643 0.00018994 6.4498e-05 0.00010842 0.00032593 0.00047051 0.00054386 0.00026026 0.00024997 0.0004481 0.00048415 0.00052478 0.00046711 0.00049073 0.00055195 0.00027126
0.00024861 0.00052681 0.00051108 0.00046651 0.00052606 0.00047278 0.00047561 0.0003007 0.00011029 0.00037953 0.00050475 0.00037273 0.00042508 0.00054325 0.00036197 0.00011754 6.4818e-05 0.00013705 0.00011133 0.00014785 0.00011506 8.8078e-05 0.00011326 0.00031833 0.00047959 0.00045669 0.00049755 0.00047698 0.00040166 0.00016171 6.4761e-05 0.00010074 0.00015705 0.00010935 0.00011284 6.4441e-05 6.446e-05 0.00029478 0.0004476 0.00052741 0.00054427 0.00025772 0.00031333 0.00046099 0.0004918 0.00052069 0.00046837 0.00051531 0.00052477 0.00024404
0.00021813 0.00046849 0.00052789 0.00046692 0.0005192 0.00050083 0.00051287 0.00038095 8.1403e-05 0.00024501 0.00058608 0.00052837 0.00052844 0.00049938 0.00039082 0.00025642 7.1069e-05 0.00010035 0.00012206 6.4896e-05 0.00015034 0.0001188 0.00010895 7.8469e-05 0.0003486 0.00052227 0.00051027 0.00044428 0.00014545 6.4342e-05 0.00015492 0.00012763 7.6102e-05 9.4168e-05 0.0001521 0.00011202 0.00016719 0.00034631 0.00043866 0.00050657 0.00034112 0.00021656 0.00044238 0.00050127 0.00051109 0.00051455 0.00046348 0.00053538 0.0004663 0.00021014
0.00017873 0.00040955 0.0005418 0.00046654 0.00051183 0.00050335 0.00047896 0.00049869 0.00031411 0.00010759 0.00032788 0.00044878 0.00038374 0.00050514 0.00057736 0.00038859 0.00013129 6.4524e-05 0.00023027 0.00038456 0.00040214 0.00018419 0.00011385 0.0001085 0.00011008 0.00042291 0.00045692 0.0001903 0.00012417 0.00011304 0.00015281 0.00035942 0.0004827 0.00030222 8.6872e-05 6.4681e-05 0.00026904 0.00051337 0.00056766 0.0005144 0.00035889 0.00035526 0.00046193 0.00047217 0.00050072 0.00051522 0.00046416 0.00054759 0.00041835 0.00017905
0.0001939 0.00043263 0.00055297 0.00046473 0.00051647 0.00051984 0.00047318 0.00048732 0.0003412 0.00011632 0.00033178 0.00055386 0.00051384 0.00041997 0.00048249 0.00047544 0.00026271 8.5553e-05 8.3233e-05 0.0002367 0.00031207 0.00018046 6.5044e-05 0.00012507 0.00013457 0.00036621 0.00044371 0.00022721 0.00011959 8.3351e-05 0.00010782 0.00025693 0.00017678 0.0001594 6.4606e-05 0.00021685 0.00039321 0.00037017 0.00041505 0.00039546 0.00026723 0.00027428 0.00052043 0.00050134 0.00049785 0.00053267 0.00045851 0.00055353 0.00043689 0.00018914
0.00018288 0.00043516 0.00055913 0.00046286 0.00050582 0.00049648 0.00050301 0.00046072 0.0003053 0.0001069 0.00015595 0.00047531 0.00054369 0.00049154 0.00050249 0.00051013 0.00036377 0.00014544 8.1393e-05 0.00012473 6.4751e-05 7.6237e-05 0.00016569 7.7374e-05 0.0001356 0.00033284 0.00042932 0.00015199 0.00012562 0.00012886 0.00011308 7.2701e-05 0.00014882 9.631e-05 6.4766e-05 0.00021905 0.00045743 0.00056768 0.00055538 0.00038406 0.00022222 0.00036766 0.00049562 0.00048312 0.00049829 0.00050409 0.00046635 0.00056433 0.00043681 0.00018122
0.00017838 0.00042601 0.00054473 0.00045485 0.00053108 0.00050372 0.00047777 0.00048487 0.00030503 0.00012557 6.4748e-05 6.4484e-05 9.2183e-05 0.00041121 0.00059692 0.00051005 0.00041238 0.00023054 6.4692e-05 0.00012203 0.0001631 0.00013829 0.00012825 6.4687e-05 0.00020092 0.00051787 0.00046662 0.00032556 7.1317e-05 0.00011153 0.00014024 0.00014946 0.00011341 6.4634e-05 0.00015657 0.00043241 0.0005016 0.00043056 0.00041264 0.00027789 0.00019274 0.00034674 0.00048011 0.00046559 0.00053871 0.00049364 0.00046011 0.00056658 0.00041974 0.00017708
0.00018291 0.00043758 0.00054931 0.00047117 0.00051059 0.0005096 0.00049094 0.00016962 7.3183e-05 9.115e-05 0.00011919 0.00043569 0.00030863 6.4735e-05 6.4629e-05 0.00045766 0.000633 0.00035861 0.00014501 6.4812e-05 8.2475e-05 6.725e-05 9.4693e-05 0.0001268 0.00035183 0.00048511 0.00048514 0.00040681 0.00020838 9.233e-05 6.4537e-05 7.1146e-05 7.3896e-05 0.00013477 0.00031686 0.00049997 0.00030828 6.4552e-05 6.4576e-05 6.4589e-05 6.4528e-05 6.4775e-05 0.00038037 0.00054131 0.00049304 0.00052427 0.00045557 0.00055298 0.0004403 0.00017938
0.00017322 0.00042051 0.00055811 0.00046874 0.00051647 0.00052416 0.00032369 0.00041042 0.00042935 0.00026609 0.00019805 0.00050083 0.00052338 0.00044067 0.00042046 6.4541e-05 0.00015412 0.00056356 0.00039941 0.00021465 0.00014659 0.0001383 0.00021634 0.00033295 0.00053757 0.00051219 0.00053364 0.00050812 0.00040695 0.00022112 0.00018357 0.00016662 0.00018592 0.00037856 0.00020569 6.47e-05 9.054e-05 0.00035753 0.00059113 0.00027065 0.00024652 0.0003237 0.00020055 0.00032316 0.00052291 0.00052706 0.00047992 0.0005531 0.00042527 0.00017379
0.00017861 0.00043187 0.00055274 0.00047356 0.00051958 0.00045726 0.00042384 0.00049902 0.00049419 0.00040746 0.00013888 0.00030682 0.00058633 0.00047604 0.00059534 0.00056756 0.00039062 0.00012702 0.00021363 0.00042233 0.00036728 0.00036224 0.000418 0.00052822 0.0004783 0.00048529 0.00048753 0.00048792 0.00051477 0.00049147 0.00043056 0.0003211 0.00021314 9.6335e-05 0.00020132 0.00057951 0.00057661 0.00051022 0.00063366 0.00027328 0.00026521 0.00047121 0.00053164 0.00041891 0.00044141 0.00052871 0.0004674 0.00055521 0.00043006 0.00017383
0.00016695 0.000423 0.00057539 0.00047021 0.00048787 0.00051074 0.00044413 0.00049385 0.00038867 0.00026074 0.00016176 0.0001759 0.00034562 0.00033378 0.00049967 0.00047128 0.00051758 0.00069349 0.00051475 0.00026836 0.00026636 0.00039029 0.0004584 0.00046367 0.00048599 0.00049126 0.00048947 0.00048068 0.00039583 0.00029521 0.00016896 0.00021534 0.00043153 0.00065699 0.00059381 0.00049158 0.0004596 0.00051748 0.000375 8.1613e-05 0.00012956 0.00032846 0.00046628 0.0004566 0.00050536 0.00049376 0.00047978 0.00056869 0.00042794 0.00016942
0.00016594 0.0004224 0.00056463 0.00045613 0.00048568 0.00050051 0.00044897 0.00045845 0.00027931 6.5015e-05 8.0942e-05 8.5145e-05 6.4961e-05 0.00039497 0.00060278 0.00050508 0.00052177 0.00039657 0.00045474 0.0006154 0.00059537 0.00050967 0.00048618 0.00052297 0.00051697 0.00052687 0.00051363 0.00051111 0.00051719 0.00056939 0.00067798 0.00067474 0.00052267 0.00034753 0.00047151 0.00046573 0.00051884 0.00054342 0.00033124 0.00019366 6.4531e-05 0.00017511 0.0003904 0.00044428 0.00048361 0.00048068 0.00045682 0.00056936 0.00042032 0.00016443
0.00016478 0.00040726 0.00056123 0.00048311 0.00050316 0.0005049 0.0004634 0.00032044 0.0001064 6.4542e-05 0.00015543 0.00013639 0.00012542 0.0002345 0.00034634 0.00043969 0.00041328 0.00059816 0.00054275 0.00049737 0.00045939 0.00052561 0.0004909 0.00046399 0.00044901 0.00045123 0.00045082 0.0004728 0.00048033 0.00049917 0.00041999 0.00041817 0.00053728 0.00064427 0.00056331 0.0005212 0.00051992 0.00036373 6.4353e-05 0.0001085 7.3857e-05 8.8666e-05 0.00027378 0.00044872 0.00051364 0.00049403 0.00049119 0.00055637 0.00041412 0.00016583
0.0001618 0.0003766 0.000543 0.00047138 0.00046433 0.00048344 0.00045025 0.0003373 0.00015796 6.4639e-05 0.00012501 8.2497e-05 9.2311e-05 0.00021445 0.00043214 0.00050736 0.00039121 0.00036112 0.00032409 0.00042394 0.00046585 0.00045779 0.00052052 0.00054614 0.00058122 0.00056259 0.00058139 0.00054426 0.0005283 0.00047115 0.00051072 0.0005154 0.00037376 0.00032031 0.00032419 0.0003714 0.00033317 0.00021471 0.00011488 0.00015546 0.00012264 6.478e-05 0.00022293 0.00041849 0.00048978 0.00045507 0.00047568 0.00055285 0.00038247 0.00016324
0.0001701 0.00035454 0.00053806 0.00051483 0.00048394 0.00048653 0.00044336 0.00027763 9.0386e-05 6.4579e-05 0.00011387 0.00011648 0.00010706 0.00013632 0.00026837 0.00046233 0.00047773 0.00052356 0.00053603 0.00046245 0.00041036 0.00041382 0.00036061 0.00033803 0.00031491 0.00032306 0.00031733 0.00033074 0.00036358 0.00039233 0.00039823 0.00038822 0.00050549 0.00053077 0.00051476 0.00060174 0.00032995 0.00012061 7.2425e-05 9.2709e-05 9.3203e-05 6.4769e-05 0.00021613 0.00044085 0.0005093 0.00047 0.00050563 0.00054134 0.00035471 0.00016599
0.00016882 0.00031553 0.00045939 0.00041158 0.00037561 0.00039252 0.00040693 0.00041074 0.00021772 6.4698e-05 0.00012364 0.00014142 7.9591e-05 0.00015473 0.00012794 0.0001212 0.00020977 0.00037285 0.0004593 0.00049555 0.00055074 0.00052895 0.00056846 0.00057098 0.00058683 0.00057409 0.00058905 0.00057439 0.00056795 0.00054309 0.00055287 0.00053711 0.00048264 0.00049107 0.0005378 0.00023777 6.4665e-05 0.00013083 0.00010961 0.00016395 0.00010951 6.7056e-05 0.00021873 0.00037115 0.00043047 0.00039718 0.0004522 0.00050113 0.00032663 0.00016936
0.00016164 0.00031273 0.00047818 0.00048306 0.00049492 0.0005232 0.00052349 0.00045446 0.00023556 6.6803e-05 0.00010325 0.00012302 0.00010533 0.00013634 9.2696e-05 0.00011469 7.16e-05 0.0001105 0.00028057 0.00046327 0.00048206 0.00046569 0.00046795 0.00044688 0.00045612 0.00044368 0.00045092 0.00044582 0.00045926 0.0004648 0.00046479 0.00047586 0.00053046 0.00044436 0.0001828 0.00012215 0.00015414 9.9602e-05 9.6401e-05 0.00010292 6.4731e-05 0.00011309 0.00031458 0.00047148 0.00048225 0.00043455 0.00043605 0.00044818 0.00029963 0.0001651
0.00014965 0.00036571 0.0005938 0.00053583 0.00048152 0.00052918 0.00048979 0.00050304 0.00044075 0.00016716 6.4698e-05 0.0001428 0.00010315 9.1278e-05 0.00013826 8.9316e-05 0.00015921 0.00012198 0.00018014 0.00049089 0.00055215 0.00050163 0.00053705 0.00051012 0.0005342 0.00051739 0.00053132 0.00051631 0.0005256 0.00051767 0.00056007 0.00052478 0.00032449 0.00013314 0.00014813 9.0897e-05 9.4634e-05 0.00011025 0.00015304 0.00010044 0.00015491 0.00036715 0.00051141 0.00053199 0.00052202 0.00049772 0.00054042 0.000568 0.0003469 0.00015382
0.00014545 0.00035319 0.00055266 0.00049591 0.00047077 0.00052173 0.00047461 0.00049971 0.00048263 0.00028264 0.00011273 6.4341e-05 0.0001793 0.0001092 0.00012882 0.0001388 9.5187e-05 8.4478e-05 0.00028757 0.00038965 0.0003875 0.00048394 0.00047889 0.00053073 0.00050406 0.00052589 0.00049439 0.00050425 0.00045968 0.00040149 0.00020642 6.9553e-05 8.1906e-05 0.00010089 8.0862e-05 0.0001129 0.0001718 0.00010206 6.4403e-05 0.00015801 0.0003975 0.00052072 0.00048304 0.00049259 0.00053975 0.00047603 0.00052001 0.00057813 0.00035689 0.00014706
0.00014071 0.00033833 0.00053926 0.00048816 0.00046198 0.00052446 0.00049201 0.0004935 0.00052172 0.00043283 0.00023554 6.8863e-05 7.1547e-05 0.00012151 0.00010835 7.4836e-05 9.7141e-05 0.00019547 0.00044594 0.00042791 0.00030723 0.00022373 0.00020258 0.00022355 0.00021997 0.00021235 0.00018073 0.00015106 8.617e-05 0.00010562 0.00015989 0.00027011 0.00038793 0.00030611 0.00021926 6.4649e-05 6.4575e-05 6.4717e-05 0.00016974 0.00041688 0.00049188 0.00053058 0.00049617 0.00047549 0.000528 0.00045014 0.00048224 0.00053813 0.00033039 0.00014251
0.00013772 0.00033614 0.00055955 0.00051531 0.00046062 0.00052684 0.00049337 0.0004753 0.0005005 0.0005002 0.00045217 0.00028545 0.0001446 8.4468e-05 9.7196e-05 0.00017272 0.00024271 0.00040726 0.00053983 0.000476 0.00050186 0.00046853 0.000381 0.00027103 0.00020757 0.00017295 0.00019802 0.00022171 0.0003129 0.00038285 0.00047278 0.00049053 0.00053416 0.00054558 0.00041895 0.00034259 0.00028411 0.00024974 0.00037524 0.00048944 0.00048033 0.00049741 0.00046997 0.00049802 0.00052147 0.00045451 0.00051837 0.00053954 0.00031891 0.00013935
0.00014431 0.00032077 0.00054479 0.00052372 0.00047172 0.0005468 0.00052245 0.00049998 0.00053194 0.00048541 0.00051701 0.00048418 0.00039009 0.00036119 0.00036128 0.00033893 0.0004219 0.00052752 0.00044657 0.00052836 0.00049369 0.00052609 0.00050324 0.00053679 0.00051263 0.00054301 0.00051534 0.00053783 0.000512 0.00052938 0.00052148 0.00049783 0.00049263 0.00046069 0.00052062 0.00046584 0.00048746 0.00051513 0.00051644 0.00050835 0.0004856 0.0005344 0.0005115 0.000524 0.00054862 0.00047886 0.00053065 0.00054087 0.00030683 0.00014564
0.00014917 0.00029328 0.00051822 0.00051195 0.00043912 0.00048888 0.00047598 0.00047707 0.00051347 0.0004785 0.0004905 0.00049273 0.00049794 0.00047508 0.00045146 0.00049836 0.00048989 0.00049336 0.00051393 0.00049466 0.00049062 0.00049457 0.00049 0.00048947 0.00049215 0.00048931 0.00049325 0.0004849 0.00049129 0.00048037 0.00048605 0.00048984 0.0005071 0.0004905 0.00049304 0.00047768 0.00046949 0.00045746 0.00048795 0.00049937 0.00048969 0.0005127 0.0004609 0.00048019 0.00048555 0.00043909 0.00052012 0.00051071 0.00028322 0.00015257
0.00016527 0.00026127 0.00048892 0.00053706 0.00049181 0.0005449 0.00053318 0.00048508 0.00051316 0.00048998 0.00050392 0.00048639 0.00046017 0.00048883 0.00048934 0.0004963 0.0004819 0.00050188 0.00047876 0.00050644 0.00049959 0.00050624 0.00050005 0.00050494 0.00049542 0.00050156 0.00049377 0.00050348 0.00049809 0.00050573 0.00050751 0.00050067 0.00050331 0.00049681 0.00050531 0.00049477 0.00052937 0.00049974 0.0004923 0.00049562 0.00048545 0.00051308 0.000491 0.00052799 0.00054018 0.00048913 0.00053467 0.00048179 0.00025225 0.00016665
0.00019398 0.00022493 0.00043734 0.00051189 0.0004498 0.00047728 0.00050456 0.00049207 0.0005192 0.00049839 0.00049456 0.00050572 0.00050752 0.0005137 0.00048698 0.00049071 0.00048973 0.00049848 0.00050247 0.00049776 0.00049615 0.00050095 0.00049848 0.00050112 0.0005015 0.00050291 0.00050334 0.00050132 0.00050197 0.00049949 0.00049593 0.0004956 0.00049588 0.00048937 0.00049952 0.0004821 0.00047975 0.00048613 0.00051308 0.00049767 0.00049782 0.000515 0.00049039 0.00051083 0.00047607 0.00045226 0.00051546 0.00043599 0.00022463 0.00019504
0.00023271 0.00018688 0.00034935 0.00050442 0.0004995 0.00047017 0.00048288 0.00045804 0.00046625 0.00047979 0.00047985 0.00048821 0.00046841 0.00047536 0.00048337 0.00050199 0.00049542 0.00049366 0.00049265 0.0004977 0.00049828 0.00049632 0.00049797 0.00049709 0.00049563 0.00049582 0.0004934 0.0004971 0.00049334 0.00049653 0.00049655 0.00049862 0.00049803 0.00049821 0.00049269 0.00049733 0.00050768 0.00048296 0.00048061 0.00047911 0.00048575 0.00046903 0.00045675 0.00047651 0.00046955 0.00049953 0.00050538 0.00035125 0.00018649 0.00023259
0.00026652 0.00018698 0.00024179 0.00043909 0.00054553 0.00055359 0.00057415 0.00056906 0.00053189 0.00051896 0.00049499 0.0004945 0.00050139 0.00050203 0.00049936 0.00048429 0.0004946 0.00049585 0.00050005 0.00049572 0.00049904 0.00049842 0.00050042 0.00049955 0.00050106 0.00050014 0.00050194 0.00050041 0.00050117 0.00050074 0.00049801 0.00049901 0.00049455 0.00049789 0.00049584 0.00049502 0.00048499 0.00050089 0.00050402 0.00049822 0.00051486 0.00053013 0.00057095 0.00057555 0.00055257 0.00054497 0.00043794 0.00024099 0.00018481 0.0002648
0.0002491 0.00025284 0.00022631 0.00024588 0.00025997 0.00026103 0.00029682 0.00034493 0.00039107 0.00044298 0.00046727 0.00048127 0.00048616 0.0004844 0.00049126 0.00049437 0.00049676 0.00049328 0.00049656 0.0004965 0.00049856 0.00049671 0.00049843 0.00049793 0.00049837 0.00049718 0.00049824 0.00049794 0.00049716 0.00049681 0.00049722 0.00049715 0.00049579 0.00049705 0.00049264 0.000496 0.00049245 0.00048851 0.00047923 0.0004684 0.00044505 0.00039243 0.00034544 0.00029773 0.00026229 0.00026007 0.00024579 0.00022585 0.00025356 0.00024992
