0.00033099 0.00030395 0.00029358 0.00031118 0.00031004 0.00034648 0.00036916 0.00037415 0.00039457 0.00042561 0.00047343 0.00048471 0.00047506 0.00045687 0.0004283 0.0004116 0.00038156 0.0003677 0.00032542 0.00037381 0.00029326 0.00040943 0.00023615 0.0004441 0.00035005 0.00042217 0.00030772 0.00036882 0.00032432 0.0003464 0.00033821 0.00036582 0.0003723 0.0004018 0.00040859 0.00042938 0.00045127 0.0004837 0.00049008 0.00045705 0.00039974 0.0003821 0.00036843 0.00036028 0.00033063 0.00030253 0.00030359 0.00028481 0.00031448 0.00032813
0.00032553 0.00026361 0.00042742 0.00052539 0.000536 0.00055169 0.00054461 0.0005671 0.00055532 0.00050467 0.00046402 0.00046698 0.0004857 0.0005 0.00053159 0.00053358 0.0005521 0.00057 0.00053546 0.00060983 0.0004797 0.00066334 0.00031997 0.00054867 0.00051507 0.00054676 0.00044053 0.00058 0.00053198 0.000559 0.0005305 0.00057036 0.00054861 0.00054721 0.00053563 0.00053527 0.00048768 0.00045778 0.00042231 0.00045617 0.00053118 0.00057834 0.00057258 0.00054515 0.00054282 0.00052941 0.00051184 0.00040076 0.00025717 0.00033045
0.00027338 0.00036559 0.00049579 0.00046682 0.00046195 0.00046724 0.00044163 0.0004324 0.00044055 0.00053336 0.0005861 0.0005393 0.00050883 0.00049597 0.00044769 0.00045758 0.00044791 0.00046427 0.00042609 0.00050253 0.00039159 0.00058496 0.00032325 0.00049011 0.00042906 0.00043374 0.00045226 0.00048751 0.00044855 0.00046825 0.00045102 0.0004577 0.00045004 0.00045824 0.00044588 0.0004573 0.00050603 0.00056192 0.00063637 0.0006461 0.00051595 0.00041942 0.00042087 0.00044111 0.00047969 0.00046625 0.00047936 0.00048958 0.00034544 0.00028451
0.0002662 0.00043288 0.0005097 0.00044705 0.00048773 0.0004857 0.00050329 0.00049801 0.00045016 0.00036037 0.00028775 0.00044495 0.00045875 0.00046712 0.00049293 0.00050183 0.00050196 0.00050315 0.00049516 0.00056736 0.00042337 0.0006197 0.00027964 0.00050436 0.00053145 0.00049394 0.00044718 0.00052211 0.00048816 0.00049666 0.00049169 0.00051321 0.00050272 0.00049848 0.00049753 0.00049329 0.00044888 0.0003751 0.00028826 0.00017471 0.00031341 0.00042941 0.00049785 0.00049629 0.0004799 0.00048408 0.00044455 0.00050587 0.00041518 0.00025785
0.00024817 0.00042966 0.00052305 0.00048031 0.00052577 0.00049151 0.00049062 0.00051253 0.00045329 0.00045131 0.00035875 0.00023522 0.00031245 0.00042332 0.00046223 0.00048486 0.00048102 0.00049266 0.00047464 0.00048572 0.00043679 0.00052532 0.0003711 0.00040329 0.00049859 0.00044259 0.00041107 0.00047932 0.00047847 0.00047549 0.00046014 0.00048015 0.00048922 0.00048162 0.00047894 0.00045892 0.00044082 0.00036851 0.00034377 0.00042123 0.00049162 0.00046159 0.00051189 0.00050008 0.00049189 0.00053061 0.00047945 0.00052201 0.00043302 0.00025157
0.00024339 0.00043911 0.0005013 0.00044424 0.00049101 0.00045822 0.00048719 0.0004805 0.00047621 0.00050003 0.00048722 0.00048597 0.00048056 0.00049485 0.00047327 0.00049056 0.00048382 0.00048328 0.00047701 0.00045821 0.00047703 0.00047253 0.0004792 0.00044302 0.0004714 0.00044271 0.00044561 0.00044332 0.00045807 0.0004543 0.00047328 0.00047486 0.00049462 0.00047787 0.0004826 0.00047479 0.00049467 0.0004772 0.00049429 0.00048613 0.00049777 0.00046906 0.00047836 0.00048526 0.00045692 0.00049381 0.00044594 0.00051054 0.00045377 0.00024178
0.00027078 0.0004806 0.00049385 0.00047378 0.00053063 0.00048553 0.00051802 0.00050848 0.00049153 0.00048071 0.00046538 0.00047411 0.0004647 0.00048355 0.00049563 0.00049646 0.00049273 0.00051062 0.00050957 0.00044825 0.00037494 0.00036823 0.00034814 0.00043458 0.00047354 0.00045725 0.00042015 0.00042676 0.00041107 0.00037472 0.00035682 0.00039064 0.00046035 0.00049285 0.00050663 0.00049136 0.00048226 0.00045732 0.00046308 0.00045088 0.00048899 0.00049617 0.00051099 0.00051574 0.00048664 0.00053317 0.00046486 0.0005052 0.00048563 0.00025132
0.000295 0.00052537 0.0004788 0.0004739 0.00050744 0.00046707 0.00049688 0.00047253 0.00050425 0.00049475 0.00051352 0.00049993 0.00049305 0.00049924 0.00047717 0.00049458 0.00048155 0.00045118 0.0003385 0.00022838 0.0001671 0.0001945 0.00026818 0.00037865 0.00046899 0.00042468 0.00044124 0.00041629 0.00038929 0.00030678 0.00028467 0.00023035 0.00025302 0.00030074 0.00039925 0.0004559 0.00050767 0.00050764 0.00053391 0.000524 0.00050528 0.00049622 0.00047292 0.00050159 0.00046814 0.00051595 0.00046996 0.00049331 0.0005221 0.00027275
0.0003141 0.00055607 0.00046117 0.00047989 0.00050986 0.0004743 0.00052225 0.00048305 0.00050395 0.00049611 0.00047942 0.00050196 0.00050259 0.00050552 0.00042851 0.0003291 0.00032801 0.00030007 0.00020934 0.00030799 0.00041515 0.00049483 0.00058054 0.00051173 0.00052278 0.00050079 0.00052843 0.00051083 0.00054317 0.00055467 0.00057111 0.0004642 0.00033199 0.00018349 0.00020893 0.00029587 0.00039161 0.00045347 0.00048421 0.0004668 0.00049122 0.00049856 0.00049039 0.00051701 0.00046901 0.00051513 0.00047055 0.00047425 0.00054755 0.00029723
0.00032468 0.00056583 0.00045782 0.00050361 0.00050814 0.00047961 0.00050784 0.00048369 0.0005027 0.00048321 0.00051087 0.00046705 0.00047624 0.00040867 0.0002901 0.00021658 0.00014439 0.00026114 0.000447 0.00055483 0.00057053 0.00051909 0.00051398 0.00049807 0.00049356 0.00049549 0.00049464 0.00049014 0.00049763 0.00048825 0.0004981 0.0005227 0.00056563 0.00050584 0.00036082 0.00016676 0.00014486 0.00025267 0.0004023 0.00049183 0.00049006 0.00050517 0.00048485 0.00051073 0.00047755 0.00052078 0.00049457 0.00046872 0.00056205 0.00031009
0.00035008 0.00055851 0.00045095 0.00049266 0.00049154 0.00047694 0.00050693 0.00047833 0.00051239 0.00048413 0.00049913 0.00051692 0.00046465 0.00039293 0.00039806 0.00049928 0.00045901 0.00053324 0.00055378 0.0004585 0.00046286 0.00043341 0.00045497 0.0004579 0.00049489 0.00047163 0.00049958 0.0004778 0.00048393 0.00045464 0.00047132 0.00045255 0.0004806 0.00052658 0.00057111 0.00051173 0.00032305 8.3584e-05 0.00017233 0.00035901 0.0004684 0.00050758 0.00047307 0.0005122 0.00046737 0.00050139 0.00048072 0.00046139 0.00056702 0.00031999
0.00038725 0.00053856 0.00046016 0.00051513 0.00049899 0.00049704 0.00050521 0.00049256 0.00049701 0.00049285 0.00046302 0.00044266 0.00048857 0.00049835 0.0005692 0.00051311 0.00052582 0.00050147 0.00045845 0.00050393 0.00050908 0.00054354 0.0005402 0.00052799 0.00051108 0.000508 0.00050287 0.00050062 0.00051623 0.00053742 0.00053523 0.00052333 0.00050555 0.00043588 0.00045722 0.00052359 0.00055642 0.00044952 0.0001197 7.1779e-05 0.00031835 0.00047567 0.00048797 0.00051712 0.00048893 0.00050988 0.00050762 0.00045895 0.00056306 0.00033587
0.0004251 0.00051746 0.00046429 0.00049746 0.00047777 0.0004846 0.00049811 0.00048276 0.00050225 0.00044894 0.0003746 0.00040541 0.00051394 0.00052823 0.00045108 0.00047766 0.00045377 0.00046189 0.00050843 0.00049875 0.00048786 0.00045747 0.00040545 0.0004149 0.00047419 0.00049843 0.00048004 0.00049527 0.00048521 0.00041029 0.00039272 0.00045075 0.00048152 0.00054681 0.00052104 0.0004513 0.00052035 0.00053919 0.00050885 0.00019359 7.5273e-05 0.00036334 0.00048072 0.00049841 0.00047067 0.0004911 0.00049673 0.00045076 0.00056236 0.00035493
0.00045658 0.00049658 0.00048219 0.00049748 0.00049944 0.00050323 0.00049672 0.00050145 0.00046025 0.00031966 0.00034598 0.0005473 0.00040646 0.00044781 0.00050808 0.0005033 0.00056616 0.00053655 0.00048579 0.00046848 0.0004563 0.00032599 0.00027416 0.00023144 0.0002849 0.00039639 0.00052281 0.00046365 0.0003403 0.00024481 0.00026326 0.00022806 0.0004152 0.00047633 0.00047518 0.00052571 0.00042948 0.00041407 0.00044024 0.00047229 0.00010646 0.00017522 0.00043499 0.00050309 0.00049017 0.00050613 0.00050405 0.00045409 0.00055198 0.00037821
0.0004718 0.0004818 0.00049111 0.00048198 0.00048546 0.00049515 0.00047612 0.00049159 0.00037053 0.00024656 0.00050827 0.00051089 0.00044402 0.0004774 0.00045095 0.00048542 0.00040851 0.00050614 0.00053141 0.00050912 0.00034624 0.00021482 0.00029309 0.00027349 0.00021584 0.00018471 0.00039063 0.00024775 0.00016729 0.00023136 0.00031131 0.00031935 0.00029687 0.00039733 0.00049002 0.00046297 0.00044043 0.00050808 0.0004755 0.00052667 0.00036348 6.6547e-05 0.00028175 0.0004852 0.00048331 0.00048734 0.0004986 0.00045964 0.0005403 0.00039525
0.00047657 0.00047969 0.00048435 0.00049584 0.00049108 0.00050147 0.00050095 0.00043964 0.00022758 0.00031456 0.00057992 0.00046357 0.0004867 0.00047464 0.00049018 0.0005504 0.00048596 0.00036178 0.00042153 0.00044524 0.00034266 0.00054567 0.00064516 0.00056668 0.00053149 0.00028005 0.00013429 0.00017778 0.00047331 0.00061168 0.00060769 0.00059465 0.00026722 0.00040425 0.00048881 0.00051517 0.00048078 0.00045559 0.00048103 0.00046996 0.00049617 0.00012815 0.0001899 0.00044311 0.00049217 0.00049326 0.00049759 0.00046678 0.0005218 0.00041133
0.00047603 0.00048188 0.00048401 0.00049207 0.00047975 0.00048856 0.00048818 0.00032985 0.00016338 0.0004429 0.00050606 0.00045761 0.00049639 0.00049044 0.00049856 0.00044219 0.00049425 0.00038864 0.00041296 0.00046726 0.00050837 0.00048913 0.0004568 0.00048593 0.00041158 0.00037755 6.4596e-05 0.00025281 0.00044326 0.00044492 0.00036574 0.00028118 0.00049331 0.00046686 0.0004846 0.00048418 0.00048339 0.00049305 0.00053075 0.00048421 0.00050181 0.00030975 7.612e-05 0.00033244 0.00048972 0.00048246 0.00049756 0.00047106 0.00051544 0.00042178
0.00047715 0.00047992 0.00048703 0.00048546 0.00049129 0.00049675 0.00045545 0.00022098 0.00013135 0.00053969 0.00049142 0.00052679 0.00050554 0.00048545 0.00048774 0.00049684 0.00050652 0.00046441 0.00048521 0.00044235 0.00049749 0.00045943 0.00046223 0.00035325 0.00021215 7.1412e-05 0.0001361 6.7713e-05 0.00019661 0.00037122 0.00045571 0.00044473 0.00050893 0.00047328 0.00048535 0.00051614 0.00049653 0.00046308 0.00050639 0.00044242 0.00056698 0.00037872 6.4579e-05 0.00032839 0.00049109 0.00048402 0.00049539 0.00046501 0.00051742 0.00042352
0.00047483 0.00048147 0.00048598 0.0004851 0.00048782 0.00048444 0.00038031 0.0001598 0.00026016 0.00051756 0.00047285 0.00046946 0.00046573 0.00050431 0.00050994 0.00046471 0.0004973 0.00049009 0.00048999 0.00049053 0.00047902 0.00051501 0.00043318 0.00011082 6.4791e-05 0.00010288 6.4729e-05 9.4129e-05 7.5458e-05 0.00022318 0.00046135 0.00047903 0.00052523 0.00047207 0.00052116 0.00047017 0.0004797 0.00049839 0.00051457 0.00044339 0.00054089 0.0004326 7.1788e-05 0.00030603 0.00047796 0.00048332 0.00050102 0.00046294 0.00052555 0.000415
0.0004611 0.00048467 0.0004802 0.00049202 0.00048314 0.00049573 0.00036303 0.00010155 0.00028183 0.00052975 0.0004561 0.00052508 0.00050106 0.00044758 0.00030911 0.00024771 0.00028377 0.00033304 0.0004434 0.00046548 0.00051685 0.00045226 0.00041899 0.00017608 0.000116 0.00017319 0.0001977 0.00021811 0.0001329 0.00020363 0.00039932 0.00050451 0.00048856 0.00045716 0.00037662 0.00030219 0.00025533 0.00021493 0.00045459 0.00046344 0.00052302 0.00046375 0.00010739 0.00031052 0.00048005 0.00048298 0.000496 0.00045944 0.00053173 0.00039942
0.00042557 0.00050666 0.00047329 0.00049881 0.00047719 0.00049467 0.00032236 6.8242e-05 0.00031365 0.00051645 0.00047643 0.00050027 0.0004422 0.00031129 0.00012508 6.5038e-05 8.7127e-05 0.00010981 0.00020914 0.00028811 0.00040228 0.00053664 0.0005228 0.00042599 0.00033987 0.00034539 0.00044635 0.0003744 0.00041298 0.0004724 0.00052912 0.00046626 0.0003424 0.0002242 0.00012584 7.1608e-05 6.4653e-05 6.4746e-05 0.00017697 0.0003843 0.00050849 0.00045062 0.00013894 0.00031851 0.00048778 0.00049087 0.00050026 0.00046234 0.00054202 0.00037865
0.00037881 0.00053571 0.00045763 0.00049889 0.00048714 0.00049456 0.00035254 7.9115e-05 0.00026847 0.000496 0.00046555 0.00049384 0.00048444 0.00026396 6.4609e-05 9.8678e-05 0.00012282 6.4916e-05 6.9257e-05 6.9016e-05 0.00019759 0.0002904 0.00050344 0.00047915 0.00051956 0.00054298 0.00052671 0.00054584 0.00051 0.00051082 0.00040476 0.00023844 9.0983e-05 7.6149e-05 8.1618e-05 0.00011855 0.00012937 6.4295e-05 0.00020787 0.00038005 0.00055563 0.00043928 0.00012535 0.00034916 0.0004773 0.00049693 0.000493 0.00045384 0.00055229 0.00035697
0.00034755 0.00055571 0.00045642 0.00049648 0.00049888 0.00047852 0.00038179 0.00013252 0.00020596 0.00048718 0.0005119 0.00049195 0.00047413 0.00034938 0.00015148 7.8603e-05 0.00012402 0.00011313 0.00014019 9.738e-05 6.4802e-05 9.5839e-05 0.00027887 0.00047255 0.00049949 0.00044683 0.00048452 0.00046103 0.00048962 0.00037677 0.00014555 6.4246e-05 8.3716e-05 0.00013517 9.4449e-05 0.00010984 8.8027e-05 6.444e-05 0.00023715 0.00044635 0.00052091 0.00037278 0.00015891 0.00039115 0.00047943 0.00050223 0.0004999 0.00045804 0.00056018 0.00033953
0.00032246 0.00055152 0.0004629 0.0004965 0.00050261 0.00048219 0.00046439 0.00019386 0.00010418 0.00043793 0.00049626 0.00042834 0.00052598 0.00048828 0.00024065 6.6898e-05 9.3627e-05 0.0001046 7.3957e-05 0.00012419 0.00012162 8.858e-05 6.4946e-05 0.0002356 0.00046084 0.00050464 0.0005019 0.00050856 0.00034862 0.0001003 6.5168e-05 0.00011949 0.00011908 9.9945e-05 0.00010281 0.00012032 6.4615e-05 0.00018008 0.00043558 0.00050268 0.00057001 0.00030537 0.00022376 0.00046895 0.00047681 0.00050847 0.00048464 0.00046846 0.00055094 0.00031769
0.00029577 0.00052954 0.00048448 0.00048344 0.00050456 0.00048114 0.00049528 0.00030289 6.4729e-05 0.00033083 0.00053775 0.00044773 0.00048359 0.00047957 0.00041444 0.00015314 6.4224e-05 0.00014034 0.00010306 0.00010003 8.9477e-05 0.0001409 0.00012012 8.3571e-05 0.00027344 0.00048008 0.00050318 0.0003565 0.000138 6.9268e-05 0.00017037 8.7021e-05 9.7988e-05 8.4924e-05 0.0001136 0.0001003 7.8874e-05 0.00029688 0.00041641 0.00048215 0.00043557 0.0002105 0.00034234 0.00049979 0.00047775 0.00051792 0.00047778 0.00049175 0.00053061 0.00028936
0.00025867 0.00050025 0.00049454 0.00047491 0.00052052 0.00048188 0.00051927 0.00042155 0.00019081 0.00012694 0.00045283 0.00050974 0.00048388 0.0005033 0.00046864 0.00030043 6.6909e-05 7.5151e-05 0.00022459 0.00037932 0.00043707 0.00013592 7.2479e-05 0.00010611 7.0504e-05 0.00043175 0.00046451 0.00019584 0.00011799 8.3151e-05 0.00010547 0.00034916 0.000452 0.00031555 0.00015185 6.4719e-05 0.00020214 0.00038778 0.0005515 0.00052574 0.00038113 0.00027123 0.00042572 0.0005169 0.00047169 0.00052424 0.00046523 0.00049884 0.00050478 0.00025827
0.00026185 0.00051065 0.00050766 0.00046302 0.00052344 0.00047053 0.00047542 0.00050753 0.00030727 7.2856e-05 0.00036036 0.00044824 0.00039091 0.00051469 0.00055935 0.00037383 0.00017967 6.4863e-05 0.00015089 0.00021943 0.00026548 0.00012228 0.00012833 9.1805e-05 0.00015671 0.00029421 0.00045632 0.00018735 9.5157e-05 0.00011912 0.00010214 0.00017654 0.00024066 0.00013891 9.7915e-05 6.4905e-05 0.00029681 0.00044956 0.00044676 0.00049559 0.00030268 0.00030348 0.00043999 0.00050235 0.00046236 0.00052681 0.00047468 0.00050032 0.00051886 0.00025995
0.00026494 0.00052171 0.00050107 0.00047381 0.00051468 0.000488 0.0005256 0.00039892 0.00025086 6.8403e-05 0.00037067 0.00065606 0.00058001 0.00040236 0.00043587 0.00050966 0.00028791 7.006e-05 7.3654e-05 0.00010514 6.996e-05 9.2617e-05 8.2307e-05 0.00010458 6.6029e-05 0.00036909 0.00041416 0.00018664 9.5633e-05 0.00011472 6.493e-05 0.00012078 6.9426e-05 0.00012731 7.2482e-05 0.00016531 0.000418 0.00045515 0.00046083 0.00042972 0.00023306 0.00024512 0.00047421 0.00053816 0.00047388 0.00051723 0.0004701 0.00050253 0.00052343 0.00026113
0.00025 0.00051255 0.00049842 0.00046599 0.00052161 0.00046283 0.00048193 0.00052585 0.00034144 6.4541e-05 7.316e-05 6.9202e-05 0.00023972 0.00060509 0.00063793 0.00041443 0.00033989 0.00016761 7.7724e-05 0.00015852 8.2998e-05 0.00015965 0.00012245 9.8928e-05 0.00014947 0.00047706 0.00047571 0.00025236 8.8351e-05 0.00010723 0.00015785 8.327e-05 0.0001521 8.2348e-05 7.4484e-05 0.00022788 0.00044538 0.00055819 0.00057807 0.000485 0.0002122 0.0003699 0.00046824 0.00044336 0.00048683 0.00051735 0.00045406 0.00051893 0.00051326 0.00024899
0.00026298 0.00052015 0.00049473 0.00048057 0.00051716 0.00050002 0.00050718 0.00015659 0.00014132 7.8024e-05 0.00028649 0.00057675 0.0003201 6.459e-05 0.00019579 0.00064049 0.00053499 0.00022575 7.0361e-05 6.4458e-05 0.00011497 6.4755e-05 6.4969e-05 9.3984e-05 0.00030567 0.00050701 0.00048759 0.00042279 0.00017603 6.4747e-05 6.7568e-05 0.0001057 6.4991e-05 6.7432e-05 0.0001968 0.0004967 0.00056649 0.00013253 6.4524e-05 9.7806e-05 6.4959e-05 9.6785e-05 0.00033992 0.00061195 0.00045867 0.00053536 0.00046513 0.00049483 0.00052386 0.00025755
0.00024731 0.00051153 0.00051768 0.00045374 0.00053523 0.00045337 0.00036165 0.00050778 0.00049464 0.00020204 0.00018944 0.00051618 0.00048756 0.00059548 0.00044128 6.7991e-05 0.00038389 0.00052431 0.00029687 0.00015497 6.5302e-05 0.00013751 0.00016389 0.00032383 0.00049066 0.00049876 0.00048543 0.00049627 0.00036588 0.00022017 0.00011889 9.428e-05 0.00014507 0.00024929 0.00037465 0.00012686 0.00011679 0.00036704 0.00069274 0.00049844 0.00019124 0.00040578 0.00028267 0.00030617 0.00049477 0.00051567 0.00047937 0.00050775 0.00051459 0.00025059
0.00025543 0.00051889 0.00049748 0.00047953 0.00052766 0.0004354 0.0005115 0.00043903 0.00044472 0.00032643 0.00010556 0.00041369 0.00048985 0.00043649 0.00053744 0.00060721 0.00038093 0.00020942 0.00036702 0.00038582 0.00034164 0.00030533 0.0003936 0.00050277 0.00049233 0.00051029 0.00050225 0.00051084 0.00050874 0.00046659 0.00038384 0.00035218 0.00024698 0.00023653 0.00021265 0.00052293 0.00072604 0.0004441 0.00053859 0.00024458 0.00016505 0.00038949 0.00055051 0.0005166 0.00041097 0.00054049 0.00047109 0.00050291 0.00051785 0.00025039
0.00024321 0.00051822 0.00052683 0.00044898 0.00051913 0.00044967 0.00046147 0.00049708 0.00035537 0.00017673 0.00011051 0.00018445 0.00022095 0.00043344 0.00050957 0.00040966 0.00054551 0.00064319 0.00044077 0.00034308 0.00034954 0.00044492 0.00048516 0.00047321 0.00047198 0.0004583 0.00047089 0.00045613 0.00043668 0.00038959 0.00031877 0.00025178 0.00041611 0.00055289 0.00064004 0.00044835 0.0003582 0.0005142 0.00046546 0.0001671 7.3184e-05 0.00025261 0.00039168 0.00045662 0.00046987 0.0005019 0.00046811 0.00051676 0.00051998 0.00024742
0.00024189 0.00052051 0.00050658 0.00045336 0.00052478 0.0004621 0.00051536 0.00035932 0.00012053 6.4587e-05 7.4624e-05 6.4494e-05 9.0431e-05 0.00040946 0.0005326 0.00054336 0.00048413 0.00039198 0.00051027 0.00056247 0.000541 0.00047641 0.00047082 0.00050579 0.00052138 0.00053629 0.00052364 0.00052036 0.0005063 0.00049647 0.00057357 0.00063329 0.00054968 0.00040806 0.00040776 0.00052126 0.00058194 0.00052444 0.00031876 0.00013503 0.00011652 6.8797e-05 0.00032981 0.00049078 0.00045092 0.00052425 0.0004493 0.00051713 0.00051832 0.00024026
0.00024112 0.00050618 0.00051961 0.00046945 0.00050099 0.00048378 0.00040708 0.00025239 6.5013e-05 0.00010171 0.00017223 0.00010296 0.00015567 0.00022329 0.00044984 0.00037647 0.00048281 0.00056891 0.00049845 0.00049567 0.00047562 0.00053832 0.00048632 0.00048451 0.00043038 0.00045361 0.00042981 0.00046713 0.00046916 0.00052953 0.00047105 0.0004197 0.00048251 0.00058615 0.00058095 0.00047497 0.00042819 0.00041046 0.0001088 7.4638e-05 9.9325e-05 6.4604e-05 0.00015034 0.00036934 0.00049729 0.00049042 0.00047104 0.00051471 0.00050851 0.00024279
0.00023574 0.00048821 0.00051283 0.0004578 0.00050058 0.00048103 0.00044037 0.0002259 6.9354e-05 0.00010484 6.4856e-05 7.3566e-05 0.00010304 0.00021463 0.00044314 0.00053829 0.00041019 0.00038034 0.00039248 0.00044907 0.00044926 0.00046452 0.00048654 0.00053895 0.00054508 0.0005718 0.00054163 0.0005654 0.00049054 0.00048267 0.00044217 0.00055246 0.00041856 0.00038825 0.00033632 0.00043129 0.00045777 0.00018333 0.00013864 0.00010385 0.0001602 6.459e-05 0.00014523 0.00037255 0.00048552 0.00050235 0.00045875 0.00052298 0.0004929 0.00023789
0.00023835 0.00046583 0.0005275 0.000473 0.0004835 0.00048137 0.00037901 0.00021155 6.4653e-05 9.1494e-05 0.00014536 0.0001061 0.00010922 9.6851e-05 0.00028387 0.00037184 0.00048993 0.00052255 0.00053815 0.00046066 0.00046484 0.00044063 0.00042479 0.0003814 0.00037185 0.00036102 0.00037007 0.00036695 0.0004067 0.00044322 0.00045416 0.00040778 0.00047499 0.00054256 0.00052649 0.0005688 0.00028774 0.00013067 8.0774e-05 6.5761e-05 9.4879e-05 6.4365e-05 0.00010918 0.00031791 0.00050643 0.00047078 0.00046132 0.00052219 0.00046944 0.00023442
0.00023627 0.00043813 0.0004787 0.00043004 0.00044087 0.00043342 0.00046552 0.00031021 0.00010239 7.3614e-05 0.00011342 7.3209e-05 0.00011948 0.00015946 0.000113 9.0009e-05 0.0001551 0.00030998 0.00044139 0.00048674 0.00051607 0.00051153 0.00052099 0.00056133 0.00054445 0.00058053 0.00054366 0.00058475 0.00051915 0.00053504 0.00048536 0.00056456 0.00046978 0.0004917 0.00047323 0.00026094 8.0702e-05 8.9074e-05 0.00012533 0.00011788 0.00015962 6.4687e-05 0.00014211 0.00035224 0.00045983 0.00047045 0.0004463 0.00051285 0.00044988 0.00023634
0.0002282 0.00042498 0.00048379 0.00045035 0.00049043 0.00048629 0.00049846 0.00037023 0.00012774 6.5632e-05 0.00015299 9.5401e-05 0.00011085 6.6167e-05 9.1908e-05 0.00012272 7.9507e-05 0.0001449 0.0002354 0.00048588 0.00047542 0.00048822 0.00046937 0.00045671 0.00044844 0.0004405 0.00044522 0.00043891 0.0004615 0.00047747 0.00048701 0.00045497 0.00051081 0.00045477 0.00019674 0.00012453 0.0001071 0.00013487 7.6987e-05 8.9977e-05 7.4694e-05 6.4575e-05 0.00018318 0.000391 0.00048117 0.00044331 0.00042069 0.00046631 0.00041761 0.00023065
0.0002211 0.000488 0.00056422 0.00048499 0.00053712 0.00050471 0.00050721 0.00048111 0.00027708 8.0677e-05 7.1585e-05 0.00012495 7.728e-05 0.00016495 9.336e-05 9.7002e-05 0.000103 9.8063e-05 0.00016308 0.00049669 0.0005176 0.00049365 0.00051127 0.00051224 0.00052554 0.00052671 0.00052693 0.00052658 0.00051622 0.00050065 0.00051835 0.00052309 0.00031891 0.00011183 0.00011616 8.6024e-05 9.6134e-05 8.3774e-05 0.00011486 0.00013458 0.00010105 0.00021382 0.00045191 0.00053223 0.00051783 0.00053086 0.00049193 0.00054795 0.00046303 0.00022314
0.00021638 0.0004814 0.00053432 0.0004378 0.00050066 0.00046731 0.00046927 0.00052238 0.0003953 0.00018418 6.4642e-05 0.00014123 0.00010563 6.472e-05 0.00012021 0.00011439 0.00013647 7.9368e-05 0.00030543 0.00035963 0.00042409 0.00045048 0.00050045 0.00048074 0.00050724 0.00047034 0.00048383 0.00044887 0.00044098 0.00038476 0.00023066 6.83e-05 6.8831e-05 0.00011453 7.9799e-05 0.00012772 0.00011136 0.00015469 7.0047e-05 9.694e-05 0.00026133 0.0004689 0.00051283 0.00045966 0.00049824 0.00049328 0.00045603 0.00055191 0.00048817 0.00021735
0.00021088 0.00046739 0.00052793 0.00046144 0.0005269 0.00050128 0.0005002 0.00049493 0.00047737 0.00033384 9.7214e-05 6.4628e-05 0.00011092 0.00015073 0.00010633 7.7806e-05 6.4858e-05 0.00014742 0.00043169 0.00040769 0.00026862 0.00020562 0.00018154 0.00022984 0.00021124 0.00023001 0.00017925 0.00017656 9.1591e-05 9.3848e-05 0.00011811 0.00022928 0.00034604 0.00030121 0.00015962 8.4155e-05 6.4591e-05 6.4653e-05 7.9502e-05 0.00025792 0.00047372 0.00049448 0.00051504 0.00048483 0.00050085 0.00053134 0.0004505 0.00053248 0.00046536 0.00021132
0.00020744 0.00046887 0.00054087 0.00044089 0.00049086 0.00049281 0.00046524 0.0005036 0.00050145 0.0004823 0.00034949 0.00016813 7.1575e-05 6.4717e-05 6.4869e-05 0.00015623 0.00019275 0.00044342 0.00051493 0.00048872 0.00048562 0.00047105 0.00034469 0.00025353 0.00015769 0.0001452 0.00014214 0.00018648 0.00025149 0.0003708 0.00043819 0.00049288 0.00048673 0.0005496 0.00042602 0.00029163 0.00019342 0.00019272 0.00027388 0.00044638 0.00051417 0.00047053 0.00050389 0.00046594 0.00049002 0.00048489 0.00043983 0.00053418 0.0004549 0.00020622
0.00020838 0.00046009 0.00055129 0.00046837 0.00052902 0.00051774 0.00049327 0.00050921 0.00046912 0.00051343 0.0004925 0.00043229 0.00031582 0.00027068 0.00030177 0.00028946 0.0004553 0.00047267 0.00047729 0.00049516 0.00049849 0.00049563 0.00050382 0.00051241 0.00051627 0.000523 0.00051976 0.00052052 0.00051535 0.00050051 0.00051107 0.00049805 0.00049627 0.00047379 0.00048126 0.00050581 0.00048179 0.00048985 0.00050185 0.00048526 0.00049151 0.00048001 0.00051761 0.00049025 0.00052469 0.00052776 0.00047305 0.00055439 0.00044695 0.00020832
0.00021126 0.0004363 0.00053475 0.00044477 0.00048287 0.00049459 0.00046785 0.00052367 0.00049165 0.00048897 0.00048865 0.00049502 0.00049969 0.00048699 0.00048848 0.00047166 0.0004995 0.00049563 0.00050818 0.00048591 0.00049989 0.00048663 0.00049693 0.00047882 0.00049007 0.00047641 0.00048717 0.00047615 0.00048503 0.00048853 0.00048521 0.0004865 0.00048416 0.0004995 0.00048565 0.00048859 0.00044378 0.00048736 0.00048476 0.00050152 0.00050662 0.00048788 0.00051724 0.00046907 0.00049469 0.00048203 0.00044983 0.0005359 0.00042991 0.00021152
0.00021556 0.00040932 0.00053572 0.00047242 0.00050433 0.0005059 0.00047343 0.00049398 0.00046812 0.00050091 0.00048614 0.00047381 0.00047514 0.00045545 0.00048587 0.00049538 0.00048829 0.0004779 0.0004901 0.00049078 0.00049235 0.00049333 0.00049261 0.00049846 0.00049428 0.00049992 0.00049341 0.00050196 0.00049324 0.00049528 0.00049097 0.00050409 0.00049405 0.00049872 0.0004812 0.00050122 0.00051077 0.00049274 0.00047602 0.00047788 0.00048818 0.00047528 0.00049506 0.00046631 0.00050706 0.00049862 0.00047178 0.0005352 0.00040002 0.00021629
0.00023632 0.00036812 0.00051465 0.00047803 0.00049532 0.00052838 0.00049743 0.00052575 0.00050523 0.00049598 0.00049725 0.00049295 0.00050771 0.00050968 0.00050029 0.00046676 0.00049728 0.00049381 0.00049755 0.00049018 0.00050002 0.00049155 0.0004991 0.0004887 0.00049581 0.00048861 0.00049554 0.00048843 0.000495 0.00049595 0.00049495 0.00048897 0.00048585 0.00049335 0.00049225 0.00049333 0.00046629 0.00050462 0.00049794 0.00050824 0.00049937 0.00049821 0.00052471 0.00050361 0.00052724 0.00049531 0.00048008 0.00051283 0.00036649 0.00023581
0.00026737 0.00031302 0.00047355 0.00047312 0.00044161 0.00045646 0.00044512 0.00045963 0.00046645 0.00047698 0.0004864 0.00047836 0.0004806 0.00046131 0.00048497 0.00050364 0.00048946 0.00048536 0.00049155 0.00049122 0.00048905 0.00049187 0.00048981 0.00049447 0.00049219 0.00049475 0.00049203 0.00049483 0.00049106 0.0004897 0.00048924 0.00049616 0.00049349 0.00049272 0.00048338 0.00049312 0.00049687 0.00048189 0.0004721 0.00047903 0.00047618 0.00047383 0.0004579 0.0004403 0.00045761 0.0004409 0.00047457 0.00047611 0.00031365 0.00026835
0.00031548 0.00024711 0.00040716 0.00054124 0.00055207 0.00056852 0.00056242 0.00053165 0.00052231 0.00049612 0.00049308 0.0004893 0.00049284 0.00050424 0.00049124 0.00047987 0.00049065 0.00049519 0.00049089 0.00049331 0.00049414 0.00049375 0.00049466 0.0004927 0.00049337 0.00049194 0.000494 0.00049173 0.00049468 0.000494 0.00049589 0.00048951 0.0004925 0.00049047 0.00049724 0.00048865 0.00048644 0.00049632 0.00049831 0.00049928 0.00049691 0.00051818 0.0005324 0.00056483 0.00056582 0.00055189 0.00054053 0.00040621 0.00024641 0.00031267
0.00031988 0.00029586 0.00030204 0.00033048 0.00032408 0.00034404 0.00037652 0.00040349 0.00044204 0.0004625 0.00047749 0.00048394 0.00048379 0.00048401 0.00048608 0.0004951 0.00048882 0.00049095 0.00049093 0.00049297 0.00049085 0.00049279 0.00049163 0.00049387 0.00049266 0.0004935 0.00049268 0.00049345 0.00049233 0.00049153 0.00049203 0.00049232 0.00049263 0.00049011 0.0004906 0.00048852 0.00049196 0.00048357 0.00048286 0.000476 0.00046346 0.00044371 0.00040408 0.00037698 0.00034531 0.00032469 0.00033049 0.00030196 0.00029563 0.00032103
