-6.0086e-16 -2.1233e-16 6.3542e-16 1.8886e-15 3.6003e-15 5.8488e-15 7.7236e-15 9.7786e-15 1.1706e-14 1.0025e-14 6.9686e-15 6.466e-15 3.4731e-15 0.00036414 0.00052624 0.00030306 3.5052e-15 7.4321e-15 1.0414e-14 1.3291e-14 1.3518e-14 1.3531e-14 1.3069e-14 1.0371e-14 7.2403e-15 7.2602e-15 1.0655e-14 1.3231e-14 1.3578e-14 1.3201e-14 1.0525e-14 6.9284e-15 6.2889e-15 3.824e-15 0.00040642 0.00050509 3.5478e-15 6.3007e-15 6.1406e-15 7.0435e-15 9.7222e-15 1.081e-14 9.0272e-15 6.6866e-15 4.716e-15 2.7848e-15 1.1815e-15 6.3981e-17 -6.7591e-16 -1.0303e-15
-4.1523e-16 5.8701e-17 8.6455e-16 2.356e-15 4.1815e-15 6.0621e-15 9.4788e-15 9.179e-15 7.2315e-15 4.2e-15 0.00059437 0.00059437 0.00059437 0.00059437 0.00059437 0.00059437 0.00059437 0.00059437 4.2168e-15 7.1548e-15 6.4243e-15 6.9508e-15 1.0472e-14 7.4441e-15 0.00059437 0.00059437 4.9025e-15 7.3603e-15 6.3058e-15 7.313e-15 4.2584e-15 0.00041817 0.00059437 0.00059437 0.00059437 0.00059437 0.00059437 0.00059437 0.00059437 0.00033125 4.4109e-15 6.9257e-15 6.9202e-15 7.6011e-15 5.4177e-15 3.1363e-15 1.6318e-15 2.959e-16 -4.5976e-16 -8.5252e-16
-8.797e-19 4.3889e-16 1.5897e-15 2.9299e-15 5.299e-15 7.5359e-15 8.9312e-15 5.523e-15 0.00059437 0.00059437 0.00059437 0.00059437 0.00059437 0.00059437 0.00059437 0.00059437 0.00059437 0.00059437 0.00059437 0.00059437 0.00059437 0.00059437 6.6484e-15 7.1213e-15 0.00059437 0.00059437 9.1088e-16 0.00059437 0.00059437 0.00038058 0.00059437 0.00059437 0.00059437 0.00059437 0.00059437 0.00059437 0.00059437 0.00059437 0.00059437 0.00059437 0.00059437 0.00039468 7.2805e-15 9.3175e-15 6.0305e-15 4.3985e-15 2.2446e-15 8.5335e-16 -4.1965e-17 -5.035e-16
5.542e-16 1.1846e-15 2.265e-15 4.4443e-15 5.8445e-15 1.002e-14 7.8609e-15 0.00059437 0.00059437 0.00059437 0.00059437 0.00059437 0.00059437 0.00059437 0.00059437 0.00059437 0.00059437 0.00059437 0.00059437 0.00059437 0.00059437 0.00059437 6.0031e-15 6.633e-15 0.00059437 0.00059437 8.9933e-16 0.00059437 0.00059437 0.00038058 0.00059437 0.00059437 0.00059437 0.00059437 0.00059437 0.00059437 0.00059437 0.00059437 0.00059437 0.00059437 0.00059437 0.00059437 5.2524e-15 1.0188e-14 8.4532e-15 5.2433e-15 3.3266e-15 1.6873e-15 5.1897e-16 4.05e-17
1.3016e-15 1.9714e-15 3.4894e-15 5.1976e-15 8.5609e-15 1.0472e-14 4.9632e-15 0.00059437 0.00059437 0.00059437 0.00059437 0.00059437 3.6878e-15 7.3576e-15 3.8569e-15 0.00059437 0.00059437 0.00059437 0.00059437 0.00059437 0.00059437 0.00059437 6.0859e-15 6.5684e-15 0.00059437 0.00059437 9.6112e-16 0.00059437 0.00059437 0.00038058 0.00059437 0.00059437 0.00059437 0.00059437 0.00059437 3.976e-15 7.262e-15 3.6201e-15 0.00059437 0.00059437 0.00059437 0.00059437 0.00059437 5.9479e-15 9.1107e-15 6.8855e-15 4.7795e-15 2.4945e-15 1.3915e-15 6.9241e-16
2.1723e-15 2.9406e-15 4.715e-15 6.7271e-15 9.3419e-15 6.0329e-15 0.00059437 0.00059437 0.00059437 0.00059437 0.00059437 3.7659e-15 1.047e-14 1.3245e-14 1.042e-14 4.1876e-15 0.00059437 0.00059437 0.00059437 0.00059437 0.00059437 0.00059437 6.0424e-15 6.6167e-15 0.00059437 0.00059437 9.5126e-16 0.00059437 0.00059437 0.00038058 0.00059437 0.00059437 0.00059437 0.00059437 4.0901e-15 1.0536e-14 1.3262e-14 1.0429e-14 3.7281e-15 0.00059437 0.00059437 0.00059437 0.00059437 0.00059437 8.164e-15 1.018e-14 5.2733e-15 3.9423e-15 2.2031e-15 1.5489e-15
3.1278e-15 4.1049e-15 5.5149e-15 9.5998e-15 7.4883e-15 0.00059437 0.00059437 0.00059437 0.00059437 0.00059437 0.00059437 7.2355e-15 1.3181e-14 1.2608e-14 1.3339e-14 7.1279e-15 0.00059437 0.00059437 0.00059437 0.00059437 0.00059437 0.00059437 6.1015e-15 6.4177e-15 0.00059437 0.00059437 7.6132e-16 0.00059437 0.00059437 0.00038058 0.00059437 0.00059437 0.00059437 0.00059437 6.9001e-15 1.3364e-14 1.2628e-14 1.3193e-14 7.2868e-15 0.00059437 0.00059437 0.00059437 0.00059437 0.00059437 5.0353e-15 9.2886e-15 7.3985e-15 4.9464e-15 3.3309e-15 2.4691e-15
4.2488e-15 5.2207e-15 6.7552e-15 1.0716e-14 7.1286e-15 0.00059437 0.00059437 0.00059437 0.00059437 0.00059437 0.00059437 3.8744e-15 1.0353e-14 1.325e-14 1.2786e-14 6.4153e-15 0.00059437 0.00059437 0.00059437 0.00059437 0.00059437 0.00059437 6.1705e-15 6.728e-15 0.00059437 0.00059437 1.0058e-15 0.00059437 0.00059437 0.00037588 0.00059437 0.00059437 0.00059437 0.00059437 6.2129e-15 1.2743e-14 1.314e-14 1.0395e-14 3.9682e-15 0.00059437 0.00059437 0.00059437 0.00059437 0.00059437 0.00059437 7.3771e-15 9.8268e-15 5.9435e-15 4.5066e-15 3.5372e-15
5.5436e-15 6.3338e-15 8.0709e-15 1.0902e-14 6.5345e-15 0.00059437 0.00059437 0.00059437 0.00059437 0.00059437 0.00059437 0.00037823 4.094e-15 6.8391e-15 6.1178e-15 3.467e-15 0.00059437 0.00059437 0.00059437 0.00059437 3.586e-16 0.00059437 3.2808e-15 3.5085e-15 0.00059437 0.00059437 1.194e-15 6.6896e-16 0.00059437 5.9648e-16 0.00059437 0.00059437 0.00059437 0.00059437 3.3688e-15 6.0959e-15 6.73e-15 3.9609e-15 0.00059437 0.00059437 0.00059437 0.00059437 0.00059437 0.00059437 0.00059437 6.6201e-15 1.0862e-14 7.2397e-15 5.6227e-15 4.7762e-15
7.0216e-15 7.9072e-15 8.6557e-15 1.1417e-14 6.919e-15 0.00059437 0.00059437 0.00059437 0.00059437 0.00059437 0.00059437 0.00059437 0.00059437 0.00059437 0.00059437 0.00059437 0.00059437 0.00059437 0.00059437 0.00059437 0.00059437 0.00059437 0.00059437 0.00054033 5.4296e-16 5.3405e-16 0.00059437 0.00059437 0.00059437 0.00059437 0.00059437 0.00059437 0.00059437 0.00059437 0.00059437 0.00059437 0.00059437 0.00059437 0.00059437 0.00059437 0.00059437 0.00059437 0.00059437 0.00059437 0.00059437 7.0724e-15 1.096e-14 8.2788e-15 7.1451e-15 6.1127e-15
8.4637e-15 9.3722e-15 1.132e-14 1.0062e-14 4.321e-15 0.00059437 0.00059437 0.00059437 0.00059437 0.00059437 0.00059437 0.00059437 0.00059437 0.00059437 0.00059437 0.00059437 0.00059437 0.00059437 0.00059437 0.00059437 0.00059437 0.00059437 0.00059437 0.00059437 0.00059437 0.00059437 0.00059437 0.00059437 0.00059437 0.00059437 0.00059437 0.00059437 0.00059437 0.00059437 0.00059437 0.00059437 0.00059437 0.00059437 0.00059437 0.00059437 0.00059437 0.00059437 0.00059437 0.00059437 0.00059437 4.7339e-15 1.0425e-14 9.9421e-15 8.2201e-15 7.7626e-15
1.0139e-14 8.4785e-15 7.5103e-15 4.435e-15 0.00059437 0.00059437 0.00059437 0.00059437 0.00059437 0.00059437 0.00059437 0.00059437 0.00059437 0.00059437 0.00059437 0.00059437 0.00059437 0.00059437 0.00059437 0.00059437 0.00059437 0.00059437 0.00059437 0.00059437 0.00059437 0.00059437 0.00059437 0.00059437 0.00059437 0.00059437 0.00059437 0.00059437 0.00059437 0.00059437 0.00059437 0.00059437 0.00059437 0.00059437 0.00059437 0.00059437 0.00059437 0.00059437 0.00059437 0.00059437 0.00059437 0.00059437 5.7131e-15 1.0847e-14 1.017e-14 9.1798e-15
1.1762e-14 6.363e-15 0.00058967 0.00059437 0.00059437 0.00059437 0.00059437 0.00059437 0.00059437 0.00059437 0.00059437 0.00059437 0.00059437 0.00059437 0.00059437 0.00059437 0.00059437 0.00059437 0.00059437 0.00059437 0.00059437 0.00059437 0.00059437 0.00059437 0.00059437 0.00059437 0.00059437 0.00059437 0.00059437 0.00059437 0.00059437 0.00059437 0.00059437 0.00059437 0.00059437 0.00059437 0.00059437 0.00059437 0.00059437 0.00059437 0.00059437 0.00059437 0.00059437 0.00059437 0.00059437 0.00059437 0.00059437 5.8595e-15 1.0248e-14 1.0405e-14
1.2288e-14 6.7285e-15 0.00059437 0.00059437 0.00059437 0.00059437 0.00059437 0.00059437 0.00059437 0.00059437 0.00059437 0.00059437 0.00059437 0.00059437 0.00059437 0.00059437 0.00059437 0.00059437 0.00059437 0.00059437 0.00059437 0.00059437 0.00059437 0.00059437 0.00059437 0.00059437 0.00059437 0.00059437 0.00059437 0.00059437 0.00059437 0.00059437 0.00059437 0.00059437 0.00059437 0.00059437 0.00059437 0.00059437 0.00059437 0.00059437 0.00059437 0.00059437 0.00059437 0.00059437 0.00059437 0.00059437 0.00059437 0.00059437 6.7683e-15 1.2155e-14
1.034e-14 4.3532e-15 0.00059437 0.00059437 0.00059437 0.00059437 0.00059437 0.00059437 0.00059437 0.00059437 0.00059437 0.00059437 0.00059437 0.00059437 0.00059437 0.00059437 0.00059437 0.00059437 0.00059437 0.00059437 0.00059437 0.00059437 0.00059437 0.00059437 0.00059437 0.00059437 0.00059437 0.00059437 0.00059437 0.00059437 0.00059437 0.00059437 0.00059437 0.00059437 0.00059437 0.00059437 0.00059437 0.00059437 0.00059437 0.00059437 0.00059437 0.00059437 0.00059437 0.00059437 0.00059437 0.00059437 0.00059437 0.00059437 6.6483e-15 1.265e-14
4.4667e-15 0.00059437 0.00059437 0.00059437 0.00059437 0.00059437 0.00059437 0.00059437 0.00059437 0.00059437 0.00059437 0.00059437 0.00059437 0.00059437 0.00059437 0.00059437 0.00059437 0.00059437 0.00059437 0.00059437 0.00059437 0.00059437 0.00059437 0.00059437 0.00059437 0.00059437 0.00059437 0.00059437 0.00059437 0.00059437 0.00059437 0.00059437 0.00059437 0.00059437 0.00059437 0.00059437 0.00059437 0.00059437 0.00059437 0.00059437 0.00059437 0.00059437 0.00059437 0.00059437 0.00059437 0.00059437 0.00059437 0.00059437 4.3352e-15 1.015e-14
0.00048865 0.00059437 0.00059437 0.00059437 0.00059437 0.00059437 0.00059437 0.00059437 0.00059437 0.00059437 0.00059437 0.00059437 0.00059437 2.8376e-16 5.1207e-16 6.7071e-16 0.00059437 0.00059437 0.00059437 0.00059437 0.00059437 0.00059437 0.00059437 0.00059437 0.00059437 0.00059437 0.00059437 0.00059437 0.00059437 0.00059437 0.00059437 0.00059437 0.00059437 0.00059437 8.0532e-16 4.138e-16 3.304e-16 5.7141e-16 0.00059437 0.00059437 0.00059437 0.00059437 0.00059437 0.00059437 0.00059437 0.00059437 0.00059437 0.00059437 0.00059437 7.3559e-15
0.00059437 0.00059437 0.00059437 0.00059437 0.00059437 0.00059437 0.00059437 0.00059437 0.00059437 0.00059437 0.00059437 0.00059437 0.00059437 0.00059437 0.00059202 7.5162e-16 0.00059437 0.00059437 3.9333e-15 3.5805e-15 0.00059437 0.00059437 0.00059437 0.00059437 0.00059437 0.00059437 0.00059437 0.00059437 0.00059437 0.00059437 3.6304e-15 4.0024e-15 0.00059437 0.00059437 7.8956e-16 0.00059437 0.00059437 0.00059437 0.00059437 0.00059437 0.00059437 0.00059437 0.00059437 0.00059437 0.00059437 0.00059437 0.00059437 0.00059437 0.00059437 3.3379e-15
0.00059437 0.00059437 0.00059437 0.00059437 0.00059437 0.00059437 0.00059437 0.00059437 0.00059437 0.00059437 0.00059437 0.00059437 0.00059437 0.00059437 0.00059437 0.00059437 0.00059437 0.00059437 6.1248e-15 9.4843e-15 3.4904e-15 0.00059437 0.00059437 0.00059437 0.00059437 0.00059437 0.00059437 0.00059437 0.00059437 4.1684e-15 1.0242e-14 6.2164e-15 0.00059437 0.00059437 0.00059437 0.00059437 0.00059437 0.00059437 0.00059437 0.00059437 0.00059437 0.00059437 0.00059437 0.00059437 0.00059437 0.00059437 0.00059437 0.00059437 0.00059437 0.00038528
0.00059437 0.00059437 0.00059437 0.00059437 0.00059437 0.00059437 0.00059437 0.00059437 0.00059437 0.00059437 0.00059437 0.00059437 0.00059437 0.00059437 0.00059437 0.00059437 0.00059437 0.00059437 2.4543e-15 6.1684e-15 3.9805e-15 0.00059437 0.00059437 0.00059437 0.00059437 0.00059437 0.00051919 0.00059437 3.8929e-15 8.3618e-15 6.9289e-15 2.4598e-15 0.00059437 0.00059437 0.00059437 0.00059437 0.00059437 0.00059437 0.00059437 0.00059437 0.00059437 0.00059437 0.00059437 0.00059437 0.00059437 0.00059437 0.00059437 0.00059437 0.00059437 3.553e-15
4.6188e-15 0.00059437 0.00059437 0.00059437 0.00059437 0.00059437 0.00059437 0.00059437 0.00059437 0.00059437 0.00059437 0.00059437 0.00059437 0.00059437 0.00059437 0.00059437 0.00059437 0.00059437 0.00059437 0.00059437 7.0434e-16 0.00059437 0.00059437 4.1495e-15 6.1535e-15 6.2575e-15 3.8447e-15 0.00059437 4.2979e-15 4.3054e-15 0.00059437 0.00059437 0.00059437 0.00059437 0.00059437 0.00059437 0.00059437 0.00059437 0.00059437 0.00059437 0.00059437 0.00059437 0.00059437 0.00059437 0.00059437 0.00059437 0.00059437 0.00059437 0.00059437 7.3336e-15
1.0571e-14 4.2406e-15 0.00059437 0.00059437 0.00059437 0.00059437 0.00059437 0.00059437 0.00059437 0.00059437 0.00059437 0.00059437 0.00059437 0.00059437 0.00059437 0.00059437 0.00059437 0.00059437 0.00059437 0.00059437 0.00059437 0.00059437 0.00059437 4.2446e-15 1.0154e-14 1.025e-14 3.9645e-15 0.00059437 6.7808e-16 0.00059437 0.00059437 0.00059437 0.00059437 0.00059437 0.00059437 0.00059437 0.00059437 0.00059437 0.00059437 0.00059437 0.00059437 0.00059437 0.00059437 0.00059437 0.00059437 0.00059437 0.00059437 0.00059437 4.0453e-15 9.8632e-15
1.2068e-14 6.8985e-15 0.00059437 0.00059437 0.00059437 0.00059437 0.00059437 0.00059437 0.00059437 0.00059437 0.00059437 0.00059437 0.00059437 0.00059437 0.00059437 0.00059437 0.00059437 0.00059437 0.00059437 0.00059437 0.00059437 0.00059437 0.00059437 0.00038058 4.2154e-15 4.2134e-15 0.00056617 0.00059437 0.00059437 0.00059437 0.00059437 0.00059437 0.00059437 0.00059437 0.00059437 0.00059437 0.00059437 0.00059437 0.00059437 0.00059437 0.00059437 0.00059437 0.00059437 0.00059437 0.00059437 0.00059437 0.00059437 0.00059437 6.896e-15 1.2046e-14
1.1131e-14 8.34e-15 6.5654e-15 3.554e-15 0.00059437 0.00059437 0.00059437 0.00059437 0.00059437 0.00059437 0.00059437 0.00059437 0.00059437 0.00059437 0.00059437 0.00059437 0.00059437 0.00059437 0.00059437 0.00059437 0.00059437 0.00059437 0.00059437 0.00059437 0.00059437 0.00059437 0.00059437 0.00059437 0.00059437 0.00059437 0.00059437 0.00059437 0.00059437 0.00059437 0.00059437 0.00059437 0.00059437 0.00059437 0.00059437 0.00059437 0.00059437 0.00059437 0.00059437 0.00059437 0.00059437 0.00059437 3.5385e-15 6.6043e-15 8.3558e-15 1.1106e-14
1.0002e-14 1.066e-14 1.238e-14 6.6712e-15 0.00059437 0.00059437 0.00059437 0.00059437 0.00059437 0.00059437 0.00059437 0.00059437 0.00059437 0.00059437 0.00059437 0.00059437 0.00059437 0.00059437 0.00059437 0.00059437 0.00059437 0.00059437 0.00059437 0.00059437 0.00059437 0.00059437 0.00059437 0.00059437 0.00059437 0.00059437 0.00059437 0.00059437 0.00059437 0.00059437 0.00059437 0.00059437 0.00059437 0.00059437 0.00059437 0.00059437 0.00059437 0.00059437 0.00059437 0.00059437 0.00059437 0.00059437 6.719e-15 1.2355e-14 1.0609e-14 9.9218e-15
9.2881e-15 1.0007e-14 1.1676e-14 6.5629e-15 0.00059437 0.00059437 0.00059437 0.00059437 0.00059437 0.00059437 0.00059437 0.00044871 4.5209e-15 4.6066e-15 0.00059437 0.00059437 0.00059437 0.00059437 0.00059437 0.00059437 0.00059437 0.00059437 0.00059437 0.00059437 0.00059437 0.00059437 0.00059437 0.00059437 0.00059437 0.00059437 0.00059437 0.00059437 0.00059437 0.00059437 0.00059437 0.00059437 4.799e-15 4.7766e-15 0.00059437 0.00059437 0.00059437 0.00059437 0.00059437 0.00059437 0.00059437 0.00059437 6.5484e-15 1.1661e-14 9.9957e-15 9.2799e-15
8.5721e-15 9.3799e-15 1.1374e-14 6.6193e-15 0.00059437 0.00059437 0.00059437 0.00059437 0.00059437 0.00059437 3.7667e-15 6.9783e-15 1.0042e-14 1.0036e-14 7.2879e-15 4.0707e-15 0.00059437 0.00059437 0.00059437 0.00059437 0.00059437 0.00059437 0.00059437 0.00059437 0.00059437 0.00059437 0.00059437 0.00059437 0.00059437 0.00059437 0.00059437 0.00059437 0.00059437 0.00059437 4.0352e-15 7.5702e-15 1.0162e-14 1.0902e-14 4.6837e-15 0.00059437 0.00059437 0.00059437 0.00059437 0.00059437 0.00059437 0.00059437 6.4391e-15 1.1438e-14 9.3513e-15 8.5251e-15
8.0181e-15 8.9684e-15 1.1166e-14 6.4065e-15 0.00059437 0.00059437 0.00059437 0.00059437 0.00059437 3.7454e-15 1.0011e-14 1.2668e-14 1.1746e-14 1.1789e-14 1.3051e-14 9.935e-15 7.265e-15 4.3441e-15 0.00059437 0.00059437 0.00059437 0.00059437 0.00059437 0.00059437 0.00059437 0.00059437 0.00059437 0.00059437 0.00059437 0.00059437 0.00059437 0.00059437 4.2515e-15 7.4072e-15 1.007e-14 1.3189e-14 1.2129e-14 1.2148e-14 1.0941e-14 4.5589e-15 0.00059437 0.00059437 0.00059437 0.00059437 0.00059437 0.00059437 6.5408e-15 1.1171e-14 8.963e-15 8.0193e-15
7.6656e-15 8.5936e-15 1.098e-14 6.2429e-15 0.00059437 0.00059437 0.00059437 0.00059437 0.00059437 6.4407e-15 1.2293e-14 1.1635e-14 1.1878e-14 1.1995e-14 1.1577e-14 1.2223e-14 1.2708e-14 1.1028e-14 4.9727e-15 0.00059437 0.00059437 0.00059437 0.00059437 0.00059437 0.00059437 0.00059437 0.00059437 0.00059437 0.00059437 0.00059437 3.371e-15 7.0872e-15 1.0227e-14 1.2929e-14 1.2271e-14 1.1711e-14 1.2329e-14 1.1951e-14 1.2175e-14 1.0494e-14 3.9968e-15 0.00059437 0.00059437 0.00059437 0.00059437 0.00059437 6.4387e-15 1.0955e-14 8.5962e-15 7.6468e-15
7.3705e-15 8.3768e-15 1.0887e-14 6.2858e-15 0.00059437 0.00059437 0.00059437 0.00059437 0.00059437 5.8887e-15 1.2173e-14 1.223e-14 1.1886e-14 1.1895e-14 1.2027e-14 1.2381e-14 1.2262e-14 1.289e-14 1.1324e-14 4.6754e-15 0.00059437 0.00059437 0.00059437 0.00059437 0.00059437 0.00059437 0.00059437 0.00059437 0.00059437 0.00059437 7.0289e-15 1.3475e-14 1.2524e-14 1.2135e-14 1.2337e-14 1.2167e-14 1.2071e-14 1.2312e-14 1.2274e-14 1.2427e-14 6.5948e-15 0.00059437 0.00059437 0.00059437 0.00059437 0.00059437 6.2451e-15 1.0913e-14 8.3668e-15 7.3792e-15
7.128e-15 8.1205e-15 1.0777e-14 6.2886e-15 0.00059437 0.00059437 0.00059437 0.00059437 0.00059437 6.3065e-15 1.2649e-14 1.2533e-14 1.2419e-14 1.2536e-14 1.2624e-14 1.2643e-14 1.2859e-14 1.2584e-14 1.2666e-14 1.0398e-14 6.9429e-15 3.5156e-15 0.00059437 0.00059437 0.00059437 0.00059437 0.00059437 0.00059437 3.5294e-15 6.8e-15 9.7548e-15 1.2422e-14 1.2575e-14 1.2471e-14 1.2442e-14 1.2381e-14 1.2552e-14 1.2415e-14 1.262e-14 1.2765e-14 6.1421e-15 0.00059437 0.00059437 0.00059437 0.00059437 0.00059437 6.3243e-15 1.0784e-14 8.1243e-15 7.1214e-15
6.8235e-15 7.8502e-15 1.0683e-14 6.4487e-15 0.00059437 0.00059437 0.00059437 0.00059437 0.00059437 3.6141e-15 6.8233e-15 6.6032e-15 6.7491e-15 6.8444e-15 6.7895e-15 6.8854e-15 6.6339e-15 6.9589e-15 6.4722e-15 6.3877e-15 7.0517e-15 3.8693e-15 6.7258e-16 0.00059437 0.00059437 0.00059437 0.00059437 6.8715e-16 3.8547e-15 6.9233e-15 6.3626e-15 6.2467e-15 6.6474e-15 6.5144e-15 6.5896e-15 6.6412e-15 6.65e-15 6.7024e-15 6.5884e-15 6.7997e-15 3.7898e-15 0.00059437 0.00059437 0.00059437 0.00059437 0.00059437 6.4388e-15 1.0687e-14 7.8514e-15 6.8316e-15
6.4503e-15 7.4077e-15 1.0495e-14 6.5601e-15 0.00059437 0.00059437 0.00059437 0.00059437 0.00059437 0.00059437 0.00059437 0.00059437 0.00059437 0.00059437 0.00059437 0.00059437 0.00059437 0.00059437 0.00059437 0.00059437 0.00059437 0.00059437 0.00059437 0.00059437 0.00059437 0.00059437 0.00059437 0.00059437 0.00059437 0.00059437 0.00059437 0.00059437 0.00059437 0.00059437 0.00059437 0.00059437 0.00059437 0.00059437 0.00059437 0.00059437 0.00059437 0.00059437 0.00059437 0.00059437 0.00059437 0.00059437 6.562e-15 1.0512e-14 7.4074e-15 6.4482e-15
5.9914e-15 6.8262e-15 9.7912e-15 6.5574e-15 0.00059437 0.00059437 0.00059437 0.00059437 0.00059437 0.00059437 0.00059437 0.00059437 0.00059437 0.00059437 0.00059437 0.00059437 0.00059437 0.00059437 0.00059437 0.00059437 0.00059437 0.00059437 0.00059437 0.00059437 0.00059437 0.00059437 0.00059437 0.00059437 0.00059437 0.00059437 0.00059437 0.00059437 0.00059437 0.00059437 0.00059437 0.00059437 0.00059437 0.00059437 0.00059437 0.00059437 0.00059437 0.00059437 0.00059437 0.00059437 0.00059437 0.00059437 6.6069e-15 9.8062e-15 6.8219e-15 5.9913e-15
5.4142e-15 6.4794e-15 8.0257e-15 8.8977e-15 4.7352e-15 0.00059437 0.00059437 0.00059437 0.00059437 0.00059437 0.00059437 0.00059437 0.00059437 0.00059437 0.00059437 0.00059437 0.00059437 0.00059437 0.00059437 0.00059437 0.00059437 0.00059437 0.00059437 0.00059437 0.00059437 0.00059437 0.00059437 0.00059437 0.00059437 0.00059437 0.00059437 0.00059437 0.00059437 0.00059437 0.00059437 0.00059437 0.00059437 0.00059437 0.00059437 0.00059437 0.00059437 0.00059437 0.00059437 0.00059437 0.00059437 4.7724e-15 8.9149e-15 8.0285e-15 6.4623e-15 5.3971e-15
4.9039e-15 5.9801e-15 7.2115e-15 1.0501e-14 7.0341e-15 0.00059437 0.00059437 0.00059437 0.00059437 0.00059437 0.00059437 0.00059437 0.00059437 0.00059437 0.00059437 0.00059437 0.00059437 0.00059437 0.00059437 0.00059437 0.00059437 0.00059437 0.00059437 0.00059437 0.00059437 0.00059437 0.00059437 0.00059437 0.00059437 0.00059437 0.00059437 0.00059437 0.00059437 0.00059437 0.00059437 0.00059437 0.00059437 0.00059437 0.00059437 0.00059437 0.00059437 0.00059437 0.00059437 0.00059437 0.00059437 7.1037e-15 1.0546e-14 7.1664e-15 5.9526e-15 4.864e-15
4.5375e-15 5.3957e-15 7.3576e-15 9.3468e-15 5.7411e-15 8.4861e-16 4.286e-16 5.3795e-16 4.1647e-16 6.9372e-16 7.0548e-16 7.2311e-16 6.8081e-16 6.3049e-16 6.1476e-16 5.9376e-16 6.066e-16 6.0576e-16 5.8566e-16 6.6567e-16 5.3646e-16 6.3966e-16 6.6024e-16 3.7836e-16 3.3298e-16 3.2177e-16 3.8992e-16 6.7275e-16 6.2998e-16 5.613e-16 6.6676e-16 6.1036e-16 6.3347e-16 6.0031e-16 6.1282e-16 6.1589e-16 6.4698e-16 6.584e-16 6.8335e-16 7.239e-16 6.5469e-16 4.2038e-16 5.6078e-16 4.2482e-16 1.0303e-15 5.9127e-15 9.3021e-15 7.3024e-15 5.3186e-15 4.4598e-15
4.196e-15 5.234e-15 6.9012e-15 1e-14 6.4974e-15 0.00059437 0.00059437 0.00059437 0.00059437 0.00059437 0.00059437 0.00059437 0.00059437 0.00059437 0.00059437 0.00059437 0.00059437 0.00059437 0.00059437 0.00059437 0.00059437 0.00059437 0.00059437 0.00059437 0.00059437 0.00059437 0.00059437 0.00059437 0.00059437 0.00059437 0.00059437 0.00059437 0.00059437 0.00059437 0.00059437 0.00059437 0.00059437 0.00059437 0.00059437 0.00059437 0.00059437 0.00059437 0.00059437 0.00059437 0.00059437 6.4316e-15 9.9187e-15 6.7759e-15 5.1088e-15 4.0631e-15
3.9477e-15 4.985e-15 6.7018e-15 1.0985e-14 7.3617e-15 0.00059437 0.00059437 0.00059437 0.00059437 0.00059437 0.00059437 0.00059437 0.00059437 0.00059437 0.00059437 0.00059437 0.00059437 0.00059437 0.00059437 0.00059437 0.00059437 0.00059437 0.00059437 0.00059437 0.00059437 0.00059437 0.00059437 0.00059437 0.00059437 0.00059437 0.00059437 0.00059437 0.00059437 0.00059437 0.00059437 0.00059437 0.00059437 0.00059437 0.00059437 0.00059437 0.00059437 0.00059437 0.00059437 0.00059437 0.00059437 7.4305e-15 1.0872e-14 6.5087e-15 4.7609e-15 3.7455e-15
3.649e-15 4.6863e-15 6.5903e-15 1.1039e-14 7.5153e-15 0.00059437 0.00059437 0.00059437 0.00059437 0.00059437 0.00059437 0.00059437 0.00059437 0.00059437 0.00059437 0.00059437 0.00059437 0.00059437 0.00059437 0.00059437 0.00059437 0.00059437 0.00059437 0.00059437 0.00059437 0.00059437 0.00059437 0.00059437 0.00059437 0.00059437 0.00059437 0.00059437 0.00059437 0.00059437 0.00059437 0.00059437 0.00059437 0.00059437 0.00059437 0.00059437 0.00059437 0.00059437 0.00059437 0.00059437 0.00059437 7.6135e-15 1.0943e-14 6.1566e-15 4.382e-15 3.3733e-15
3.2512e-15 4.2868e-15 6.098e-15 1.0948e-14 7.7132e-15 0.00059437 0.00059437 0.00059437 0.00059437 0.00059437 0.00059437 0.00059437 0.00059437 0.00059437 0.00059437 0.00059437 0.00059437 0.00059437 0.00059437 0.00059437 0.00059437 0.00059437 0.00059437 0.00059437 0.00059437 0.00059437 0.00059437 0.00059437 0.00059437 0.00059437 0.00059437 0.00059437 0.00059437 0.00059437 0.00059437 0.00059437 0.00059437 0.00059437 0.00059437 0.00059437 0.00059437 0.00059437 0.00059437 0.00059437 0.00059437 7.5996e-15 9.8944e-15 5.5093e-15 3.9341e-15 2.8931e-15
2.7112e-15 3.7415e-15 5.3132e-15 9.9066e-15 7.6658e-15 0.00059437 0.00059437 0.00059437 0.00059437 0.00059437 0.00059437 0.00059437 0.00059437 0.00059437 0.00059437 0.00059437 0.00059437 0.00059437 0.00059437 0.00059437 0.00059437 0.00059437 0.00059437 0.00059437 0.00059437 0.00059437 0.00059437 0.00059437 0.00059437 0.00059437 0.00059437 0.00059437 0.00059437 0.00059437 0.00059437 0.00059437 0.00059437 0.00059437 0.00059437 0.00059437 0.00059437 0.00059437 0.00059437 0.00059437 5.5879e-15 9.4751e-15 7.4426e-15 5.04e-15 3.2017e-15 2.3569e-15
2.0747e-15 2.9305e-15 4.6694e-15 7.1097e-15 9.4256e-15 5.4562e-15 0.00059437 0.00059437 0.00059437 0.00059437 0.00059437 0.00059437 0.00059437 0.00059437 0.00059437 0.00059437 0.00059437 0.00059437 0.00059437 0.00059437 0.00059437 0.00059437 0.00059437 0.00059437 0.00059437 0.00059437 0.00059437 0.00059437 0.00059437 0.00059437 0.00059437 0.00059437 0.00059437 0.00059437 0.00059437 0.00059437 0.00059437 0.00059437 0.00059437 0.00059437 0.00059437 0.00059437 0.00059437 0.00059437 8.0216e-15 1.1107e-14 5.9309e-15 4.1391e-15 2.5134e-15 1.7027e-15
1.3665e-15 2.0329e-15 3.7608e-15 5.0884e-15 1.0428e-14 8.8857e-15 0.00059437 0.00059437 0.00059437 0.00059437 0.00059437 0.00059437 0.00059437 0.00059437 0.00059437 0.00059437 0.00059437 0.00059437 0.00059437 0.00059437 0.00059437 0.00059437 0.00059437 0.00059437 0.00059437 0.00059437 0.00059437 0.00059437 0.00059437 0.00059437 0.00059437 0.00059437 0.00059437 0.00059437 0.00059437 0.00059437 0.00059437 0.00059437 0.00059437 0.00059437 0.00059437 0.00059437 0.00059437 0.00059437 8.1111e-15 9.9361e-15 5.0644e-15 3.1974e-15 1.7196e-15 1.0414e-15
6.0546e-16 1.2849e-15 2.373e-15 4.6517e-15 6.9098e-15 9.354e-15 6.4878e-15 0.00059437 0.00059437 0.00059437 0.00059437 0.00059437 0.00059437 0.00059437 0.00059437 0.00059437 0.00059437 0.00059437 0.00059437 0.00059437 0.00059437 0.00059437 0.00059437 0.00059437 0.00059437 0.00059437 0.00059437 0.00059437 0.00059437 0.00059437 0.00059437 0.00059437 0.00059437 0.00059437 0.00059437 0.00059437 0.00059437 0.00059437 0.00059437 0.00059437 0.00059437 0.00059437 0.00059437 6.6924e-15 9.7565e-15 6.6793e-15 4.2446e-15 2.1738e-15 9.7098e-16 3.7117e-16
-5.6188e-17 4.1086e-16 1.5255e-15 3.138e-15 4.9929e-15 8.2232e-15 1.0862e-14 6.3534e-15 0.00059437 0.00059437 0.00059437 0.00059437 0.00059437 0.00059437 0.00059437 0.00059437 0.00059437 0.00059437 0.00059437 0.00059437 0.00059437 0.00059437 0.00059437 0.00059437 0.00059437 0.00059437 0.00059437 0.00059437 0.00059437 0.00059437 0.00059437 0.00059437 0.00059437 0.00059437 0.00059437 0.00059437 0.00059437 0.00059437 0.00059437 0.00059437 0.00059437 0.00059437 6.4471e-15 1.0902e-14 8.071e-15 4.9334e-15 2.97e-15 1.2943e-15 2.4645e-16 -2.4258e-16
-6.497e-16 -2.5224e-16 6.4224e-16 1.8752e-15 4.0056e-15 5.6789e-15 8.7385e-15 1.0751e-14 5.3488e-15 0.00059437 0.00059437 0.00059437 0.00059437 0.00059437 0.00059437 0.00059437 0.00059437 0.00059437 0.00059437 0.00059437 0.00059437 0.00059437 0.00059437 0.00059437 0.00059437 0.00059437 0.00059437 0.00059437 0.00059437 0.00059437 0.00059437 0.00059437 0.00059437 0.00059437 0.00059437 0.00059437 0.00059437 0.00059437 0.00059437 0.00059437 0.00059437 5.3973e-15 1.0753e-14 8.6877e-15 5.6453e-15 3.8601e-15 1.7619e-15 5.2345e-16 -3.8909e-16 -7.6992e-16
-1.1086e-15 -7.663e-16 -1.007e-16 1.1297e-15 2.4392e-15 4.7915e-15 6.342e-15 1.0514e-14 8.3561e-15 0.00059437 0.00059437 0.00059437 0.00059437 0.00059437 0.00059437 0.00059437 0.00059437 0.00059437 0.00059437 0.00059437 0.00059437 0.00059437 0.00059437 0.00059437 0.00059437 0.00059437 0.00059437 0.00059437 0.00059437 0.00059437 0.00059437 0.00059437 0.00059437 0.00059437 0.00059437 0.00059437 0.00059437 0.00059437 0.00059437 0.00059437 0.00059437 8.367e-15 1.0503e-14 6.3089e-15 4.7333e-15 2.3988e-15 1.0419e-15 -1.8592e-16 -8.4759e-16 -1.1945e-15
-1.4136e-15 -1.143e-15 -5.0131e-16 3.7556e-16 1.8838e-15 3.4506e-15 5.7547e-15 8.4615e-15 8.1846e-15 6.3919e-15 6.751e-15 4.1748e-15 0.00059437 0.00059437 0.00059437 0.00059437 0.00059437 0.00059437 0.00059437 0.00059437 0.00059437 0.00059437 0.00059437 0.00059437 0.00059437 0.00059437 0.00059437 0.00059437 0.00059437 0.00059437 0.00059437 0.00059437 0.00059437 0.00059437 0.00059437 0.00059437 0.00059437 0.00059437 4.1701e-15 6.756e-15 6.3806e-15 8.1716e-15 8.4551e-15 5.7134e-15 3.408e-15 1.8211e-15 3.253e-16 -5.6142e-16 -1.2039e-15 -1.4736e-15
-1.5754e-15 -1.3016e-15 -7.6679e-16 1.4407e-16 1.3389e-15 3.0342e-15 5.0404e-15 7.0551e-15 9.2458e-15 1.141e-14 1.2162e-14 1.0186e-14 7.3173e-15 3.2483e-15 0.00059437 0.00059437 0.00059437 0.00059437 0.00059437 0.00059437 0.00059437 0.00059437 0.00059437 0.00059437 0.00059437 0.00059437 0.00059437 0.00059437 0.00059437 0.00059437 0.00059437 0.00059437 0.00059437 0.00059437 0.00059437 0.00055913 3.2662e-15 7.3191e-15 1.018e-14 1.2155e-14 1.1399e-14 9.2284e-15 7.0292e-15 5.0132e-15 2.9988e-15 1.3024e-15 9.6945e-17 -8.1424e-16 -1.35e-15 -1.6243e-15
