 # X T 
   0.00000000       7.9168437866741011E-004
   1.99999996E-02  -3.8438065008677627E-004
   3.99999991E-02   9.2411570679677712E-004
   5.99999987E-02   1.3686881334825582E-003
   7.99999982E-02   6.4101476660321345E-003
  0.100000001       1.4233816363644850E-002
  0.119999997       3.1857758235681599E-002
  0.140000001       6.2596848521494691E-002
  0.159999996       8.5998663649774182E-002
  0.180000007      0.15435636570906303     
  0.200000003      0.12430779841002726     
  0.219999999      -7.1931035668061248E-003
  0.239999995       8.0888288702056749E-002
  0.259999990      0.14502320505475194     
  0.280000001      0.12144437116491814     
  0.300000012       8.0998600099914567E-002
  0.319999993       5.2415906744409622E-002
  0.340000004       2.5753809393566512E-002
  0.360000014       1.2009412742312167E-002
  0.379999995       4.5378397557769732E-003
  0.400000006       1.6659243951752780E-003
  0.419999987       1.5141783670983530E-004
  0.439999998       1.5622954996214432E-004
  0.460000008      -5.3305118942288614E-005
  0.479999989       7.6685621911469170E-005
  0.500000000      -4.7346193716117647E-005
  0.519999981       6.1316883526757378E-005
  0.540000021      -4.9048715151678154E-005
  0.560000002       5.6105319019251539E-005
  0.579999983      -4.3945754420029086E-005
  0.600000024       5.0040652997036952E-005
  0.620000005      -3.8634513344823006E-005
  0.639999986       4.4329147867555069E-005
  0.660000026      -3.4322964622243195E-005
  0.680000007       3.9738780695359933E-005
  0.699999988      -3.0930367799798698E-005
  0.720000029       3.6146625704509766E-005
  0.740000010      -2.7796598517404891E-005
  0.759999990       3.3081945038342893E-005
  0.779999971      -2.4693351370648345E-005
  0.800000012       3.0426406441633343E-005
  0.819999993      -2.1690704328427203E-005
  0.839999974       2.8420601877465113E-005
  0.860000014      -1.9487140984983851E-005
  0.879999995       2.7954050332904738E-005
  0.899999976      -1.7487413815740088E-005
  0.920000017       4.8004911727860123E-005
  0.939999998      -6.7797724178688856E-006
  0.959999979       2.7149614854340101E-005
  0.980000019      -1.6449076369000379E-005
   1.00000000       2.6409684396394426E-005
   1.01999998       0.0000000000000000     
