 # X T 
   0.00000000       2.7488745216352284E-006
   1.99999996E-02  -6.2422603854369073E-006
   3.99999991E-02   2.7086370937472567E-006
   5.99999987E-02  -6.3185856634939474E-006
   7.99999982E-02   2.6627812740415010E-006
  0.100000001      -6.6527590754320232E-006
  0.119999997       2.8201755409829113E-006
  0.140000001      -7.5419976875582961E-006
  0.159999996       3.4239672946788193E-006
  0.180000007      -9.1634372615855469E-006
  0.200000003       4.6428087896080725E-006
  0.219999999      -8.3895691310253958E-006
  0.239999995      -6.5327031913286373E-006
  0.259999990       8.4975125330958396E-004
  0.280000001       5.4815971287880258E-003
  0.300000012       1.0475696875850224E-002
  0.319999993       4.6794976819897064E-003
  0.340000004       8.4654118959542131E-004
  0.360000014      -2.6173725740556920E-004
  0.379999995       4.1811874263748746E-004
  0.400000006      -2.3221621307957090E-004
  0.419999987       4.2680004730231237E-004
  0.439999998      -2.1773105032450450E-004
  0.460000008       1.5392774408411714E-003
  0.479999989       1.7617425583441291E-002
  0.500000000      0.12288092575117950     
  0.519999981      0.34224502987559430     
  0.540000021      0.37362582369042130     
  0.560000002       5.4933857474411117E-002
  0.579999983       2.1999980858508811E-002
  0.600000024       3.1671497691709703E-002
  0.620000005       5.9627235597672044E-003
  0.639999986       3.9560331207914327E-003
  0.660000026       1.0415356939284821E-003
  0.680000007       1.6760011064568796E-004
  0.699999988       2.4113166113369403E-006
  0.720000029      -1.7604014562368265E-006
  0.740000010       1.7767279757307881E-006
  0.759999990      -2.6844740568418584E-007
  0.779999971       2.2875804068941333E-007
  0.800000012       9.4491044694078852E-007
  0.819999993      -1.0152784037322417E-006
  0.839999974       2.1295165805211808E-006
  0.860000014      -2.1318974423536228E-006
  0.879999995       3.1435622170448075E-006
  0.899999976      -3.0330576728613173E-006
  0.920000017       3.9047430112373974E-006
  0.939999998      -3.6546008850020963E-006
  0.959999979       4.3649759513935834E-006
  0.980000019      -3.9607006158578253E-006
   1.00000000       4.4976905180882785E-006
   1.01999998       0.0000000000000000     
