 # X T 
   0.00000000       1.6096844069056376E-004
   1.99999996E-02  -2.2388792115818474E-005
   3.99999991E-02   1.6763718544636223E-004
   5.99999987E-02   5.7356357949095323E-005
   7.99999982E-02   1.5736319227981373E-004
  0.100000001       5.7971103622219485E-004
  0.119999997       3.2520698428994024E-003
  0.140000001       7.7423542243240714E-003
  0.159999996       1.7871445645071142E-002
  0.180000007       3.4894826395342311E-002
  0.200000003       5.8555170634609133E-002
  0.219999999       8.2825204737617758E-002
  0.239999995       9.9219672926720362E-002
  0.259999990       9.2398236277091539E-002
  0.280000001       6.1653513819770196E-002
  0.300000012       2.7795660962166572E-002
  0.319999993       9.5964041106921597E-003
  0.340000004       2.2958229569247490E-003
  0.360000014       3.1338648190983509E-004
  0.379999995       1.4622167204248975E-004
  0.400000006       2.7168334279150752E-004
  0.419999987       5.0756018813409228E-006
  0.439999998       2.6486561799635936E-003
  0.460000008       8.4581104707136135E-003
  0.479999989       2.3720009462595976E-002
  0.500000000       5.0892581098904446E-002
  0.519999981       8.3770448145142881E-002
  0.540000021      0.10224408005675142     
  0.560000002       9.3405970165266347E-002
  0.579999983       6.4285919468235836E-002
  0.600000024       3.6310598743881178E-002
  0.620000005       1.8548120158368889E-002
  0.639999986       9.6031715802499737E-003
  0.660000026       4.0223980289986784E-003
  0.680000007       1.3794056157515517E-003
  0.699999988      -9.9436482023194947E-005
  0.720000029       1.8656317003253162E-004
  0.740000010       1.2299897357632500E-005
  0.759999990       8.7871634855033140E-005
  0.779999971      -3.7726193580330643E-005
  0.800000012       9.1677539676092318E-005
  0.819999993      -7.5392631565003785E-005
  0.839999974       1.2293063781686393E-004
  0.860000014      -1.1744878733327090E-004
  0.879999995       1.3593877909652769E-004
  0.899999976      -5.7841810793886434E-005
  0.920000017       4.4602786976440410E-004
  0.939999998       7.8411878791128875E-005
  0.959999979       2.2206689742974077E-004
  0.980000019      -1.1512268190673980E-004
   1.00000000       1.3232927353004151E-004
   1.01999998       0.0000000000000000     
