 # X T 
   0.00000000      -2.4553850818845018E-005
   1.99999996E-02   2.0559337061577174E-005
   3.99999991E-02  -2.4622872001505555E-005
   5.99999987E-02   2.0725525372894019E-005
   7.99999982E-02  -2.4998917231478460E-005
  0.100000001       2.1066088462584254E-005
  0.119999997      -2.5559776542302426E-005
  0.140000001       2.1394193669671756E-005
  0.159999996      -2.6070674535236104E-005
  0.180000007       2.1373938631875363E-005
  0.200000003      -2.6093060598376481E-005
  0.219999999       2.0716214718013524E-005
  0.239999995      -2.4838821426561060E-005
  0.259999990       1.1662302159686421E-002
  0.280000001       9.2560811351318720E-003
  0.300000012       1.4366537740073196E-003
  0.319999993      -4.2378107163062193E-004
  0.340000004       5.0167468514599790E-004
  0.360000014      -3.3432165218540762E-004
  0.379999995       4.3341959178856498E-004
  0.400000006      -3.0434268701186545E-004
  0.419999987       4.6162655547455234E-004
  0.439999998      -3.6563156657972828E-004
  0.460000008       6.5037717286388764E-004
  0.479999989      -5.1935087166636151E-004
  0.500000000       4.1732578701586158E-003
  0.519999981      0.12086543866967971     
  0.540000021      0.76494399046725858     
  0.560000002       4.5700706079717978E-003
  0.579999983       4.9858993595239112E-002
  0.600000024       1.8938167048743151E-002
  0.620000005       1.0447516619696000E-002
  0.639999986       2.2622748426858064E-003
  0.660000026       1.6338252169615778E-003
  0.680000007      -3.1560369969399432E-005
  0.699999988       8.2921270387073829E-005
  0.720000029      -3.8164071196840289E-005
  0.740000010       3.5675172580624338E-005
  0.759999990      -3.3057995094846447E-005
  0.779999971       3.1501956692203724E-005
  0.800000012      -2.8938306933504691E-005
  0.819999993       2.7990826069214593E-005
  0.839999974      -2.6086311992903918E-005
  0.860000014       2.5616041311648889E-005
  0.879999995      -2.4192253545596117E-005
  0.899999976       2.4078721074258560E-005
  0.920000017      -2.2990150935889196E-005
  0.939999998       2.3139928305139362E-005
  0.959999979      -2.2301863781391254E-005
  0.980000019       2.2682088991746532E-005
   1.00000000      -2.2107002871788572E-005
   1.01999998       0.0000000000000000     
