0.00051952 0.00051948 0.00051728 0.00051767 0.0005146 0.00051352 0.00050954 0.00050558 0.0005053 0.00050496 0.0005016 0.00049918 0.00049811 0.00049612 0.0004939 0.00049191 0.00049161 0.00048959 0.00048788 0.00048929 0.00048752 0.00048543 0.00048555 0.00048325 0.00048434 0.0004842 0.00048465 0.00048481 0.00048615 0.00048489 0.00048816 0.00048884 0.00048671 0.00048906 0.00049293 0.00049096 0.00049499 0.00049465 0.00049756 0.00049907 0.00050333 0.00050241 0.00050447 0.00050642 0.00051041 0.00051234 0.00051601 0.00051513 0.00051953 0.00051936
0.00051951 0.00051712 0.00051677 0.00050618 0.00049588 0.00048675 0.00047969 0.00047455 0.0004679 0.00045688 0.00045492 0.00044791 0.00044123 0.00043516 0.00043201 0.00042596 0.00042486 0.0004209 0.00041785 0.00041545 0.00041297 0.0004112 0.00040858 0.00040924 0.00040793 0.00040613 0.00040764 0.00040621 0.00041005 0.00041163 0.00041259 0.00041325 0.00042079 0.00041896 0.00042243 0.00042715 0.00042812 0.00043628 0.00044414 0.00044525 0.00045109 0.0004593 0.00046726 0.00046975 0.00047485 0.0004847 0.00049695 0.00050807 0.00051337 0.00051736
0.00051948 0.0005178 0.00050983 0.0004995 0.00047553 0.00044465 0.00041376 0.00039139 0.00036761 0.00036591 0.00035078 0.00034164 0.00034084 0.00033744 0.00032923 0.00032372 0.00031758 0.00031607 0.00031101 0.00030726 0.00030545 0.0002982 0.00028232 0.00026349 0.0002613 0.00026255 0.0002655 0.00027113 0.00029523 0.00030111 0.00030575 0.00030511 0.00030342 0.00031143 0.00031911 0.00032148 0.00032747 0.00032849 0.00033151 0.00034082 0.00035393 0.00034989 0.0003699 0.00038321 0.0004163 0.00044781 0.00047132 0.00049622 0.00050976 0.00051735
0.00051945 0.00051683 0.00051427 0.00049074 0.00045721 0.00041238 0.00037678 0.0003358 0.00032891 0.00032558 0.00034103 0.00035022 0.00034817 0.00034708 0.00035018 0.00034917 0.00035034 0.00034302 0.00033823 0.00033996 0.00033639 0.00031419 0.00028253 0.0002 0.00015352 0.00015043 0.00017428 0.00026545 0.0003062 0.00033393 0.00034059 0.00033956 0.00034906 0.00034502 0.00034658 0.00034884 0.00034612 0.00034833 0.00035181 0.00033907 0.00032868 0.00032903 0.000319 0.00033951 0.00036507 0.00040708 0.00045819 0.00049514 0.00051126 0.00051737
0.00051947 0.00052025 0.00051219 0.00050944 0.00048698 0.00044202 0.00038234 0.00030676 0.00033982 0.000381 0.00037985 0.00038598 0.00038835 0.00039435 0.00038868 0.00039161 0.0003859 0.00038505 0.00036879 0.00036054 0.00035191 0.00032763 0.00028778 0.00023081 0.00024069 0.00024895 0.00023238 0.00027592 0.00031947 0.00034835 0.00035999 0.00036221 0.00036692 0.0003876 0.00039241 0.00038565 0.00039076 0.00038142 0.00037705 0.00037903 0.00038311 0.00034224 0.00031488 0.00033303 0.00040005 0.00044886 0.00048305 0.00050332 0.0005161 0.00051938
0.00051949 0.00051859 0.00052364 0.00051108 0.00049692 0.00048887 0.00046957 0.00035247 0.00035559 0.00038536 0.00040551 0.00041316 0.00040296 0.00040672 0.00040972 0.00041143 0.00041219 0.00041223 0.00040148 0.00036998 0.00035137 0.00031928 0.00027817 0.00025461 0.00026225 0.00026987 0.0002456 0.00027402 0.00030832 0.00034447 0.00036284 0.00038815 0.00042858 0.00041125 0.00040733 0.00041041 0.00040556 0.00040881 0.00041351 0.000402 0.00039372 0.00036791 0.00034337 0.00043789 0.00046835 0.0004768 0.00050476 0.00051815 0.00051899 0.00051948
0.00051964 0.0005205 0.00051475 0.00052459 0.00052988 0.00051577 0.00051232 0.00038515 0.00034635 0.00043638 0.00043164 0.0004304 0.00043997 0.0004437 0.00043984 0.00043982 0.00043477 0.00043368 0.00043166 0.00036385 0.00032926 0.00029607 0.0002693 0.00023344 0.00028761 0.00029304 0.00025878 0.0002522 0.00029692 0.00031823 0.00035111 0.00040596 0.00042146 0.0004306 0.00044797 0.00042956 0.00044585 0.00042333 0.00043062 0.00042622 0.0004502 0.00035602 0.000328 0.00050662 0.00051331 0.00052976 0.00052461 0.00051539 0.0005207 0.00051935
0.0005196 0.00051808 0.00052565 0.00051264 0.00050514 0.00051873 0.0005307 0.00052988 0.00034937 0.00038264 0.00046293 0.00045759 0.00045894 0.00044945 0.00046066 0.00045399 0.00046578 0.00044835 0.00042751 0.0003398 0.00030681 0.0002756 0.00025375 0.00029877 0.00033864 0.00033963 0.00030491 0.00025935 0.00026824 0.00029945 0.00032594 0.00040963 0.00047554 0.00046183 0.00045122 0.00046312 0.00045089 0.00046677 0.00046425 0.00045792 0.00041228 0.00035649 0.00048629 0.00053431 0.00051839 0.00049975 0.00051446 0.00052354 0.00051871 0.00051959
0.00051966 0.00052088 0.00051308 0.00052663 0.00053836 0.00051878 0.0005057 0.0004914 0.0004639 0.000386 0.00042908 0.0004844 0.00049975 0.00050281 0.00048663 0.00048772 0.00046634 0.00044368 0.00036151 0.00029385 0.00026566 0.0002614 0.00028723 0.00031857 0.00034899 0.00035861 0.00033386 0.00030338 0.00026509 0.00026693 0.00028731 0.00031459 0.00042493 0.00048651 0.00050276 0.00048786 0.00049955 0.00048565 0.00048659 0.00045925 0.00039917 0.00041649 0.00049316 0.00049951 0.00051938 0.00054403 0.00052558 0.00051473 0.00052065 0.00051952
0.00051955 0.00051785 0.00052717 0.00051114 0.00049703 0.00052114 0.00053734 0.0005521 0.00052605 0.00046187 0.0004086 0.00037709 0.00042156 0.00044027 0.00045266 0.00041831 0.00038396 0.00031053 0.00027284 0.000263 0.00029013 0.00031656 0.00034787 0.00038201 0.00038537 0.00037889 0.00037773 0.00035667 0.00032792 0.00029771 0.00027059 0.0002827 0.0003209 0.00037152 0.00042281 0.00047416 0.00046678 0.00045585 0.00039961 0.00038992 0.00044261 0.00053013 0.00055216 0.00054312 0.00052264 0.00048868 0.00051298 0.00052478 0.00051845 0.00051959
0.00051961 0.00052144 0.00051106 0.00052898 0.00054649 0.00051683 0.00049759 0.0004828 0.00051094 0.00055273 0.00051768 0.00044931 0.00026896 0.00034378 0.00030229 0.00029825 0.00027075 0.0003043 0.0003225 0.00035344 0.00035343 0.00037203 0.00037987 0.00036516 0.00037675 0.00038387 0.00037663 0.00038043 0.00037544 0.00036473 0.00035782 0.00032235 0.00028549 0.00028973 0.00030479 0.00029405 0.00031761 0.00026618 0.0003912 0.00053095 0.00055022 0.00050358 0.00048193 0.00049022 0.00051393 0.00055652 0.00052713 0.00051354 0.00052085 0.00051953
0.0005197 0.00051688 0.00053014 0.00050764 0.00048954 0.00052186 0.000548 0.00055906 0.00053223 0.00047771 0.0005154 0.00018352 0.00033863 0.00037187 0.00039021 0.00037903 0.00041104 0.00038028 0.00039404 0.00038293 0.00041046 0.0003901 0.00040357 0.00040973 0.0004147 0.00039264 0.00041384 0.00038775 0.0004019 0.00038364 0.00040272 0.0003928 0.0004259 0.00038457 0.00039062 0.00038248 0.00040359 0.00035511 0.00017396 0.00045611 0.00047826 0.00053712 0.00056379 0.00055301 0.00052979 0.00047425 0.00051236 0.00052535 0.00051876 0.00051939
0.00051946 0.00052238 0.00050826 0.00053232 0.00055506 0.00051582 0.0004858 0.00047634 0.00050366 0.00056481 0.00027412 0.00023509 0.00037306 0.00040317 0.0003977 0.00041356 0.00038758 0.0004171 0.00040516 0.00041281 0.00038344 0.0004095 0.0003969 0.00039205 0.0003857 0.00040695 0.00038753 0.00041201 0.00039825 0.00041214 0.00039231 0.00039632 0.00037131 0.00040913 0.00040264 0.00040243 0.00037325 0.00038229 0.00023843 0.00025257 0.00054131 0.00048641 0.00047607 0.00047384 0.0005109 0.00056821 0.00053042 0.00051131 0.00052143 0.00051949
0.00051976 0.00051624 0.00053248 0.00050501 0.00047959 0.00052411 0.00055878 0.00056974 0.00052853 0.00040458 0.00017207 0.00019982 0.0003776 0.00039434 0.0004105 0.00040486 0.00043165 0.0004008 0.00040813 0.00040684 0.00043462 0.00041091 0.00041743 0.0004282 0.0004338 0.00041186 0.00043175 0.00040843 0.00042019 0.00040765 0.0004237 0.0004243 0.00044327 0.00040826 0.00040979 0.00040665 0.00041421 0.00039752 0.00023692 0.00015576 0.00038521 0.0005124 0.00057231 0.00056875 0.00053254 0.00046379 0.00050701 0.00052932 0.00051718 0.00051983
0.00051943 0.00052293 0.00050637 0.00053354 0.00056882 0.00050811 0.00048175 0.00045496 0.00050241 0.00032478 0.00015291 0.00013962 0.0004145 0.00043538 0.00042373 0.00042994 0.00039777 0.00043423 0.00042949 0.00042648 0.00039657 0.00042189 0.00041723 0.00040582 0.00040009 0.00042381 0.00040264 0.00042718 0.00041421 0.00042727 0.00040764 0.00040618 0.00039051 0.00042713 0.00042422 0.00042826 0.00040022 0.00041925 0.00012999 0.0001928 0.00026154 0.0005337 0.000409 0.00048987 0.00048134 0.00059907 0.00052227 0.00051598 0.00051816 0.00052059
0.00052169 0.00050998 0.00054415 0.00048987 0.00048417 0.0005055 0.00060208 0.00052896 0.00056116 8.0211e-05 6.8112e-05 8.1765e-05 0.00046574 0.00037782 0.00045745 0.00039533 0.00048494 0.00039461 0.00043959 0.00041312 0.00047335 0.00042521 0.00043788 0.0004441 0.00044749 0.00043771 0.00043827 0.00044536 0.00041606 0.00045164 0.00041141 0.00048515 0.00041957 0.00046916 0.0003824 0.00047247 0.0003924 0.0004818 0.00010372 6.2258e-05 8.7811e-05 0.00052017 0.00055316 0.00058753 0.00053412 0.00045264 0.00050154 0.00053351 0.00051551 0.00052034
0.00051807 0.00052765 0.00049644 0.000547 0.00056519 0.00052618 0.00044115 0.00046214 0.00038425 9.6504e-05 3.9573e-05 9.6414e-05 0.00050214 0.00040995 0.00048491 0.00041519 0.00044071 0.00043093 0.00048126 0.00042336 0.0004236 0.00042014 0.00044437 0.00041532 0.00042044 0.00043974 0.00041853 0.00045229 0.00041749 0.00045682 0.00039947 0.00043322 0.00038623 0.0004763 0.00040943 0.00049059 0.00036738 0.00048643 8.2199e-05 5.3125e-05 8.184e-05 0.00034958 0.00047332 0.0004027 0.00052653 0.0005749 0.00055155 0.0004969 0.00052773 0.00051758
0.00051203 0.00053801 0.00049821 0.00055844 0.00037915 0.00062793 0.0004624 0.00070938 0.00024658 6.292e-05 5.6391e-05 6.3712e-05 0.00045228 0.00042485 0.00044624 0.0004353 0.00049297 0.00042841 0.00043062 0.00045325 0.00048282 0.00046519 0.00043336 0.00047192 0.00044823 0.00046213 0.00043874 0.00046989 0.00041903 0.0004757 0.00043002 0.00052018 0.00042811 0.00048968 0.00040225 0.00048384 0.00042234 0.00050537 6.7917e-05 5.7496e-05 6.671e-05 0.00020402 0.00071993 0.00047128 0.00063361 0.00036499 0.00055406 0.00049642 0.0005388 0.00051255
0.00050744 0.00036471 0.00017851 0.00046954 0.00052627 0.00057292 0.00035443 0.00052756 0.00014944 6.2529e-05 5.8144e-05 6.8817e-05 0.00045079 0.00046469 0.00048483 0.00045299 0.00042899 0.00047121 0.00049006 0.00045322 0.00041801 0.00044277 0.00046694 0.00044988 0.00044418 0.00045457 0.00043399 0.0004452 0.0004559 0.00046392 0.00044564 0.0004199 0.00043947 0.00046646 0.00045861 0.00047727 0.00041846 0.0004503 6.4536e-05 5.7447e-05 6.1093e-05 7.483e-05 0.00051265 0.00035347 0.00055127 0.00055251 0.00052294 0.00027533 0.0004253 0.00051143
0.00049629 0.00033155 0.00016184 0.00012012 0.0001043 0.00049289 0.00046589 0.00074544 7.9587e-05 5.4774e-05 5.8354e-05 5.6594e-05 0.0003195 0.00051496 0.00039375 0.00050365 0.00047322 0.00047891 0.00039996 0.00049997 0.00049244 0.00050713 0.00044096 0.00049319 0.00046406 0.00048531 0.00044355 0.00046504 0.00047218 0.00046297 0.00048981 0.00051328 0.00048427 0.0004529 0.00047788 0.00042051 0.00052973 0.00040117 6.5756e-05 5.4828e-05 5.9338e-05 5.7547e-05 0.00071888 0.00051825 0.00052898 0.00016236 0.00010433 0.00014494 0.00030273 0.00049705
0.00051469 0.00040379 0.00027624 0.00025461 7.1344e-05 8.4372e-05 0.0001105 0.00019992 7.153e-05 4.4969e-05 6.4487e-05 5.346e-05 0.00028497 0.00053513 0.00047508 0.00048486 0.00041207 0.00049783 0.00051683 0.00045878 0.00042331 0.0004362 0.00050143 0.00044256 0.0004807 0.00042007 0.00048647 0.00041563 0.00049361 0.00043446 0.00048431 0.00037369 0.0005096 0.00043415 0.00051547 0.00044479 0.00048982 0.00029268 5.7439e-05 5.8161e-05 4.7498e-05 6.9821e-05 0.00024926 0.00013646 0.00010881 6.724e-05 0.00022224 0.00026109 0.00040139 0.00051231
0.0005193 0.00051867 0.00029704 0.00033456 0.00018165 3.546e-05 5.6056e-05 7.1886e-05 6.965e-05 3.7048e-05 6.4689e-05 4.1112e-05 0.00011456 0.00056581 0.00039405 0.00051765 0.00050211 0.00047597 0.00039639 0.00051421 0.00053249 0.0005221 0.00045692 0.00048084 0.00047506 0.0004605 0.0004888 0.00046902 0.00047716 0.00046562 0.00052179 0.00053635 0.00048921 0.00045815 0.00049221 0.00040755 0.00059696 0.0001932 4.8638e-05 6.0634e-05 4.3497e-05 6.1159e-05 7.9146e-05 6.7968e-05 2.6257e-05 0.00013286 0.00032479 0.00030225 0.00051146 0.0005208
0.0005237 0.00050548 0.00054201 0.00025883 0.00044456 0.0001907 8.6657e-05 3.7464e-05 5.5213e-05 4.807e-05 5.3921e-05 5.0159e-05 6.7206e-05 0.00049277 0.00053376 0.00047133 0.00041757 0.00049975 0.00053996 0.00046489 0.00040589 0.00044068 0.0005113 0.00047136 0.00047924 0.00046342 0.00050032 0.00046656 0.0005271 0.00044533 0.00049462 0.0003576 0.00054337 0.00044294 0.00048736 0.00048944 0.00046697 5.7402e-05 5.0709e-05 5.2312e-05 4.6289e-05 5.4975e-05 3.746e-05 6.8217e-05 0.00014213 0.00046547 0.00025723 0.00052935 0.00050608 0.00052457
0.00051622 0.00052865 0.00050345 0.00052433 0.00025043 0.0003766 0.00025126 0.00010065 4.4356e-05 5.9614e-05 4.3948e-05 5.4576e-05 5.4682e-05 0.00034404 0.00047309 0.00048936 0.00055468 0.00043528 0.00037936 0.00049214 0.00059129 0.00051842 0.00047921 0.00043522 0.00045033 0.00038141 0.00045475 0.00045059 0.00050602 0.00047729 0.0005379 0.00056863 0.00046205 0.00044141 0.00046458 0.00046566 0.00046403 7.3594e-05 4.8684e-05 5.1244e-05 5.6593e-05 4.5602e-05 9.784e-05 0.00019742 0.00041363 0.00020898 0.00050489 0.00049797 0.00053119 0.00051431
0.00051808 0.00052363 0.00051405 0.00052392 0.00055419 0.00031475 0.0003237 0.00036198 6.5158e-05 5.8853e-05 4.8159e-05 5.8929e-05 4.6083e-05 7.4439e-05 0.00062781 0.00045606 0.00045208 0.00051607 0.00057819 0.00040189 0.00037282 0.00041711 0.00048367 0.0004469 0.00034425 0.00039766 0.00038012 0.00049489 0.00044406 0.0005358 0.00039523 0.00040292 0.00045193 0.00049813 0.00047123 0.00062798 7.7124e-05 4.4452e-05 5.5462e-05 5.145e-05 4.7416e-05 7.0241e-05 0.00029242 0.00037015 0.00026616 0.00056473 0.00051778 0.00052087 0.00051977 0.0005204
0.00052404 0.00050572 0.00054192 0.00048959 0.0005134 0.00049281 0.00037945 0.00025838 0.00044028 7.758e-05 4.9317e-05 5.1916e-05 5.1368e-05 6.0382e-05 0.00021833 0.00060299 0.00053167 0.00048304 0.00041078 0.00054899 0.00057342 0.0005656 0.00033607 0.00036255 0.00030524 0.00039018 0.0002785 0.00042615 0.00044259 0.00052445 0.00046198 0.00067288 0.0004023 0.00053958 0.00051598 0.00033701 7.0226e-05 5.1206e-05 5.7261e-05 4.4535e-05 7.9027e-05 0.00039102 0.00031061 0.00031126 0.00050832 0.00048837 0.00049975 0.00053149 0.00051175 0.00052104
0.00052315 0.00050946 0.00053677 0.00049638 0.00058421 0.0004808 0.00055437 0.00037659 0.00034553 0.00022058 7.0169e-05 4.3008e-05 5.6169e-05 5.0153e-05 7.0457e-05 0.00042885 0.00045377 0.00054604 0.00053704 0.00046135 0.00032356 0.00042894 0.00033097 0.00036262 0.00039032 0.00037748 0.0003819 0.00029872 0.00044847 0.00041233 0.0005117 0.00032565 0.0005475 0.00045123 0.00053319 7.9387e-05 4.5298e-05 5.6571e-05 4.2302e-05 7.0841e-05 0.00020117 0.00038038 0.00029286 0.00058475 0.00045844 0.00061107 0.00048747 0.00054415 0.00050594 0.0005251
0.00052004 0.00051761 0.00052159 0.00051703 0.00048921 0.00052374 0.00050819 0.00048753 0.00047648 0.0002528 5.8849e-05 4.8276e-05 4.7074e-05 4.6702e-05 4.7946e-05 9.0056e-05 0.00057539 0.0004703 0.00041063 0.0004794 0.00048693 0.00033111 0.00028994 0.0003623 0.00038732 0.00039186 0.0003639 0.0003665 0.00034367 0.00049223 0.00045773 0.00059863 0.00044289 0.00063133 8.5833e-05 5.173e-05 4.842e-05 5.0879e-05 4.6228e-05 6.1457e-05 0.00026111 0.00044369 0.00049663 0.00052264 0.00051695 0.00048615 0.00050999 0.00052487 0.00051503 0.00051998
0.00051881 0.00052278 0.00051517 0.00052547 0.00054318 0.00051927 0.00053492 0.0004897 0.0005295 0.00029685 7.2062e-05 4.2692e-05 5.3375e-05 3.8514e-05 5.7607e-05 4.0184e-05 7.8158e-05 0.00048723 0.00044523 0.00031893 0.00019037 0.00028696 0.00039769 0.00041432 0.00037386 0.00041906 0.00042222 0.00045833 0.0003422 0.00039951 0.00044746 0.00041088 0.00060121 0.00010669 5.6523e-05 5.8657e-05 3.9678e-05 5.194e-05 4.5835e-05 7.0498e-05 0.0002869 0.00052634 0.00049671 0.00052562 0.00051742 0.00055645 0.00052286 0.00051936 0.00052079 0.00052022
0.00051853 0.00052211 0.00051488 0.00052489 0.00048752 0.00052298 0.00051822 0.0004915 0.00053996 0.00053311 6.6962e-05 4.6088e-05 5.1881e-05 3.6164e-05 4.6419e-05 5.8333e-05 6.764e-05 0.00010168 0.00031563 0.00030444 0.00039072 0.00036485 0.00038141 0.00034212 0.00042931 0.00040495 0.00047197 0.00047537 0.0005079 0.00035835 0.00038879 0.00043534 0.00012438 6.4598e-05 5.4035e-05 4.3501e-05 3.9172e-05 5.1666e-05 4.5086e-05 6.7151e-05 0.0005471 0.00050999 0.0005375 0.00049421 0.0005439 0.00046269 0.00053401 0.00050736 0.00052589 0.00051648
0.00051648 0.00052957 0.00050383 0.00054075 0.00052095 0.0005445 0.00049921 0.00054529 0.00045109 0.00061382 0.00010112 5.4108e-05 4.84e-05 4.127e-05 4.1411e-05 5.0287e-05 5.392e-05 7.9479e-05 0.000547 0.00028955 0.00037346 0.00028794 0.00043461 0.00042102 0.00045015 0.00050308 0.00048102 0.00056692 0.00042791 0.00045962 0.0002287 0.00026398 2.546e-05 4.9214e-05 5.6071e-05 4.4745e-05 4.0644e-05 5.0962e-05 6.0909e-05 0.00012095 0.00065032 0.00041792 0.00057607 0.00045912 0.00057199 0.00051124 0.00055614 0.00049466 0.00053541 0.00051537
0.00051618 0.00052945 0.00050278 0.00054336 0.00046218 0.00055905 0.00047295 0.00055852 0.00044962 0.00062983 0.00029996 5.3922e-05 5.6963e-05 3.2611e-05 5.3929e-05 4.7102e-05 7.2879e-05 0.00036407 0.00037738 0.00044328 0.0004636 0.00039784 0.00036263 0.00039955 0.00046053 0.00048669 0.00044708 0.00044099 0.00041525 0.00042947 0.00041237 0.00042946 0.0001356 7.3795e-05 4.2682e-05 4.9631e-05 4.0683e-05 5.3826e-05 5.0497e-05 0.0004259 0.00060006 0.00046743 0.00056593 0.00047643 0.00056206 0.00044898 0.00054468 0.00050073 0.00053008 0.00051531
0.00051613 0.00053011 0.00050227 0.00054388 0.00051594 0.00055304 0.00047936 0.00057248 0.00042656 0.00061895 0.00040327 5.2856e-05 5.3462e-05 3.9669e-05 5.2342e-05 4.5547e-05 0.00010549 0.00053086 0.00040047 0.00045305 0.0003487 0.00045864 0.00040139 0.00035028 0.00025902 0.00011129 0.00035498 0.00036987 0.00044007 0.00037874 0.00047906 0.00032526 0.00062978 0.00010595 7.1954e-05 4.3168e-05 5.6722e-05 4.311e-05 7.847e-05 0.00048492 0.00055124 0.00048412 0.00051083 0.00051567 0.00051741 0.00055388 0.0005236 0.00051728 0.00052152 0.00051965
0.00051904 0.00052071 0.00051745 0.00052264 0.00048634 0.00053191 0.00050708 0.000529 0.00048447 0.0005511 0.00049013 7.3137e-05 4.3495e-05 5.5365e-05 4.1222e-05 7.1882e-05 0.00025011 0.00049431 0.00031806 0.00051437 0.00044659 0.00046048 0.00033505 0.00012633 8.7788e-05 0.00011451 0.00012253 0.00027264 0.00044617 0.00045652 0.00043159 0.0004834 0.00028127 0.00049285 6.8306e-05 3.7956e-05 6.7607e-05 3.958e-05 8.1619e-05 0.00059936 0.00046815 0.00057164 0.00046503 0.00056875 0.00048992 0.00051005 0.00049691 0.00053482 0.00051003 0.00052208
0.00051924 0.0005205 0.00051816 0.00052115 0.00054609 0.0005153 0.00051464 0.00053276 0.00048081 0.00052437 0.00055783 7.7418e-05 3.9907e-05 6.5084e-05 3.6061e-05 7.0904e-05 0.00027683 0.00049831 0.00042956 0.00045744 0.00038411 0.00045072 0.00026355 3.5757e-05 5.5243e-05 0.00013469 6.7349e-05 8.4548e-05 0.0004813 0.00042731 0.00044881 0.00044786 0.00052317 0.00039779 0.00011254 4.1443e-05 7.1337e-05 4.1797e-05 0.0001782 0.00059065 0.00047896 0.00054045 0.00044849 0.00056836 0.0004654 0.00059247 0.00049351 0.00053856 0.00050866 0.00052373
0.00051887 0.00052137 0.00051626 0.00052366 0.00048437 0.00053431 0.00051065 0.00051546 0.00049505 0.00049352 0.0005835 0.00013293 4.4889e-05 6.5663e-05 4.0591e-05 7.6849e-05 0.0003244 0.00046392 0.00033264 0.00055293 0.00039577 0.00054939 0.00015127 0.00015197 0.00015352 0.00024192 9.3712e-05 0.00047719 0.00036673 0.00056129 0.00036114 0.00059718 0.00027745 0.00059594 7.355e-05 4.0572e-05 7.1614e-05 3.964e-05 0.00024123 0.0006245 0.00043438 0.00060106 0.00041317 0.00060698 0.00046204 0.00053582 0.0004769 0.00054884 0.00050164 0.00052491
0.00051789 0.00052421 0.00051167 0.00053009 0.00053501 0.00052526 0.00049618 0.00055084 0.00045859 0.00050009 0.0005864 0.00019797 4.5932e-05 6.4596e-05 4.4768e-05 6.5244e-05 0.00028717 0.00044865 0.00046392 0.00045712 0.00040546 0.00047557 0.00042026 0.00038126 0.0003378 0.00018918 0.00035115 0.00042366 0.00045379 0.00044816 0.0004634 0.00047143 0.00057964 0.00040416 9.4975e-05 3.5456e-05 7.5863e-05 4.1198e-05 0.00031587 0.00057709 0.00048108 0.00053209 0.00042862 0.00057484 0.00045379 0.00059737 0.00048921 0.00054111 0.00050712 0.00052406
0.00051933 0.00051971 0.00051891 0.00051987 0.00048952 0.00052951 0.00052058 0.00049149 0.00049905 0.0004527 0.00059304 0.00031303 4.7301e-05 6.9823e-05 4.3248e-05 7.8444e-05 0.00023711 0.00041889 0.0003643 0.00051172 0.00045102 0.00053244 0.00042181 0.00050742 0.00026492 9.608e-05 0.00012452 0.00044046 0.00039419 0.00050563 0.00052778 0.00052172 0.00046014 0.00023665 5.9441e-05 4.4604e-05 6.5688e-05 4.4688e-05 0.00038959 0.00058639 0.00046995 0.00052723 0.00047398 0.00054673 0.00051028 0.00050038 0.0005054 0.00052876 0.00051345 0.00052102
0.00052129 0.0005137 0.00052907 0.00050529 0.00056596 0.00048485 0.00054161 0.00049954 0.00054133 0.00043148 0.00056936 0.00040744 5.4053e-05 6.0765e-05 5.4566e-05 6.3875e-05 0.00013613 0.00034176 0.00045557 0.00041638 0.0004714 0.00048174 0.00050286 0.00048452 7.4681e-05 4.4835e-05 7.8748e-05 0.00011224 0.00029686 0.0003485 0.00037878 0.00024561 0.00021167 0.00010184 8.1048e-05 5.5958e-05 5.7732e-05 7.176e-05 0.00050371 0.0004749 0.00056379 0.00040209 0.00055649 0.0004719 0.00053712 0.0005275 0.00053942 0.00050541 0.00052795 0.0005169
0.00052092 0.00051466 0.00052708 0.0005086 0.00050585 0.00051283 0.00054419 0.0004782 0.00054022 0.00043866 0.00052312 0.00051719 8.6296e-05 4.3187e-05 7.9307e-05 5.238e-05 0.0001993 9.3259e-05 0.00048133 0.00043384 0.00061032 0.00043191 0.00055619 0.00013662 0.00010765 8.8226e-05 0.00018175 0.00014832 0.00019278 0.00016882 0.00013122 0.00025317 0.00016093 0.00028597 4.6512e-05 6.3187e-05 5.9263e-05 8.147e-05 0.0005801 0.00052132 0.00044513 0.00052547 0.00052001 0.00052127 0.00053297 0.00048677 0.00051935 0.00051939 0.0005194 0.00051936
0.00051657 0.00052863 0.00050454 0.00054063 0.00051686 0.00054414 0.00047246 0.00058164 0.00045846 0.00057949 0.00038018 0.00058091 0.00021291 4.5769e-05 7.9386e-05 0.00017301 0.0002716 5.7761e-05 0.00027688 0.00028688 0.00041329 0.00032884 0.00022046 5.038e-05 9.6556e-05 0.0002843 0.00033137 0.00024489 0.00022684 0.00028172 0.00024389 0.0002733 0.00021733 0.00032378 0.00019904 5.5144e-05 7.5959e-05 0.00033147 0.00060259 0.00034952 0.00060432 0.00044158 0.00057355 0.00046792 0.00054713 0.00051659 0.00054406 0.00050188 0.00052992 0.00051603
0.00051934 0.00051883 0.00051994 0.0005185 0.00049751 0.00052597 0.00052627 0.0005039 0.00052235 0.00050464 0.00051653 0.00047461 0.00044945 7.4815e-05 7.3105e-05 0.00016893 0.00037301 0.00016177 0.00021735 0.00018502 0.00028449 0.00016875 0.00016904 0.00017375 0.00037447 0.00030992 0.00030894 0.00032765 0.00033802 0.00033448 0.00032787 0.00036113 0.00027154 0.00039572 0.00011671 2.661e-05 0.00011921 0.00044841 0.0004816 0.00052683 0.00050275 0.00052569 0.00052349 0.00051865 0.00053367 0.00048952 0.00052294 0.00051702 0.00052129 0.00051897
0.00052348 0.00050862 0.00053852 0.00049305 0.00057472 0.00046891 0.00056725 0.00046775 0.00058905 0.00044367 0.00059484 0.00041526 0.00061319 0.00018509 7.3408e-05 9.4585e-05 0.00042551 0.00032165 0.00035471 0.00019862 0.00021519 0.00022709 0.00033573 0.00037656 0.00034675 0.00036103 0.00040849 0.00035445 0.00037092 0.00034688 0.00034719 0.0003406 0.00037683 0.00036171 0.00011469 5.9412e-05 0.00037093 0.00061021 0.0004976 0.0005214 0.00050564 0.00053535 0.00049669 0.00053537 0.00049501 0.00055508 0.00050964 0.00052632 0.00051536 0.00052086
0.00051892 0.00052052 0.00051715 0.00052253 0.00049768 0.00053059 0.00051686 0.00051801 0.00051141 0.00052284 0.00051411 0.00052546 0.0004909 0.00057926 0.00019268 6.5595e-05 0.00032613 0.00042021 0.00036459 0.00043069 0.00042714 0.00040435 0.00039277 0.00035487 0.00042768 0.00036562 0.00037476 0.00036387 0.00041641 0.00036643 0.00044677 0.00036999 0.00043877 0.00026559 5.4004e-05 0.00024319 0.00058888 0.00042423 0.00054247 0.00050117 0.00054005 0.00049574 0.00054756 0.00049757 0.00054749 0.00048274 0.00053316 0.00051001 0.00052543 0.00051769
0.00051975 0.00051977 0.00051974 0.00051973 0.00053432 0.00051493 0.00051555 0.00052743 0.00051659 0.00052657 0.00050755 0.00052712 0.0005155 0.00049026 0.00049284 0.00020534 0.00010853 0.00043342 0.0004561 0.00043155 0.00040805 0.00044511 0.00043803 0.00047126 0.00040814 0.000454 0.00046146 0.00045095 0.00043571 0.00044227 0.00042244 0.00044828 0.00039122 6.244e-05 0.00028766 0.00053043 0.00050259 0.00055726 0.00053316 0.00050079 0.00053042 0.00051314 0.00051842 0.00051799 0.00051284 0.000537 0.0005186 0.00052019 0.000519 0.0005197
0.00051989 0.00051797 0.00052192 0.00051597 0.00051181 0.00051791 0.00052866 0.00050613 0.00052878 0.00050517 0.0005363 0.0005026 0.00053015 0.00053157 0.00054256 0.00048782 0.00025744 9.0972e-05 0.00040989 0.0004885 0.00049178 0.00045651 0.00046883 0.00043387 0.00049776 0.00044544 0.00045772 0.00044241 0.00048244 0.00044415 0.00052172 0.00034292 8.274e-05 0.00031135 0.0005148 0.00048977 0.00055314 0.00046712 0.00052897 0.0005137 0.00052916 0.00050699 0.00053555 0.00050732 0.00053614 0.00049618 0.00052753 0.00051396 0.00052308 0.00051844
0.00051987 0.00051944 0.00052 0.00051916 0.00052965 0.00051584 0.00051835 0.00052274 0.00051964 0.00052145 0.00051555 0.00052159 0.00052114 0.00049866 0.00050992 0.00051811 0.0005188 0.00036849 8.4715e-05 0.00029219 0.0004775 0.00048031 0.0005004 0.00050264 0.00047343 0.00049477 0.00050308 0.00049848 0.00048145 0.00048334 0.00023932 9.4113e-05 0.00045116 0.00050317 0.00053594 0.00052332 0.00051031 0.00054286 0.00052793 0.00050823 0.0005264 0.00051552 0.00051937 0.00051816 0.00051599 0.00053015 0.00051922 0.00051968 0.00051937 0.0005196
0.00051957 0.00051937 0.00051966 0.00051916 0.00051329 0.00052107 0.00052166 0.00051561 0.00052099 0.0005158 0.00052401 0.00051547 0.0005199 0.00053205 0.00052832 0.00051696 0.00052213 0.00051496 0.00050291 0.00028975 0.00020074 0.00031743 0.00038118 0.00039869 0.00043 0.00041608 0.00039363 0.00037223 0.00029025 0.00017584 0.00033059 0.00052587 0.00050723 0.00052771 0.00050989 0.00051414 0.00052891 0.00050027 0.00051588 0.00052512 0.00051659 0.00052032 0.00052146 0.00051881 0.00052353 0.00051084 0.00052075 0.00051876 0.00052011 0.00051943
0.00051957 0.00051974 0.00051948 0.00051981 0.0005233 0.00051879 0.00051809 0.00052208 0.00051834 0.00052197 0.00051628 0.00052202 0.0005191 0.00051229 0.00051407 0.00052151 0.00051731 0.00052204 0.0005224 0.00051722 0.00049468 0.00042129 0.0003535 0.000336 0.0003135 0.00032353 0.00033576 0.00036591 0.00043507 0.00051801 0.00051763 0.000515 0.00052808 0.00051326 0.00052672 0.00052148 0.00051503 0.00052994 0.00052271 0.00051506 0.00052223 0.00051809 0.00051922 0.00051921 0.00051783 0.0005243 0.00051928 0.00051982 0.00051938 0.00051961
0.00051952 0.00051951 0.00051961 0.0005196 0.00051833 0.00051988 0.00051994 0.00051875 0.00051975 0.00051866 0.00052044 0.00051864 0.00051957 0.00052202 0.00052139 0.00051892 0.00052012 0.00051846 0.00051804 0.00051987 0.00052084 0.0005189 0.00051845 0.00051687 0.00052045 0.00051692 0.0005167 0.00051834 0.00051922 0.00051764 0.00052068 0.00051941 0.00051783 0.00051997 0.00051863 0.00051758 0.00052235 0.00051494 0.00051948 0.00051998 0.00051955 0.00051902 0.00052043 0.00051888 0.00052079 0.00051749 0.00052011 0.00051923 0.00051983 0.00051948
