 # X Y F 
   0.00000000       0.00000000       3.6284631870690489E-005
   3.22580636E-02   0.00000000       2.0739544084619592E-005
   6.45161271E-02   0.00000000       2.2607668201972944E-007
   9.67741907E-02   0.00000000       1.2449249873117849E-005
  0.129032254       0.00000000       9.1000109002637228E-005
  0.161290318       0.00000000       1.2718559043858876E-004
  0.193548381       0.00000000       1.7134407256389416E-004
  0.225806445       0.00000000       1.6867532406548261E-004
  0.258064508       0.00000000       1.1195190431586729E-004
  0.290322572       0.00000000       7.5404293643597053E-005
  0.322580636       0.00000000       1.5965488031277537E-005
  0.354838699       0.00000000      -8.1918276598876833E-008
  0.387096763       0.00000000       1.2801837421662712E-009
  0.419354826       0.00000000       3.5710840415778447E-008
  0.451612890       0.00000000      -6.4393492894869636E-010
  0.483870953       0.00000000       3.3581311684883156E-010
  0.516129017       0.00000000      -7.1401103546926926E-011
  0.548387110       0.00000000      -2.1114585263745409E-009
  0.580645144       0.00000000      -1.7817078362827406E-009
  0.612903237       0.00000000       1.0975670046146632E-009
  0.645161271       0.00000000       1.8696663175282543E-010
  0.677419364       0.00000000      -6.3115215409424387E-010
  0.709677398       0.00000000       2.7540238627731480E-009
  0.741935492       0.00000000      -3.7490807353420282E-010
  0.774193525       0.00000000      -3.1784242120526220E-009
  0.806451619       0.00000000      -3.5150570804084120E-010
  0.838709652       0.00000000      -2.5019848157700825E-009
  0.870967746       0.00000000       9.9984755466894017E-010
  0.903225780       0.00000000       2.6318949747065693E-009
  0.935483873       0.00000000       2.3274127588843987E-009
  0.967741907       0.00000000       1.1469496958006718E-009
   1.00000000       0.00000000       7.7517358342102974E-010
   0.00000000       3.22580636E-02   2.0739544084623979E-005
   3.22580636E-02   3.22580636E-02  -1.2924766243562940E-007
   6.45161271E-02   3.22580636E-02   5.6354323675991098E-008
   9.67741907E-02   3.22580636E-02   5.7757234738307598E-005
  0.129032254       3.22580636E-02   1.4990395460335928E-004
  0.161290318       3.22580636E-02   2.2024557712236061E-004
  0.193548381       3.22580636E-02   1.7014815062467217E-004
  0.225806445       3.22580636E-02   1.8285982836253374E-004
  0.258064508       3.22580636E-02   1.7506878952834338E-004
  0.290322572       3.22580636E-02   1.0721180395718869E-004
  0.322580636       3.22580636E-02   5.8457409777819397E-005
  0.354838699       3.22580636E-02   4.6444651818363188E-006
  0.387096763       3.22580636E-02  -5.0126742848576045E-007
  0.419354826       3.22580636E-02   9.4070163784335466E-009
  0.451612890       3.22580636E-02   3.4147126292120749E-009
  0.483870953       3.22580636E-02  -1.9684578722174449E-009
  0.516129017       3.22580636E-02  -9.0281493719071997E-012
  0.548387110       3.22580636E-02  -3.7335737722185017E-009
  0.580645144       3.22580636E-02  -1.7887810051526348E-009
  0.612903237       3.22580636E-02   6.6949166076138799E-010
  0.645161271       3.22580636E-02  -6.0755471643188133E-010
  0.677419364       3.22580636E-02   1.5129102149146570E-009
  0.709677398       3.22580636E-02   2.1781206678976268E-009
  0.741935492       3.22580636E-02   4.0354722198000621E-009
  0.774193525       3.22580636E-02   2.7681831062459982E-009
  0.806451619       3.22580636E-02   2.3617690770108048E-009
  0.838709652       3.22580636E-02  -5.7925368946211075E-010
  0.870967746       3.22580636E-02  -1.8521541685233021E-010
  0.903225780       3.22580636E-02   7.9774970650968029E-010
  0.935483873       3.22580636E-02  -3.3830925159117800E-009
  0.967741907       3.22580636E-02  -8.2471081023885495E-010
   1.00000000       3.22580636E-02  -1.0720315741514669E-009
   0.00000000       6.45161271E-02   2.2607668202129306E-007
   3.22580636E-02   6.45161271E-02   5.6354323674174444E-008
   6.45161271E-02   6.45161271E-02   4.5603289332893619E-005
   9.67741907E-02   6.45161271E-02   1.4821606034329195E-004
  0.129032254       6.45161271E-02   1.7787820183710662E-004
  0.161290318       6.45161271E-02   2.0455575756277242E-004
  0.193548381       6.45161271E-02   3.8032178264015096E-004
  0.225806445       6.45161271E-02   3.3496941189807002E-004
  0.258064508       6.45161271E-02   2.1484627107826198E-004
  0.290322572       6.45161271E-02   1.8957485045511979E-004
  0.322580636       6.45161271E-02   1.1455361185906336E-004
  0.354838699       6.45161271E-02   5.2112164261223166E-005
  0.387096763       6.45161271E-02   3.0816941918303662E-007
  0.419354826       6.45161271E-02  -2.8936664566086773E-009
  0.451612890       6.45161271E-02   4.4847503751054593E-009
  0.483870953       6.45161271E-02  -6.0687343196406961E-010
  0.516129017       6.45161271E-02  -2.7099990818331853E-009
  0.548387110       6.45161271E-02  -5.0531926873777913E-009
  0.580645144       6.45161271E-02  -1.2219175217600387E-009
  0.612903237       6.45161271E-02  -1.9134304211645937E-009
  0.645161271       6.45161271E-02  -4.8846025091260228E-010
  0.677419364       6.45161271E-02   2.3112473414088209E-009
  0.709677398       6.45161271E-02   2.3944424071563541E-009
  0.741935492       6.45161271E-02  -4.3284937777259761E-010
  0.774193525       6.45161271E-02  -8.0792476834414043E-010
  0.806451619       6.45161271E-02   5.7993076247370467E-010
  0.838709652       6.45161271E-02  -2.5790196761753061E-010
  0.870967746       6.45161271E-02   9.3704885185463264E-010
  0.903225780       6.45161271E-02   3.6671773376128917E-010
  0.935483873       6.45161271E-02  -6.0268631850896410E-010
  0.967741907       6.45161271E-02  -1.5670554028423935E-010
   1.00000000       6.45161271E-02   1.2037057159089185E-009
   0.00000000       9.67741907E-02   1.2449249873111435E-005
   3.22580636E-02   9.67741907E-02   5.7757234738306263E-005
   6.45161271E-02   9.67741907E-02   1.4821606034328688E-004
   9.67741907E-02   9.67741907E-02   1.5543965599042157E-004
  0.129032254       9.67741907E-02   2.7792176943874485E-004
  0.161290318       9.67741907E-02   2.4924644853482349E-004
  0.193548381       9.67741907E-02   3.9213099181092056E-005
  0.225806445       9.67741907E-02   6.2900998899655019E-005
  0.258064508       9.67741907E-02   2.4961168725707005E-004
  0.290322572       9.67741907E-02   2.2522018994396167E-004
  0.322580636       9.67741907E-02   1.7380766754225042E-004
  0.354838699       9.67741907E-02   1.1317044943089079E-004
  0.387096763       9.67741907E-02   3.4704317540625723E-005
  0.419354826       9.67741907E-02  -9.2396317749871374E-009
  0.451612890       9.67741907E-02  -4.4617431697294044E-010
  0.483870953       9.67741907E-02   2.5640337547663419E-009
  0.516129017       9.67741907E-02  -1.5690445711791072E-009
  0.548387110       9.67741907E-02  -4.1737805702442564E-009
  0.580645144       9.67741907E-02  -1.0423945227107265E-009
  0.612903237       9.67741907E-02  -1.1980016696976359E-010
  0.645161271       9.67741907E-02  -3.6445503437549621E-011
  0.677419364       9.67741907E-02   2.6889579856266123E-009
  0.709677398       9.67741907E-02   1.9352555557147112E-010
  0.741935492       9.67741907E-02  -2.3175425042233665E-009
  0.774193525       9.67741907E-02  -1.3802917649466368E-009
  0.806451619       9.67741907E-02   4.6704604315950485E-010
  0.838709652       9.67741907E-02  -6.5140294026238997E-010
  0.870967746       9.67741907E-02  -1.6679940918577333E-009
  0.903225780       9.67741907E-02  -1.0648984520058988E-009
  0.935483873       9.67741907E-02  -2.2056541705005699E-009
  0.967741907       9.67741907E-02   4.3276311885339171E-010
   1.00000000       9.67741907E-02   1.2044794679824416E-009
   0.00000000      0.129032254       9.1000109002645292E-005
   3.22580636E-02  0.129032254       1.4990395460335795E-004
   6.45161271E-02  0.129032254       1.7787820183711377E-004
   9.67741907E-02  0.129032254       2.7792176943874133E-004
  0.129032254      0.129032254       2.9655618112805414E-004
  0.161290318      0.129032254       3.3818137691640624E-004
  0.193548381      0.129032254       1.2088107384986286E-003
  0.225806445      0.129032254       8.5136768835119159E-004
  0.258064508      0.129032254       2.8754534106273827E-004
  0.290322572      0.129032254       2.2463281252997828E-004
  0.322580636      0.129032254       2.5169320047224334E-004
  0.354838699      0.129032254       1.6406340194418279E-004
  0.387096763      0.129032254       7.8911925017866196E-005
  0.419354826      0.129032254       1.1034412663840863E-006
  0.451612890      0.129032254      -3.4283583962472784E-007
  0.483870953      0.129032254       3.1144263394212957E-008
  0.516129017      0.129032254       5.0491382428401257E-010
  0.548387110      0.129032254       2.5312478063930755E-009
  0.580645144      0.129032254      -9.5464396941282029E-010
  0.612903237      0.129032254       1.2347446969911025E-009
  0.645161271      0.129032254       3.3315824158679179E-009
  0.677419364      0.129032254       1.2835608636852006E-009
  0.709677398      0.129032254      -3.2620826186128157E-009
  0.741935492      0.129032254      -1.3594554809822595E-009
  0.774193525      0.129032254       7.2560279940434075E-010
  0.806451619      0.129032254       3.6713768014259281E-011
  0.838709652      0.129032254       1.0383947169634912E-009
  0.870967746      0.129032254      -2.4083506328010323E-010
  0.903225780      0.129032254       1.1586050731681761E-009
  0.935483873      0.129032254       7.5602376588485584E-010
  0.967741907      0.129032254       1.6013800052954226E-009
   1.00000000      0.129032254       4.3906123968338910E-010
   0.00000000      0.161290318       1.2718559043858066E-004
   3.22580636E-02  0.161290318       2.2024557712235592E-004
   6.45161271E-02  0.161290318       2.0455575756278088E-004
   9.67741907E-02  0.161290318       2.4924644853483092E-004
  0.129032254      0.161290318       3.3818137691638309E-004
  0.161290318      0.161290318       2.7991816110383664E-004
  0.193548381      0.161290318       2.0822576083180354E-003
  0.225806445      0.161290318       6.5382203575962299E-004
  0.258064508      0.161290318       2.7992971865958545E-004
  0.290322572      0.161290318       3.7775891310287457E-004
  0.322580636      0.161290318       2.6110149665526571E-004
  0.354838699      0.161290318       2.1230765387119028E-004
  0.387096763      0.161290318       1.0926062627342955E-004
  0.419354826      0.161290318       2.9428644255749047E-005
  0.451612890      0.161290318      -8.4746593829120001E-007
  0.483870953      0.161290318       3.0966585309286516E-008
  0.516129017      0.161290318      -2.4396922539856620E-009
  0.548387110      0.161290318       2.4126478666253171E-009
  0.580645144      0.161290318      -8.3912474565118402E-010
  0.612903237      0.161290318      -3.9608223994687892E-010
  0.645161271      0.161290318       3.9428483877479772E-010
  0.677419364      0.161290318      -1.2039143693501763E-009
  0.709677398      0.161290318      -4.7832198460329039E-010
  0.741935492      0.161290318       7.8453183303241565E-010
  0.774193525      0.161290318       1.1813163552127922E-009
  0.806451619      0.161290318       1.6174589325312985E-009
  0.838709652      0.161290318       2.3488048542427019E-009
  0.870967746      0.161290318       2.7247317966800615E-009
  0.903225780      0.161290318      -6.1669302587575211E-012
  0.935483873      0.161290318       1.0970756914861387E-009
  0.967741907      0.161290318       2.4079825647048222E-009
   1.00000000      0.161290318       1.7602096273480195E-009
   0.00000000      0.193548381       1.7134407256389717E-004
   3.22580636E-02  0.193548381       1.7014815062467437E-004
   6.45161271E-02  0.193548381       3.8032178264015286E-004
   9.67741907E-02  0.193548381       3.9213099181092923E-005
  0.129032254      0.193548381       1.2088107384986269E-003
  0.161290318      0.193548381       2.0822576083181134E-003
  0.193548381      0.193548381       1.1031605525291548E-002
  0.225806445      0.193548381       6.4756080518778387E-003
  0.258064508      0.193548381       5.4252886288640113E-004
  0.290322572      0.193548381       4.6743348165617014E-004
  0.322580636      0.193548381       3.0676242092186911E-004
  0.354838699      0.193548381       2.0644251594862967E-004
  0.387096763      0.193548381       1.4318573167933633E-004
  0.419354826      0.193548381       3.5764054916536059E-005
  0.451612890      0.193548381       1.0719479694472232E-007
  0.483870953      0.193548381      -9.7618337334408501E-008
  0.516129017      0.193548381       2.3551747329082084E-010
  0.548387110      0.193548381       1.0597570195803469E-009
  0.580645144      0.193548381      -1.5174607264144616E-009
  0.612903237      0.193548381       1.8271781453796661E-010
  0.645161271      0.193548381       2.4758662805370358E-010
  0.677419364      0.193548381       9.5106200420437856E-010
  0.709677398      0.193548381       5.5823614956271298E-010
  0.741935492      0.193548381      -1.6565593779325732E-009
  0.774193525      0.193548381       3.0922020849017613E-010
  0.806451619      0.193548381      -7.9736477925483602E-010
  0.838709652      0.193548381      -2.0366144664000086E-009
  0.870967746      0.193548381      -1.0768619696523166E-009
  0.903225780      0.193548381      -4.0741386955256479E-009
  0.935483873      0.193548381      -9.8282919977208440E-010
  0.967741907      0.193548381       1.1426939215804404E-009
   1.00000000      0.193548381      -9.2330467151551764E-010
   0.00000000      0.225806445       1.6867532406547570E-004
   3.22580636E-02  0.225806445       1.8285982836253282E-004
   6.45161271E-02  0.225806445       3.3496941189806851E-004
   9.67741907E-02  0.225806445       6.2900998899663882E-005
  0.129032254      0.225806445       8.5136768835113240E-004
  0.161290318      0.225806445       6.5382203575968826E-004
  0.193548381      0.225806445       6.4756080518777398E-003
  0.225806445      0.225806445       2.6841087664386887E-003
  0.258064508      0.225806445       4.5983773692121453E-004
  0.290322572      0.225806445       3.5177249040275880E-004
  0.322580636      0.225806445       3.1804140193262799E-004
  0.354838699      0.225806445       2.0193827558605048E-004
  0.387096763      0.225806445       1.2854239691205158E-004
  0.419354826      0.225806445       4.1412024229952215E-005
  0.451612890      0.225806445      -1.3851521758872786E-009
  0.483870953      0.225806445      -3.2239210678697844E-008
  0.516129017      0.225806445      -8.7542399382349861E-010
  0.548387110      0.225806445       1.4657022053577616E-009
  0.580645144      0.225806445      -1.0535463871400270E-009
  0.612903237      0.225806445      -1.1413075941119079E-010
  0.645161271      0.225806445      -1.4282957529158778E-009
  0.677419364      0.225806445       6.0601324368962684E-010
  0.709677398      0.225806445      -5.6676112119092007E-011
  0.741935492      0.225806445      -4.6756038055083180E-010
  0.774193525      0.225806445      -6.6420128955499069E-010
  0.806451619      0.225806445      -2.0034058172578820E-009
  0.838709652      0.225806445       4.0970986230812370E-011
  0.870967746      0.225806445      -1.0976363579691190E-009
  0.903225780      0.225806445      -3.1859545107273815E-009
  0.935483873      0.225806445      -1.1137227333969066E-009
  0.967741907      0.225806445      -1.0036405368463935E-009
   1.00000000      0.225806445      -1.2076604335644418E-009
   0.00000000      0.258064508       1.1195190431587761E-004
   3.22580636E-02  0.258064508       1.7506878952833853E-004
   6.45161271E-02  0.258064508       2.1484627107826192E-004
   9.67741907E-02  0.258064508       2.4961168725706317E-004
  0.129032254      0.258064508       2.8754534106275112E-004
  0.161290318      0.258064508       2.7992971865959998E-004
  0.193548381      0.258064508       5.4252886288642433E-004
  0.225806445      0.258064508       4.5983773692121567E-004
  0.258064508      0.258064508       3.1619208168823899E-004
  0.290322572      0.258064508       2.4431593679050416E-004
  0.322580636      0.258064508       2.9601174208722500E-004
  0.354838699      0.258064508       1.7118505236697414E-004
  0.387096763      0.258064508       1.1302139132244069E-004
  0.419354826      0.258064508       1.6335337060173231E-005
  0.451612890      0.258064508       1.3168126133943197E-008
  0.483870953      0.258064508      -1.3270475273628981E-008
  0.516129017      0.258064508       1.6925466782743761E-009
  0.548387110      0.258064508       1.7591828142627858E-009
  0.580645144      0.258064508       1.5551374381702587E-010
  0.612903237      0.258064508       2.6314157121991805E-011
  0.645161271      0.258064508      -2.6733482256645215E-010
  0.677419364      0.258064508      -6.5135545178408345E-011
  0.709677398      0.258064508       1.9956201744225206E-010
  0.741935492      0.258064508      -2.7407803537582019E-009
  0.774193525      0.258064508      -4.4175179053635152E-010
  0.806451619      0.258064508      -1.2646210487315195E-010
  0.838709652      0.258064508      -7.1821757591277890E-010
  0.870967746      0.258064508      -1.5339437813191902E-009
  0.903225780      0.258064508       3.9534493144019485E-010
  0.935483873      0.258064508       8.2131429226877580E-010
  0.967741907      0.258064508      -2.4315702393046038E-010
   1.00000000      0.258064508       4.3556780498999889E-010
   0.00000000      0.290322572       7.5404293643586509E-005
   3.22580636E-02  0.290322572       1.0721180395719456E-004
   6.45161271E-02  0.290322572       1.8957485045511369E-004
   9.67741907E-02  0.290322572       2.2522018994395221E-004
  0.129032254      0.290322572       2.2463281252996746E-004
  0.161290318      0.290322572       3.7775891310283597E-004
  0.193548381      0.290322572       4.6743348165616716E-004
  0.225806445      0.290322572       3.5177249040272091E-004
  0.258064508      0.290322572       2.4431593679053495E-004
  0.290322572      0.290322572       2.4332303686537779E-004
  0.322580636      0.290322572       2.1289226684088550E-004
  0.354838699      0.290322572       1.4656200500341206E-004
  0.387096763      0.290322572       6.9149881286727485E-005
  0.419354826      0.290322572      -8.7049613486877970E-007
  0.451612890      0.290322572       2.1176777864133365E-007
  0.483870953      0.290322572       2.2736704047403924E-009
  0.516129017      0.290322572       1.8689748301575579E-009
  0.548387110      0.290322572       7.3994277716699461E-010
  0.580645144      0.290322572       1.4068639347216640E-009
  0.612903237      0.290322572       8.5342988974420726E-010
  0.645161271      0.290322572       3.2531692966351476E-010
  0.677419364      0.290322572      -8.3419915332075112E-010
  0.709677398      0.290322572      -1.7596751485943933E-009
  0.741935492      0.290322572      -4.2675755306782696E-010
  0.774193525      0.290322572      -8.3484603811184642E-010
  0.806451619      0.290322572      -1.9826188729237411E-009
  0.838709652      0.290322572      -1.0539625501454253E-009
  0.870967746      0.290322572       1.1981770247798359E-010
  0.903225780      0.290322572       8.6792270391447691E-010
  0.935483873      0.290322572       3.8387085930252528E-010
  0.967741907      0.290322572      -1.5099920775544203E-009
   1.00000000      0.290322572      -4.1504111795162820E-009
   0.00000000      0.322580636       1.5965488031286980E-005
   3.22580636E-02  0.322580636       5.8457409777813013E-005
   6.45161271E-02  0.322580636       1.1455361185906150E-004
   9.67741907E-02  0.322580636       1.7380766754225416E-004
  0.129032254      0.322580636       2.5169320047225066E-004
  0.161290318      0.322580636       2.6110149665526750E-004
  0.193548381      0.322580636       3.0676242092186396E-004
  0.225806445      0.322580636       3.1804140193262859E-004
  0.258064508      0.322580636       2.9601174208721746E-004
  0.290322572      0.322580636       2.1289226684087137E-004
  0.322580636      0.322580636       1.5910799080355267E-004
  0.354838699      0.322580636       9.4838795751635676E-005
  0.387096763      0.322580636       2.4834199903630314E-005
  0.419354826      0.322580636       1.8044857989927364E-007
  0.451612890      0.322580636       4.0472304613912651E-009
  0.483870953      0.322580636      -9.8569201855288623E-010
  0.516129017      0.322580636      -2.2608205559907421E-009
  0.548387110      0.322580636       2.0838626922655721E-009
  0.580645144      0.322580636       3.7633013467665010E-009
  0.612903237      0.322580636       1.7143068682475895E-009
  0.645161271      0.322580636       1.6729652160137276E-009
  0.677419364      0.322580636      -1.5333324381258262E-011
  0.709677398      0.322580636      -1.1386514025923508E-009
  0.741935492      0.322580636       2.8894192916719377E-009
  0.774193525      0.322580636      -7.1073533232837120E-010
  0.806451619      0.322580636      -6.2926262491035582E-010
  0.838709652      0.322580636       1.5055271359632448E-009
  0.870967746      0.322580636       4.4765984091904873E-010
  0.903225780      0.322580636      -3.4940224165905915E-010
  0.935483873      0.322580636      -1.1149517910907231E-009
  0.967741907      0.322580636      -1.5514909727676007E-009
   1.00000000      0.322580636      -2.3985984132796662E-009
   0.00000000      0.354838699      -8.1918276597567558E-008
   3.22580636E-02  0.354838699       4.6444651818435186E-006
   6.45161271E-02  0.354838699       5.2112164261232097E-005
   9.67741907E-02  0.354838699       1.1317044943089172E-004
  0.129032254      0.354838699       1.6406340194418374E-004
  0.161290318      0.354838699       2.1230765387119627E-004
  0.193548381      0.354838699       2.0644251594863295E-004
  0.225806445      0.354838699       2.0193827558605203E-004
  0.258064508      0.354838699       1.7118505236697379E-004
  0.290322572      0.354838699       1.4656200500342862E-004
  0.322580636      0.354838699       9.4838795751627585E-005
  0.354838699      0.354838699       3.5470766051912819E-005
  0.387096763      0.354838699       1.7292916316420762E-008
  0.419354826      0.354838699      -1.8614416243313883E-007
  0.451612890      0.354838699       5.2868052096761824E-011
  0.483870953      0.354838699      -3.7622556418692510E-009
  0.516129017      0.354838699      -2.0823156574474013E-010
  0.548387110      0.354838699       3.6281820167914604E-009
  0.580645144      0.354838699       2.9625081431143362E-009
  0.612903237      0.354838699       1.8366628333408315E-009
  0.645161271      0.354838699       1.6494380617763325E-010
  0.677419364      0.354838699      -8.0104787511899881E-010
  0.709677398      0.354838699       2.4299550204197126E-009
  0.741935492      0.354838699       1.0612436900986546E-009
  0.774193525      0.354838699      -4.5285020893581198E-010
  0.806451619      0.354838699      -2.8882871483246184E-010
  0.838709652      0.354838699       1.6461483538923420E-009
  0.870967746      0.354838699       1.3808412445939395E-009
  0.903225780      0.354838699      -3.2414380199684528E-010
  0.935483873      0.354838699       1.2961734115520902E-009
  0.967741907      0.354838699       1.1935324444786036E-009
   1.00000000      0.354838699       1.9627090190749225E-009
   0.00000000      0.387096763       1.2801837433309200E-009
   3.22580636E-02  0.387096763      -5.0126742849010912E-007
   6.45161271E-02  0.387096763       3.0816941918698538E-007
   9.67741907E-02  0.387096763       3.4704317540630534E-005
  0.129032254      0.387096763       7.8911925017861344E-005
  0.161290318      0.387096763       1.0926062627342893E-004
  0.193548381      0.387096763       1.4318573167932880E-004
  0.225806445      0.387096763       1.2854239691206245E-004
  0.258064508      0.387096763       1.1302139132243726E-004
  0.290322572      0.387096763       6.9149881286729504E-005
  0.322580636      0.387096763       2.4834199903638591E-005
  0.354838699      0.387096763       1.7292916319024115E-008
  0.387096763      0.387096763       8.8191044823350739E-008
  0.419354826      0.387096763       2.0099846968099838E-008
  0.451612890      0.387096763       3.2695919697710876E-010
  0.483870953      0.387096763       5.6878072961970332E-010
  0.516129017      0.387096763       3.4832847613558203E-009
  0.548387110      0.387096763       2.4698986527719342E-009
  0.580645144      0.387096763      -9.6737146593547691E-010
  0.612903237      0.387096763      -2.5718460392859220E-009
  0.645161271      0.387096763      -1.3917470536034361E-009
  0.677419364      0.387096763       5.5576321312910699E-010
  0.709677398      0.387096763      -1.0752485875736052E-009
  0.741935492      0.387096763      -3.1520235823671310E-009
  0.774193525      0.387096763      -3.1770570386836871E-009
  0.806451619      0.387096763       1.2355920385568822E-009
  0.838709652      0.387096763       4.0797621130794671E-010
  0.870967746      0.387096763       9.9019295068945109E-010
  0.903225780      0.387096763       5.2090816413390758E-010
  0.935483873      0.387096763       9.1018239914945629E-010
  0.967741907      0.387096763      -9.6899011042724422E-010
   1.00000000      0.387096763       1.1411107482825204E-009
   0.00000000      0.419354826       3.5710840415111634E-008
   3.22580636E-02  0.419354826       9.4070163816979653E-009
   6.45161271E-02  0.419354826      -2.8936664582737501E-009
   9.67741907E-02  0.419354826      -9.2396317767540034E-009
  0.129032254      0.419354826       1.1034412663886362E-006
  0.161290318      0.419354826       2.9428644255748244E-005
  0.193548381      0.419354826       3.5764054916544482E-005
  0.225806445      0.419354826       4.1412024229944680E-005
  0.258064508      0.419354826       1.6335337060182643E-005
  0.290322572      0.419354826      -8.7049613487088309E-007
  0.322580636      0.419354826       1.8044857989644068E-007
  0.354838699      0.419354826      -1.8614416243850510E-007
  0.387096763      0.419354826       2.0099846968335274E-008
  0.419354826      0.419354826       1.6821778709085203E-009
  0.451612890      0.419354826      -1.9512706122856912E-009
  0.483870953      0.419354826      -1.3580781754510591E-009
  0.516129017      0.419354826       7.4093247581842098E-010
  0.548387110      0.419354826       2.5923210697879237E-009
  0.580645144      0.419354826       1.5700152860284618E-010
  0.612903237      0.419354826       1.2150999652376037E-009
  0.645161271      0.419354826       3.4818261744887840E-009
  0.677419364      0.419354826       2.2255491902364202E-009
  0.709677398      0.419354826      -6.2797905930284741E-010
  0.741935492      0.419354826      -3.0307693491312933E-009
  0.774193525      0.419354826       5.4738041954471207E-010
  0.806451619      0.419354826       1.0143659582920584E-009
  0.838709652      0.419354826      -2.4637327588465897E-010
  0.870967746      0.419354826       2.4817632083131913E-009
  0.903225780      0.419354826       2.6401633795330237E-009
  0.935483873      0.419354826       1.5227046305615746E-009
  0.967741907      0.419354826      -2.7202564984761976E-009
   1.00000000      0.419354826      -1.1775502915339382E-009
   0.00000000      0.451612890      -6.4393492898424362E-010
   3.22580636E-02  0.451612890       3.4147126293591571E-009
   6.45161271E-02  0.451612890       4.4847503724395687E-009
   9.67741907E-02  0.451612890      -4.4617432004699020E-010
  0.129032254      0.451612890      -3.4283583962617632E-007
  0.161290318      0.451612890      -8.4746593828438701E-007
  0.193548381      0.451612890       1.0719479694715212E-007
  0.225806445      0.451612890      -1.3851521770630528E-009
  0.258064508      0.451612890       1.3168126136240208E-008
  0.290322572      0.451612890       2.1176777864277991E-007
  0.322580636      0.451612890       4.0472304603530261E-009
  0.354838699      0.451612890       5.2868053914199575E-011
  0.387096763      0.451612890       3.2695919588606461E-010
  0.419354826      0.451612890      -1.9512706127897544E-009
  0.451612890      0.451612890      -2.3935273213725587E-009
  0.483870953      0.451612890      -2.4459792087577210E-009
  0.516129017      0.451612890       1.2833306503173054E-009
  0.548387110      0.451612890       3.8679452691992485E-009
  0.580645144      0.451612890       2.4500506718807776E-009
  0.612903237      0.451612890       1.7172145216202139E-009
  0.645161271      0.451612890       4.0340233061181090E-009
  0.677419364      0.451612890       1.2404105964434948E-009
  0.709677398      0.451612890      -1.8556235299309189E-009
  0.741935492      0.451612890       1.0445031746605701E-010
  0.774193525      0.451612890       2.1909620159708636E-009
  0.806451619      0.451612890       2.1856399772197602E-009
  0.838709652      0.451612890       1.3864222450976022E-009
  0.870967746      0.451612890      -6.5012079343937607E-010
  0.903225780      0.451612890       5.9964392101970648E-010
  0.935483873      0.451612890      -6.5184151897432080E-010
  0.967741907      0.451612890       5.1706172229166809E-010
   1.00000000      0.451612890       1.2260237126753815E-009
   0.00000000      0.483870953       3.3581311543329868E-010
   3.22580636E-02  0.483870953      -1.9684578700253223E-009
   6.45161271E-02  0.483870953      -6.0687342700131464E-010
   9.67741907E-02  0.483870953       2.5640337560605375E-009
  0.129032254      0.483870953       3.1144263393784544E-008
  0.161290318      0.483870953       3.0966585304868736E-008
  0.193548381      0.483870953      -9.7618337328605491E-008
  0.225806445      0.483870953      -3.2239210676879469E-008
  0.258064508      0.483870953      -1.3270475273796751E-008
  0.290322572      0.483870953       2.2736704082210170E-009
  0.322580636      0.483870953      -9.8569201868675383E-010
  0.354838699      0.483870953      -3.7622556431602152E-009
  0.387096763      0.483870953       5.6878073090401434E-010
  0.419354826      0.483870953      -1.3580781764002621E-009
  0.451612890      0.483870953      -2.4459792108980115E-009
  0.483870953      0.483870953      -1.3845760483499672E-009
  0.516129017      0.483870953       3.6078822965888913E-009
  0.548387110      0.483870953       2.9045050846033734E-009
  0.580645144      0.483870953      -7.9123508067735365E-010
  0.612903237      0.483870953      -1.4101117203022783E-009
  0.645161271      0.483870953      -2.3225130280947124E-009
  0.677419364      0.483870953      -3.5997896858945987E-010
  0.709677398      0.483870953       5.2548294219235649E-010
  0.741935492      0.483870953       8.5011510954228415E-010
  0.774193525      0.483870953       3.2032589163466597E-009
  0.806451619      0.483870953      -4.8176559055769952E-010
  0.838709652      0.483870953       1.3040066586466491E-009
  0.870967746      0.483870953      -2.3561701201804610E-010
  0.903225780      0.483870953      -2.8153204246020851E-009
  0.935483873      0.483870953      -3.8442660706652388E-010
  0.967741907      0.483870953      -2.3725448924851701E-009
   1.00000000      0.483870953       1.2008558735454298E-009
   0.00000000      0.516129017      -7.1401102969048379E-011
   3.22580636E-02  0.516129017      -9.0281508801285632E-012
   6.45161271E-02  0.516129017      -2.7099990802746843E-009
   9.67741907E-02  0.516129017      -1.5690445727336655E-009
  0.129032254      0.516129017       5.0491382214289298E-010
  0.161290318      0.516129017      -2.4396922574046336E-009
  0.193548381      0.516129017       2.3551747192202077E-010
  0.225806445      0.516129017      -8.7542399873588201E-010
  0.258064508      0.516129017       1.6925466768367263E-009
  0.290322572      0.516129017       1.8689748308316054E-009
  0.322580636      0.516129017      -2.2608205556396134E-009
  0.354838699      0.516129017      -2.0823156731120395E-010
  0.387096763      0.516129017       3.4832847634829475E-009
  0.419354826      0.516129017       7.4093247092444060E-010
  0.451612890      0.516129017       1.2833306507901113E-009
  0.483870953      0.516129017       3.6078822937356372E-009
  0.516129017      0.516129017      -3.9219258389531751E-010
  0.548387110      0.516129017      -9.3400860898341155E-010
  0.580645144      0.516129017      -1.6544559326805093E-009
  0.612903237      0.516129017      -1.9594275278757051E-010
  0.645161271      0.516129017      -1.8662500854055448E-011
  0.677419364      0.516129017       9.7530724208158980E-010
  0.709677398      0.516129017       3.7926530398241885E-010
  0.741935492      0.516129017       5.0437631758400232E-009
  0.774193525      0.516129017       8.4961448048564885E-009
  0.806451619      0.516129017       6.5059721465815238E-009
  0.838709652      0.516129017       5.7685042403995418E-009
  0.870967746      0.516129017       2.6283040103439239E-009
  0.903225780      0.516129017       3.0069716382150061E-009
  0.935483873      0.516129017      -3.7038314512226578E-009
  0.967741907      0.516129017       1.0428603519835239E-009
   1.00000000      0.516129017       2.6862926403535457E-009
   0.00000000      0.548387110      -2.1114585279583958E-009
   3.22580636E-02  0.548387110      -3.7335737730777075E-009
   6.45161271E-02  0.548387110      -5.0531926868491749E-009
   9.67741907E-02  0.548387110      -4.1737805721563109E-009
  0.129032254      0.548387110       2.5312478093839919E-009
  0.161290318      0.548387110       2.4126478673128328E-009
  0.193548381      0.548387110       1.0597570227938145E-009
  0.225806445      0.548387110       1.4657022075149012E-009
  0.258064508      0.548387110       1.7591828147539919E-009
  0.290322572      0.548387110       7.3994277649914532E-010
  0.322580636      0.548387110       2.0838626911530700E-009
  0.354838699      0.548387110       3.6281820127350750E-009
  0.387096763      0.548387110       2.4698986517344119E-009
  0.419354826      0.548387110       2.5923210716183350E-009
  0.451612890      0.548387110       3.8679452668461496E-009
  0.483870953      0.548387110       2.9045050875251155E-009
  0.516129017      0.548387110      -9.3400860525058636E-010
  0.548387110      0.548387110      -1.4411461091814235E-011
  0.580645144      0.548387110       4.2879367401313943E-009
  0.612903237      0.548387110       6.3470352754022875E-009
  0.645161271      0.548387110       2.1317606696515034E-009
  0.677419364      0.548387110       3.4479210630846177E-009
  0.709677398      0.548387110       4.0726957684695940E-008
  0.741935492      0.548387110       2.2590713061229735E-006
  0.774193525      0.548387110       1.2839074241591964E-006
  0.806451619      0.548387110       2.1062361210726885E-007
  0.838709652      0.548387110       2.1052141349020901E-006
  0.870967746      0.548387110       7.6723931437423849E-008
  0.903225780      0.548387110      -5.2177060213443505E-008
  0.935483873      0.548387110       5.8459246673944443E-009
  0.967741907      0.548387110       6.2495662231449304E-010
   1.00000000      0.548387110      -1.6174805915567922E-009
   0.00000000      0.580645144      -1.7817078405152985E-009
   3.22580636E-02  0.580645144      -1.7887810055064195E-009
   6.45161271E-02  0.580645144      -1.2219175210102731E-009
   9.67741907E-02  0.580645144      -1.0423945250315497E-009
  0.129032254      0.580645144      -9.5464396834291097E-010
  0.161290318      0.580645144      -8.3912474781646875E-010
  0.193548381      0.580645144      -1.5174607241682906E-009
  0.225806445      0.580645144      -1.0535463873943951E-009
  0.258064508      0.580645144       1.5551374423045705E-010
  0.290322572      0.580645144       1.4068639345479519E-009
  0.322580636      0.580645144       3.7633013480352811E-009
  0.354838699      0.580645144       2.9625081421231128E-009
  0.387096763      0.580645144      -9.6737146395491908E-010
  0.419354826      0.580645144       1.5700152718167803E-010
  0.451612890      0.580645144       2.4500506727316450E-009
  0.483870953      0.580645144      -7.9123507850049438E-010
  0.516129017      0.580645144      -1.6544559306290900E-009
  0.548387110      0.580645144       4.2879367429939686E-009
  0.580645144      0.580645144       2.7273739819087038E-009
  0.612903237      0.580645144       1.4562472494683472E-008
  0.645161271      0.580645144      -1.8286252298352693E-007
  0.677419364      0.580645144       1.9896099562331546E-007
  0.709677398      0.580645144       8.5762439257349586E-007
  0.741935492      0.580645144      -7.4825984138911371E-007
  0.774193525      0.580645144       3.9585898553478043E-006
  0.806451619      0.580645144       1.0609077048493910E-005
  0.838709652      0.580645144       7.4677836884281618E-007
  0.870967746      0.580645144       1.5562909718164883E-006
  0.903225780      0.580645144       9.9829245170899948E-007
  0.935483873      0.580645144       1.1066352378143052E-007
  0.967741907      0.580645144      -2.9437977404445773E-009
   1.00000000      0.580645144       2.3408112937756876E-008
   0.00000000      0.612903237       1.0975670036606912E-009
   3.22580636E-02  0.612903237       6.6949166165248258E-010
   6.45161271E-02  0.612903237      -1.9134304198331038E-009
   9.67741907E-02  0.612903237      -1.1980016720912960E-010
  0.129032254      0.612903237       1.2347446987427091E-009
  0.161290318      0.612903237      -3.9608223812359428E-010
  0.193548381      0.612903237       1.8271781628586465E-010
  0.225806445      0.612903237      -1.1413075862481639E-010
  0.258064508      0.612903237       2.6314158601506797E-011
  0.290322572      0.612903237       8.5342988969578556E-010
  0.322580636      0.612903237       1.7143068674376103E-009
  0.354838699      0.612903237       1.8366628300413286E-009
  0.387096763      0.612903237      -2.5718460410750896E-009
  0.419354826      0.612903237       1.2150999644258653E-009
  0.451612890      0.612903237       1.7172145204535249E-009
  0.483870953      0.612903237      -1.4101117195647475E-009
  0.516129017      0.612903237      -1.9594275515489326E-010
  0.548387110      0.612903237       6.3470352783286407E-009
  0.580645144      0.612903237       1.4562472493715158E-008
  0.612903237      0.612903237       6.9138945545198004E-008
  0.645161271      0.612903237       4.9630604405284779E-007
  0.677419364      0.612903237       3.1445038578882725E-006
  0.709677398      0.612903237       2.2500554164581291E-006
  0.741935492      0.612903237       1.9445156944992363E-005
  0.774193525      0.612903237       2.2414954080431660E-006
  0.806451619      0.612903237      -5.6846789939443590E-006
  0.838709652      0.612903237       1.1347612323292842E-006
  0.870967746      0.612903237       5.8700988795338188E-007
  0.903225780      0.612903237      -1.0818411466534054E-006
  0.935483873      0.612903237       2.6166429542227221E-006
  0.967741907      0.612903237      -8.7827924467366337E-008
   1.00000000      0.612903237       2.1965886227963965E-008
   0.00000000      0.645161271       1.8696663089004281E-010
   3.22580636E-02  0.645161271      -6.0755471713714948E-010
   6.45161271E-02  0.645161271      -4.8846024716285504E-010
   9.67741907E-02  0.645161271      -3.6445507217987868E-011
  0.129032254      0.645161271       3.3315824162251718E-009
  0.161290318      0.645161271       3.9428483534371426E-010
  0.193548381      0.645161271       2.4758662620084217E-010
  0.225806445      0.645161271      -1.4282957511668512E-009
  0.258064508      0.645161271      -2.6733482797302287E-010
  0.290322572      0.645161271       3.2531693339954263E-010
  0.322580636      0.645161271       1.6729652151152258E-009
  0.354838699      0.645161271       1.6494380331000142E-010
  0.387096763      0.645161271      -1.3917470523282977E-009
  0.419354826      0.645161271       3.4818261769794446E-009
  0.451612890      0.645161271       4.0340233050531627E-009
  0.483870953      0.645161271      -2.3225130274485123E-009
  0.516129017      0.645161271      -1.8662501955879168E-011
  0.548387110      0.645161271       2.1317606693923883E-009
  0.580645144      0.645161271      -1.8286252298016318E-007
  0.612903237      0.645161271       4.9630604404893322E-007
  0.645161271      0.645161271       5.1960468586461060E-007
  0.677419364      0.645161271      -3.6210576827666579E-007
  0.709677398      0.645161271       2.9895160306160782E-005
  0.741935492      0.645161271       2.1326679405966268E-004
  0.774193525      0.645161271       4.8690817342682036E-004
  0.806451619      0.645161271       6.4642436453879687E-004
  0.838709652      0.645161271       4.2032497793515074E-004
  0.870967746      0.645161271       1.5815909875078744E-004
  0.903225780      0.645161271       1.4128335858674435E-005
  0.935483873      0.645161271       1.2613356318985870E-005
  0.967741907      0.645161271       1.4950089412063563E-006
   1.00000000      0.645161271       6.9294756829859864E-007
   0.00000000      0.677419364      -6.3115215250904528E-010
   3.22580636E-02  0.677419364       1.5129102180449709E-009
   6.45161271E-02  0.677419364       2.3112473465851191E-009
   9.67741907E-02  0.677419364       2.6889579866911325E-009
  0.129032254      0.677419364       1.2835608631665249E-009
  0.161290318      0.677419364      -1.2039143690851418E-009
  0.193548381      0.677419364       9.5106200418684337E-010
  0.225806445      0.677419364       6.0601324265462382E-010
  0.258064508      0.677419364      -6.5135543387068505E-011
  0.290322572      0.677419364      -8.3419915142634642E-010
  0.322580636      0.677419364      -1.5333324339864551E-011
  0.354838699      0.677419364      -8.0104787279042262E-010
  0.387096763      0.677419364       5.5576321170023623E-010
  0.419354826      0.677419364       2.2255491940093241E-009
  0.451612890      0.677419364       1.2404105962173728E-009
  0.483870953      0.677419364      -3.5997896537710794E-010
  0.516129017      0.677419364       9.7530723920771682E-010
  0.548387110      0.677419364       3.4479210577869932E-009
  0.580645144      0.677419364       1.9896099563337295E-007
  0.612903237      0.677419364       3.1445038578883339E-006
  0.645161271      0.677419364      -3.6210576826730883E-007
  0.677419364      0.677419364       1.3289562895255386E-004
  0.709677398      0.677419364       7.3725473913794997E-004
  0.741935492      0.677419364       1.9785408425792156E-003
  0.774193525      0.677419364       2.9944835631135003E-003
  0.806451619      0.677419364       3.3923747172779598E-003
  0.838709652      0.677419364       2.5457240324714405E-003
  0.870967746      0.677419364       1.3746251331400396E-003
  0.903225780      0.677419364       3.8631709892851372E-004
  0.935483873      0.677419364      -9.8223339514570323E-007
  0.967741907      0.677419364       9.6425946415870812E-006
   1.00000000      0.677419364       1.3841791014538952E-006
   0.00000000      0.709677398       2.7540238627864263E-009
   3.22580636E-02  0.709677398       2.1781206644666351E-009
   6.45161271E-02  0.709677398       2.3944424078294454E-009
   9.67741907E-02  0.709677398       1.9352555594219519E-010
  0.129032254      0.709677398      -3.2620826204728355E-009
  0.161290318      0.709677398      -4.7832198270409963E-010
  0.193548381      0.709677398       5.5823614790106108E-010
  0.225806445      0.709677398      -5.6676109867955564E-011
  0.258064508      0.709677398       1.9956201886177565E-010
  0.290322572      0.709677398      -1.7596751511862773E-009
  0.322580636      0.709677398      -1.1386514030624572E-009
  0.354838699      0.709677398       2.4299550205552201E-009
  0.387096763      0.709677398      -1.0752485907332233E-009
  0.419354826      0.709677398      -6.2797905879962195E-010
  0.451612890      0.709677398      -1.8556235268736794E-009
  0.483870953      0.709677398       5.2548294399445579E-010
  0.516129017      0.709677398       3.7926530820221012E-010
  0.548387110      0.709677398       4.0726957680653542E-008
  0.580645144      0.709677398       8.5762439257475921E-007
  0.612903237      0.709677398       2.2500554164506930E-006
  0.645161271      0.709677398       2.9895160306173942E-005
  0.677419364      0.709677398       7.3725473913784133E-004
  0.709677398      0.709677398       2.8247783237142685E-003
  0.741935492      0.709677398       6.6372315340863831E-003
  0.774193525      0.709677398       1.1115163536798372E-002
  0.806451619      0.709677398       1.2367429416550984E-002
  0.838709652      0.709677398       9.5713791795547180E-003
  0.870967746      0.709677398       4.9358070938308584E-003
  0.903225780      0.709677398       1.8589175402396422E-003
  0.935483873      0.709677398       3.5679579743533535E-004
  0.967741907      0.709677398       5.8210964978256311E-007
   1.00000000      0.709677398       2.2511211009041584E-006
   0.00000000      0.741935492      -3.7490807002068379E-010
   3.22580636E-02  0.741935492       4.0354722185461621E-009
   6.45161271E-02  0.741935492      -4.3284937573826621E-010
   9.67741907E-02  0.741935492      -2.3175425056788160E-009
  0.129032254      0.741935492      -1.3594554787510881E-009
  0.161290318      0.741935492       7.8453183220924190E-010
  0.193548381      0.741935492      -1.6565593778702836E-009
  0.225806445      0.741935492      -4.6756037647551465E-010
  0.258064508      0.741935492      -2.7407803521049983E-009
  0.290322572      0.741935492      -4.2675755471178132E-010
  0.322580636      0.741935492       2.8894192915323538E-009
  0.354838699      0.741935492       1.0612436900836082E-009
  0.387096763      0.741935492      -3.1520235850216818E-009
  0.419354826      0.741935492      -3.0307693452983357E-009
  0.451612890      0.741935492       1.0445031397612960E-010
  0.483870953      0.741935492       8.5011511119875592E-010
  0.516129017      0.741935492       5.0437631803324245E-009
  0.548387110      0.741935492       2.2590713061183779E-006
  0.580645144      0.741935492      -7.4825984139351468E-007
  0.612903237      0.741935492       1.9445156944984441E-005
  0.645161271      0.741935492       2.1326679405962189E-004
  0.677419364      0.741935492       1.9785408425793062E-003
  0.709677398      0.741935492       6.6372315340864673E-003
  0.741935492      0.741935492       1.6718287083862707E-002
  0.774193525      0.741935492       2.7438783042488424E-002
  0.806451619      0.741935492       3.0875401431259428E-002
  0.838709652      0.741935492       2.3518827154242340E-002
  0.870967746      0.741935492       1.2205388134617627E-002
  0.903225780      0.741935492       4.0498361021055014E-003
  0.935483873      0.741935492       1.0217094988532170E-003
  0.967741907      0.741935492       2.4684918798849652E-006
   1.00000000      0.741935492       3.3619762654559505E-005
   0.00000000      0.774193525      -3.1784242120814555E-009
   3.22580636E-02  0.774193525       2.7681831081282878E-009
   6.45161271E-02  0.774193525      -8.0792476624238668E-010
   9.67741907E-02  0.774193525      -1.3802917638154489E-009
  0.129032254      0.774193525       7.2560279908270573E-010
  0.161290318      0.774193525       1.1813163541958874E-009
  0.193548381      0.774193525       3.0922020822195578E-010
  0.225806445      0.774193525      -6.6420128941491747E-010
  0.258064508      0.774193525      -4.4175179173042670E-010
  0.290322572      0.774193525      -8.3484603685518464E-010
  0.322580636      0.774193525      -7.1073533213058115E-010
  0.354838699      0.774193525      -4.5285020555686944E-010
  0.387096763      0.774193525      -3.1770570408214754E-009
  0.419354826      0.774193525       5.4738042305369909E-010
  0.451612890      0.774193525       2.1909620196483895E-009
  0.483870953      0.774193525       3.2032589147574816E-009
  0.516129017      0.774193525       8.4961448135995113E-009
  0.548387110      0.774193525       1.2839074241472575E-006
  0.580645144      0.774193525       3.9585898553594603E-006
  0.612903237      0.774193525       2.2414954080242107E-006
  0.645161271      0.774193525       4.8690817342682936E-004
  0.677419364      0.774193525       2.9944835631134422E-003
  0.709677398      0.774193525       1.1115163536798237E-002
  0.741935492      0.774193525       2.7438783042488316E-002
  0.774193525      0.774193525       4.5578602494885760E-002
  0.806451619      0.774193525       5.1321811365921510E-002
  0.838709652      0.774193525       3.9055182105012548E-002
  0.870967746      0.774193525       2.0123351127984662E-002
  0.903225780      0.774193525       6.8569610256723123E-003
  0.935483873      0.774193525       1.7300980167308071E-003
  0.967741907      0.774193525       5.9536509136577218E-005
   1.00000000      0.774193525       1.9308834148686764E-005
   0.00000000      0.806451619      -3.5150570770548786E-010
   3.22580636E-02  0.806451619       2.3617690748214422E-009
   6.45161271E-02  0.806451619       5.7993076216246649E-010
   9.67741907E-02  0.806451619       4.6704604270134078E-010
  0.129032254      0.806451619       3.6713766449559154E-011
  0.161290318      0.806451619       1.6174589359203328E-009
  0.193548381      0.806451619      -7.9736477807812652E-010
  0.225806445      0.806451619      -2.0034058145840079E-009
  0.258064508      0.806451619      -1.2646210259960765E-010
  0.290322572      0.806451619      -1.9826188707541307E-009
  0.322580636      0.806451619      -6.2926262220411357E-010
  0.354838699      0.806451619      -2.8882871470021665E-010
  0.387096763      0.806451619       1.2355920370311556E-009
  0.419354826      0.806451619       1.0143659601922850E-009
  0.451612890      0.806451619       2.1856399777592428E-009
  0.483870953      0.806451619      -4.8176559023162834E-010
  0.516129017      0.806451619       6.5059721464389253E-009
  0.548387110      0.806451619       2.1062361210738050E-007
  0.580645144      0.806451619       1.0609077048510721E-005
  0.612903237      0.806451619      -5.6846789939384324E-006
  0.645161271      0.806451619       6.4642436453879080E-004
  0.677419364      0.806451619       3.3923747172779563E-003
  0.709677398      0.806451619       1.2367429416551286E-002
  0.741935492      0.806451619       3.0875401431259580E-002
  0.774193525      0.806451619       5.1321811365921913E-002
  0.806451619      0.806451619       5.7705500943548128E-002
  0.838709652      0.806451619       4.3972103823382187E-002
  0.870967746      0.806451619       2.2577815694814832E-002
  0.903225780      0.806451619       7.6210399902231496E-003
  0.935483873      0.806451619       1.9338795076766018E-003
  0.967741907      0.806451619       1.3439064152257290E-004
   1.00000000      0.806451619       6.0068392895453213E-005
   0.00000000      0.838709652      -2.5019848125764011E-009
   3.22580636E-02  0.838709652      -5.7925368998823681E-010
   6.45161271E-02  0.838709652      -2.5790196919961135E-010
   9.67741907E-02  0.838709652      -6.5140294163998267E-010
  0.129032254      0.838709652       1.0383947154286989E-009
  0.161290318      0.838709652       2.3488048561581556E-009
  0.193548381      0.838709652      -2.0366144678242916E-009
  0.225806445      0.838709652       4.0970988306974277E-011
  0.258064508      0.838709652      -7.1821757542598124E-010
  0.290322572      0.838709652      -1.0539625515958400E-009
  0.322580636      0.838709652       1.5055271349288358E-009
  0.354838699      0.838709652       1.6461483525404243E-009
  0.387096763      0.838709652       4.0797621245368533E-010
  0.419354826      0.838709652      -2.4637327349802939E-010
  0.451612890      0.838709652       1.3864222461963209E-009
  0.483870953      0.838709652       1.3040066560858069E-009
  0.516129017      0.838709652       5.7685042376632366E-009
  0.548387110      0.838709652       2.1052141348936765E-006
  0.580645144      0.838709652       7.4677836883672009E-007
  0.612903237      0.838709652       1.1347612323398443E-006
  0.645161271      0.838709652       4.2032497793513442E-004
  0.677419364      0.838709652       2.5457240324713009E-003
  0.709677398      0.838709652       9.5713791795548064E-003
  0.741935492      0.838709652       2.3518827154242004E-002
  0.774193525      0.838709652       3.9055182105013075E-002
  0.806451619      0.838709652       4.3972103823381709E-002
  0.838709652      0.838709652       3.3463696195515057E-002
  0.870967746      0.838709652       1.7261773584406281E-002
  0.903225780      0.838709652       5.8554732085521000E-003
  0.935483873      0.838709652       1.4586343186984982E-003
  0.967741907      0.838709652       5.0228997157336283E-005
   1.00000000      0.838709652       9.1148597914405259E-006
   0.00000000      0.870967746       9.9984755399965862E-010
   3.22580636E-02  0.870967746      -1.8521541519088571E-010
   6.45161271E-02  0.870967746       9.3704885292797125E-010
   9.67741907E-02  0.870967746      -1.6679940915705845E-009
  0.129032254      0.870967746      -2.4083506368427277E-010
  0.161290318      0.870967746       2.7247317967776035E-009
  0.193548381      0.870967746      -1.0768619720739776E-009
  0.225806445      0.870967746      -1.0976363574934189E-009
  0.258064508      0.870967746      -1.5339437782922677E-009
  0.290322572      0.870967746       1.1981770446075844E-010
  0.322580636      0.870967746       4.4765984196835340E-010
  0.354838699      0.870967746       1.3808412447461443E-009
  0.387096763      0.870967746       9.9019294990616626E-010
  0.419354826      0.870967746       2.4817632095748792E-009
  0.451612890      0.870967746      -6.5012079671343655E-010
  0.483870953      0.870967746      -2.3561701574091058E-010
  0.516129017      0.870967746       2.6283040112623301E-009
  0.548387110      0.870967746       7.6723931434020113E-008
  0.580645144      0.870967746       1.5562909718189663E-006
  0.612903237      0.870967746       5.8700988794345698E-007
  0.645161271      0.870967746       1.5815909875075660E-004
  0.677419364      0.870967746       1.3746251331401909E-003
  0.709677398      0.870967746       4.9358070938307127E-003
  0.741935492      0.870967746       1.2205388134617814E-002
  0.774193525      0.870967746       2.0123351127984229E-002
  0.806451619      0.870967746       2.2577815694815328E-002
  0.838709652      0.870967746       1.7261773584405529E-002
  0.870967746      0.870967746       8.9691095357462974E-003
  0.903225780      0.870967746       3.0252458821922673E-003
  0.935483873      0.870967746       6.9219732211549690E-004
  0.967741907      0.870967746       1.1542935122267762E-006
   1.00000000      0.870967746       1.9520731292212847E-005
   0.00000000      0.903225780       2.6318949724418633E-009
   3.22580636E-02  0.903225780       7.9774970680706051E-010
   6.45161271E-02  0.903225780       3.6671773277258893E-010
   9.67741907E-02  0.903225780      -1.0648984530741593E-009
  0.129032254      0.903225780       1.1586050729501779E-009
  0.161290318      0.903225780      -6.1669292985835278E-012
  0.193548381      0.903225780      -4.0741386964152699E-009
  0.225806445      0.903225780      -3.1859545127850466E-009
  0.258064508      0.903225780       3.9534492787791812E-010
  0.290322572      0.903225780       8.6792270405209723E-010
  0.322580636      0.903225780      -3.4940224450113701E-010
  0.354838699      0.903225780      -3.2414379974482595E-010
  0.387096763      0.903225780       5.2090816443970012E-010
  0.419354826      0.903225780       2.6401633818861822E-009
  0.451612890      0.903225780       5.9964392406199375E-010
  0.483870953      0.903225780      -2.8153204210170462E-009
  0.516129017      0.903225780       3.0069716356832255E-009
  0.548387110      0.903225780      -5.2177060219561088E-008
  0.580645144      0.903225780       9.9829245171239671E-007
  0.612903237      0.903225780      -1.0818411466535115E-006
  0.645161271      0.903225780       1.4128335858658011E-005
  0.677419364      0.903225780       3.8631709892854158E-004
  0.709677398      0.903225780       1.8589175402395526E-003
  0.741935492      0.903225780       4.0498361021055343E-003
  0.774193525      0.903225780       6.8569610256721328E-003
  0.806451619      0.903225780       7.6210399902232008E-003
  0.838709652      0.903225780       5.8554732085520471E-003
  0.870967746      0.903225780       3.0252458821924057E-003
  0.903225780      0.903225780       1.1249976092556652E-003
  0.935483873      0.903225780       1.6213131918135892E-004
  0.967741907      0.903225780       2.5005892157233541E-006
   1.00000000      0.903225780       3.7467510208021191E-006
   0.00000000      0.935483873       2.3274127587545715E-009
   3.22580636E-02  0.935483873      -3.3830925171630950E-009
   6.45161271E-02  0.935483873      -6.0268631687169625E-010
   9.67741907E-02  0.935483873      -2.2056541711039870E-009
  0.129032254      0.935483873       7.5602376687148017E-010
  0.161290318      0.935483873       1.0970756914053905E-009
  0.193548381      0.935483873      -9.8282919990874705E-010
  0.225806445      0.935483873      -1.1137227356532411E-009
  0.258064508      0.935483873       8.2131429094742405E-010
  0.290322572      0.935483873       3.8387086237738340E-010
  0.322580636      0.935483873      -1.1149517901551066E-009
  0.354838699      0.935483873       1.2961734132467316E-009
  0.387096763      0.935483873       9.1018239638847650E-010
  0.419354826      0.935483873       1.5227046261350925E-009
  0.451612890      0.935483873      -6.5184152274990419E-010
  0.483870953      0.935483873      -3.8442660129656408E-010
  0.516129017      0.935483873      -3.7038314539894549E-009
  0.548387110      0.935483873       5.8459246701749615E-009
  0.580645144      0.935483873       1.1066352378196579E-007
  0.612903237      0.935483873       2.6166429542346254E-006
  0.645161271      0.935483873       1.2613356318967187E-005
  0.677419364      0.935483873      -9.8223339513929267E-007
  0.709677398      0.935483873       3.5679579743535384E-004
  0.741935492      0.935483873       1.0217094988532228E-003
  0.774193525      0.935483873       1.7300980167308392E-003
  0.806451619      0.935483873       1.9338795076767020E-003
  0.838709652      0.935483873       1.4586343186984716E-003
  0.870967746      0.935483873       6.9219732211548270E-004
  0.903225780      0.935483873       1.6213131918131862E-004
  0.935483873      0.935483873      -1.6194951564696854E-006
  0.967741907      0.935483873       5.6628279191936957E-006
   1.00000000      0.935483873       1.8441750392720800E-007
   0.00000000      0.967741907       1.1469496927184167E-009
   3.22580636E-02  0.967741907      -8.2471081163492075E-010
   6.45161271E-02  0.967741907      -1.5670553943313078E-010
   9.67741907E-02  0.967741907       4.3276311908168456E-010
  0.129032254      0.967741907       1.6013800072231069E-009
  0.161290318      0.967741907       2.4079825640577250E-009
  0.193548381      0.967741907       1.1426939202235412E-009
  0.225806445      0.967741907      -1.0036405393774994E-009
  0.258064508      0.967741907      -2.4315702700603401E-010
  0.290322572      0.967741907      -1.5099920782392886E-009
  0.322580636      0.967741907      -1.5514909737030911E-009
  0.354838699      0.967741907       1.1935324460745301E-009
  0.387096763      0.967741907      -9.6899010892425415E-010
  0.419354826      0.967741907      -2.7202564933232355E-009
  0.451612890      0.967741907       5.1706171944639581E-010
  0.483870953      0.967741907      -2.3725448913570364E-009
  0.516129017      0.967741907       1.0428603559934463E-009
  0.548387110      0.967741907       6.2495662127872922E-010
  0.580645144      0.967741907      -2.9437977394821498E-009
  0.612903237      0.967741907      -8.7827924471726253E-008
  0.645161271      0.967741907       1.4950089411947627E-006
  0.677419364      0.967741907       9.6425946415950671E-006
  0.709677398      0.967741907       5.8210964976989563E-007
  0.741935492      0.967741907       2.4684918799090121E-006
  0.774193525      0.967741907       5.9536509136603876E-005
  0.806451619      0.967741907       1.3439064152258751E-004
  0.838709652      0.967741907       5.0228997157359648E-005
  0.870967746      0.967741907       1.1542935122446848E-006
  0.903225780      0.967741907       2.5005892157317473E-006
  0.935483873      0.967741907       5.6628279191933399E-006
  0.967741907      0.967741907      -1.9698093042709611E-007
   1.00000000      0.967741907       2.8536250905204806E-007
   0.00000000       1.00000000       7.7517358425413493E-010
   3.22580636E-02   1.00000000      -1.0720315746176339E-009
   6.45161271E-02   1.00000000       1.2037057175646551E-009
   9.67741907E-02   1.00000000       1.2044794676943185E-009
  0.129032254       1.00000000       4.3906124012871682E-010
  0.161290318       1.00000000       1.7602096273030401E-009
  0.193548381       1.00000000      -9.2330466871145860E-010
  0.225806445       1.00000000      -1.2076604348738083E-009
  0.258064508       1.00000000       4.3556780656881061E-010
  0.290322572       1.00000000      -4.1504111790238936E-009
  0.322580636       1.00000000      -2.3985984097625463E-009
  0.354838699       1.00000000       1.9627090152830993E-009
  0.387096763       1.00000000       1.1411107470018378E-009
  0.419354826       1.00000000      -1.1775502917636249E-009
  0.451612890       1.00000000       1.2260237102902292E-009
  0.483870953       1.00000000       1.2008558747177791E-009
  0.516129017       1.00000000       2.6862926409128112E-009
  0.548387110       1.00000000      -1.6174805914183035E-009
  0.580645144       1.00000000       2.3408112937835947E-008
  0.612903237       1.00000000       2.1965886229203724E-008
  0.645161271       1.00000000       6.9294756830029863E-007
  0.677419364       1.00000000       1.3841791014511227E-006
  0.709677398       1.00000000       2.2511211008986865E-006
  0.741935492       1.00000000       3.3619762654579847E-005
  0.774193525       1.00000000       1.9308834148646486E-005
  0.806451619       1.00000000       6.0068392895467118E-005
  0.838709652       1.00000000       9.1148597914278864E-006
  0.870967746       1.00000000       1.9520731292208053E-005
  0.903225780       1.00000000       3.7467510208043370E-006
  0.935483873       1.00000000       1.8441750393053250E-007
  0.967741907       1.00000000       2.8536250905555023E-007
   1.00000000       1.00000000       1.0485660474383631E-007
