 # X Y F 
   0.00000000       0.00000000       1.5058289731470712E-005
   6.66666701E-02   0.00000000       2.0579944203516775E-005
  0.133333340       0.00000000       2.2392320672165290E-005
  0.200000003       0.00000000       1.0680697729425698E-005
  0.266666681       0.00000000      -3.5838360631646851E-005
  0.333333343       0.00000000      -6.6564025116580672E-005
  0.400000006       0.00000000      -5.4021213250164465E-005
  0.466666669       0.00000000      -1.3539830219809942E-004
  0.533333361       0.00000000      -2.9196084623926070E-004
  0.600000024       0.00000000      -3.2372112135965313E-004
  0.666666687       0.00000000      -3.4819270998899207E-004
  0.733333349       0.00000000      -3.5668737589217335E-004
  0.800000012       0.00000000      -3.6161561620395367E-004
  0.866666675       0.00000000      -3.4624455865355115E-004
  0.933333337       0.00000000      -3.3694670310628930E-004
   1.00000000       0.00000000      -3.3001211940028005E-004
   0.00000000       6.66666701E-02   2.0579944203516775E-005
   6.66666701E-02   6.66666701E-02   2.5559479075261511E-005
  0.133333340       6.66666701E-02  -3.6560616013533182E-005
  0.200000003       6.66666701E-02   8.5039127887509385E-004
  0.266666681       6.66666701E-02   1.8180140946559549E-003
  0.333333343       6.66666701E-02   5.9398627783800746E-003
  0.400000006       6.66666701E-02   3.0218474862180131E-003
  0.466666669       6.66666701E-02  -1.8147707674851286E-004
  0.533333361       6.66666701E-02  -1.4413085407024103E-004
  0.600000024       6.66666701E-02  -2.4878843087446621E-004
  0.666666687       6.66666701E-02  -3.8013287144104122E-004
  0.733333349       6.66666701E-02  -3.2220462199892272E-004
  0.800000012       6.66666701E-02  -3.4526388282624175E-004
  0.866666675       6.66666701E-02  -3.2049704814840832E-004
  0.933333337       6.66666701E-02  -3.4798543424309643E-004
   1.00000000       6.66666701E-02  -3.3556252969541445E-004
   0.00000000      0.133333340       2.2392320672165290E-005
   6.66666701E-02  0.133333340      -3.6560616013533182E-005
  0.133333340      0.133333340       5.8537590494950513E-003
  0.200000003      0.133333340       2.4059126861116124E-004
  0.266666681      0.133333340       2.7211432816869031E-003
  0.333333343      0.133333340       2.8930224537469457E-003
  0.400000006      0.133333340       1.3721929931594663E-002
  0.466666669      0.133333340       1.3997966616440361E-002
  0.533333361      0.133333340      -1.7713047787763374E-004
  0.600000024      0.133333340      -4.3024504663387878E-004
  0.666666687      0.133333340      -4.4468040527883754E-004
  0.733333349      0.133333340      -4.1881187523680339E-004
  0.800000012      0.133333340      -4.3803660212305545E-004
  0.866666675      0.133333340      -3.9318231276401386E-004
  0.933333337      0.133333340      -3.6562980297814331E-004
   1.00000000      0.133333340      -3.5020124560649550E-004
   0.00000000      0.200000003       1.0680697729425698E-005
   6.66666701E-02  0.200000003       8.5039127887509385E-004
  0.133333340      0.200000003       2.4059126861116124E-004
  0.200000003      0.200000003       1.2591307075895670E-004
  0.266666681      0.200000003       4.9987668108711510E-005
  0.333333343      0.200000003       7.9995408473826943E-005
  0.400000006      0.200000003       2.8746137695362575E-003
  0.466666669      0.200000003       1.0945858785003697E-002
  0.533333361      0.200000003       9.2871079337212871E-003
  0.600000024      0.200000003      -6.0663750856315658E-004
  0.666666687      0.200000003      -3.9697586971027676E-004
  0.733333349      0.200000003      -4.0161276174589838E-004
  0.800000012      0.200000003      -3.8238023204469713E-004
  0.866666675      0.200000003      -3.5155990207156272E-004
  0.933333337      0.200000003      -3.9137706922586174E-004
   1.00000000      0.200000003      -3.6743796888979074E-004
   0.00000000      0.266666681      -3.5838360631646851E-005
   6.66666701E-02  0.266666681       1.8180140946559549E-003
  0.133333340      0.266666681       2.7211432816869031E-003
  0.200000003      0.266666681       4.9987668108711510E-005
  0.266666681      0.266666681       2.6089851322028158E-003
  0.333333343      0.266666681       1.5097620023788350E-004
  0.400000006      0.266666681       8.7355447581733085E-003
  0.466666669      0.266666681       1.2020045815051013E-002
  0.533333361      0.266666681       1.7850237752692929E-003
  0.600000024      0.266666681      -4.7296279287108449E-004
  0.666666687      0.266666681      -5.5786190720193715E-004
  0.733333349      0.266666681      -5.7471635702217383E-004
  0.800000012      0.266666681      -5.2065029221043608E-004
  0.866666675      0.266666681      -4.8316878068767734E-004
  0.933333337      0.266666681      -4.1360548183809790E-004
   1.00000000      0.266666681      -3.9367829135444736E-004
   0.00000000      0.333333343      -6.6564025116580672E-005
   6.66666701E-02  0.333333343       5.9398627783800746E-003
  0.133333340      0.333333343       2.8930224537469457E-003
  0.200000003      0.333333343       7.9995408473826943E-005
  0.266666681      0.333333343       1.5097620023788350E-004
  0.333333343      0.333333343       5.2558177540216414E-004
  0.400000006      0.333333343       1.0285627251182042E-004
  0.466666669      0.333333343       9.2715564313683996E-003
  0.533333361      0.333333343       1.1474506934670659E-002
  0.600000024      0.333333343      -5.0551205209303242E-004
  0.666666687      0.333333343      -5.6794969505289772E-004
  0.733333349      0.333333343      -4.6736401928284746E-004
  0.800000012      0.333333343      -5.1124725025014769E-004
  0.866666675      0.333333343      -4.1201234329569147E-004
  0.933333337      0.333333343      -4.4528955721627402E-004
   1.00000000      0.333333343      -4.1415031604697240E-004
   0.00000000      0.400000006      -5.4021213250164465E-005
   6.66666701E-02  0.400000006       3.0218474862180131E-003
  0.133333340      0.400000006       1.3721929931594663E-002
  0.200000003      0.400000006       2.8746137695362575E-003
  0.266666681      0.400000006       8.7355447581733085E-003
  0.333333343      0.400000006       1.0285627251182042E-004
  0.400000006      0.400000006       6.9233570035024013E-003
  0.466666669      0.400000006       2.2068820231890281E-002
  0.533333361      0.400000006       1.4219523773567057E-002
  0.600000024      0.400000006      -3.9114428668982505E-005
  0.666666687      0.400000006      -8.7490824863604890E-004
  0.733333349      0.400000006      -7.6004843571526393E-004
  0.800000012      0.400000006      -7.3899868261052533E-004
  0.866666675      0.400000006      -5.4077752514576009E-004
  0.933333337      0.400000006      -5.2627814798029407E-004
   1.00000000      0.400000006      -4.1670383924290037E-004
   0.00000000      0.466666669      -1.3539830219809942E-004
   6.66666701E-02  0.466666669      -1.8147707674851286E-004
  0.133333340      0.466666669       1.3997966616440361E-002
  0.200000003      0.466666669       1.0945858785003697E-002
  0.266666681      0.466666669       1.2020045815051013E-002
  0.333333343      0.466666669       9.2715564313683996E-003
  0.400000006      0.466666669       2.2068820231890281E-002
  0.466666669      0.466666669       3.7886106746049086E-002
  0.533333361      0.466666669       2.1913630613280943E-002
  0.600000024      0.466666669      -1.3958379939745884E-003
  0.666666687      0.466666669      -1.0505316093573137E-003
  0.733333349      0.466666669      -8.1045761862688420E-004
  0.800000012      0.466666669      -7.9993495419999807E-004
  0.866666675      0.466666669      -5.6866997690294130E-004
  0.933333337      0.466666669      -3.8981237057554260E-004
   1.00000000      0.466666669      -4.4159256177078786E-004
   0.00000000      0.533333361      -2.9196084623926070E-004
   6.66666701E-02  0.533333361      -1.4413085407024103E-004
  0.133333340      0.533333361      -1.7713047787763374E-004
  0.200000003      0.533333361       9.2871079337212871E-003
  0.266666681      0.533333361       1.7850237752692929E-003
  0.333333343      0.533333361       1.1474506934670659E-002
  0.400000006      0.533333361       1.4219523773567057E-002
  0.466666669      0.533333361       2.1913630613280943E-002
  0.533333361      0.533333361       2.3705987912909336E-002
  0.600000024      0.533333361       1.7075196748666067E-002
  0.666666687      0.533333361       1.4312316421855459E-002
  0.733333349      0.533333361       9.7260718817973411E-003
  0.800000012      0.533333361       8.1604807915747826E-003
  0.866666675      0.533333361       4.2623155591365756E-004
  0.933333337      0.533333361      -1.8072442282917318E-004
   1.00000000      0.533333361      -4.3975961809833756E-004
   0.00000000      0.600000024      -3.2372112135965313E-004
   6.66666701E-02  0.600000024      -2.4878843087446621E-004
  0.133333340      0.600000024      -4.3024504663387878E-004
  0.200000003      0.600000024      -6.0663750856315658E-004
  0.266666681      0.600000024      -4.7296279287108449E-004
  0.333333343      0.600000024      -5.0551205209303242E-004
  0.400000006      0.600000024      -3.9114428668982505E-005
  0.466666669      0.600000024      -1.3958379939745884E-003
  0.533333361      0.600000024       1.7075196748666067E-002
  0.600000024      0.600000024       4.4439721313409966E-002
  0.666666687      0.600000024       5.1998345275465319E-002
  0.733333349      0.600000024       2.8593124517454535E-002
  0.800000012      0.600000024       1.7217416938948550E-002
  0.866666675      0.600000024       2.2403837747387259E-002
  0.933333337      0.600000024      -1.7362730980622463E-004
   1.00000000      0.600000024      -3.7421884034351418E-004
   0.00000000      0.666666687      -3.4819270998899207E-004
   6.66666701E-02  0.666666687      -3.8013287144104122E-004
  0.133333340      0.666666687      -4.4468040527883754E-004
  0.200000003      0.666666687      -3.9697586971027676E-004
  0.266666681      0.666666687      -5.5786190720193715E-004
  0.333333343      0.666666687      -5.6794969505289772E-004
  0.400000006      0.666666687      -8.7490824863604890E-004
  0.466666669      0.666666687      -1.0505316093573137E-003
  0.533333361      0.666666687       1.4312316421855459E-002
  0.600000024      0.666666687       5.1998345275465319E-002
  0.666666687      0.666666687       7.0063756289160284E-002
  0.733333349      0.666666687       2.9070615374949094E-002
  0.800000012      0.666666687       1.2514424864288368E-002
  0.866666675      0.666666687       3.9094774541108768E-002
  0.933333337      0.666666687       3.1465326077291683E-003
   1.00000000      0.666666687      -2.2549334670679723E-004
   0.00000000      0.733333349      -3.5668737589217335E-004
   6.66666701E-02  0.733333349      -3.2220462199892272E-004
  0.133333340      0.733333349      -4.1881187523680339E-004
  0.200000003      0.733333349      -4.0161276174589838E-004
  0.266666681      0.733333349      -5.7471635702217383E-004
  0.333333343      0.733333349      -4.6736401928284746E-004
  0.400000006      0.733333349      -7.6004843571526393E-004
  0.466666669      0.733333349      -8.1045761862688420E-004
  0.533333361      0.733333349       9.7260718817973411E-003
  0.600000024      0.733333349       2.8593124517454535E-002
  0.666666687      0.733333349       2.9070615374949094E-002
  0.733333349      0.733333349       1.1888527198449088E-002
  0.800000012      0.733333349       4.1677848756185489E-003
  0.866666675      0.733333349       2.4131252496334576E-002
  0.933333337      0.733333349       7.3335056827531532E-003
   1.00000000      0.733333349      -1.3783167457092970E-004
   0.00000000      0.800000012      -3.6161561620395367E-004
   6.66666701E-02  0.800000012      -3.4526388282624175E-004
  0.133333340      0.800000012      -4.3803660212305545E-004
  0.200000003      0.800000012      -3.8238023204469713E-004
  0.266666681      0.800000012      -5.2065029221043608E-004
  0.333333343      0.800000012      -5.1124725025014769E-004
  0.400000006      0.800000012      -7.3899868261052533E-004
  0.466666669      0.800000012      -7.9993495419999807E-004
  0.533333361      0.800000012       8.1604807915747826E-003
  0.600000024      0.800000012       1.7217416938948550E-002
  0.666666687      0.800000012       1.2514424864288368E-002
  0.733333349      0.800000012       4.1677848756185489E-003
  0.800000012      0.800000012      -1.1085436981417952E-004
  0.866666675      0.800000012       6.9407698268391705E-004
  0.933333337      0.800000012       5.3481584745195473E-003
   1.00000000      0.800000012      -4.5459994668128081E-005
   0.00000000      0.866666675      -3.4624455865355115E-004
   6.66666701E-02  0.866666675      -3.2049704814840832E-004
  0.133333340      0.866666675      -3.9318231276401386E-004
  0.200000003      0.866666675      -3.5155990207156272E-004
  0.266666681      0.866666675      -4.8316878068767734E-004
  0.333333343      0.866666675      -4.1201234329569147E-004
  0.400000006      0.866666675      -5.4077752514576009E-004
  0.466666669      0.866666675      -5.6866997690294130E-004
  0.533333361      0.866666675       4.2623155591365756E-004
  0.600000024      0.866666675       2.2403837747387259E-002
  0.666666687      0.866666675       3.9094774541108768E-002
  0.733333349      0.866666675       2.4131252496334576E-002
  0.800000012      0.866666675       6.9407698268391705E-004
  0.866666675      0.866666675       1.3934907048597844E-002
  0.933333337      0.866666675      -4.7120075475929410E-005
   1.00000000      0.866666675       1.2706222961124535E-005
   0.00000000      0.933333337      -3.3694670310628930E-004
   6.66666701E-02  0.933333337      -3.4798543424309643E-004
  0.133333340      0.933333337      -3.6562980297814331E-004
  0.200000003      0.933333337      -3.9137706922586174E-004
  0.266666681      0.933333337      -4.1360548183809790E-004
  0.333333343      0.933333337      -4.4528955721627402E-004
  0.400000006      0.933333337      -5.2627814798029407E-004
  0.466666669      0.933333337      -3.8981237057554260E-004
  0.533333361      0.933333337      -1.8072442282917318E-004
  0.600000024      0.933333337      -1.7362730980622463E-004
  0.666666687      0.933333337       3.1465326077291683E-003
  0.733333349      0.933333337       7.3335056827531532E-003
  0.800000012      0.933333337       5.3481584745195473E-003
  0.866666675      0.933333337      -4.7120075475929410E-005
  0.933333337      0.933333337      -2.9254800750496372E-005
   1.00000000      0.933333337       4.1326254287720333E-005
   0.00000000       1.00000000      -3.3001211940028005E-004
   6.66666701E-02   1.00000000      -3.3556252969541445E-004
  0.133333340       1.00000000      -3.5020124560649550E-004
  0.200000003       1.00000000      -3.6743796888979074E-004
  0.266666681       1.00000000      -3.9367829135444736E-004
  0.333333343       1.00000000      -4.1415031604697240E-004
  0.400000006       1.00000000      -4.1670383924290037E-004
  0.466666669       1.00000000      -4.4159256177078786E-004
  0.533333361       1.00000000      -4.3975961809833756E-004
  0.600000024       1.00000000      -3.7421884034351418E-004
  0.666666687       1.00000000      -2.2549334670679723E-004
  0.733333349       1.00000000      -1.3783167457092970E-004
  0.800000012       1.00000000      -4.5459994668128081E-005
  0.866666675       1.00000000       1.2706222961124535E-005
  0.933333337       1.00000000       4.1326254287720333E-005
   1.00000000       1.00000000       2.1365909268907309E-005
