 # X Y F 
   0.00000000       0.00000000       1.4665497409934987E-007
   3.22580636E-02   0.00000000       7.5151877670622534E-008
   6.45161271E-02   0.00000000      -5.9466234588178176E-008
   9.67741907E-02   0.00000000       7.7457470467648453E-008
  0.129032254       0.00000000       1.1998273486130393E-008
  0.161290318       0.00000000       5.7000035678625779E-008
  0.193548381       0.00000000       1.5531928055985457E-008
  0.225806445       0.00000000       2.3147503246032787E-008
  0.258064508       0.00000000       4.8630941807123737E-008
  0.290322572       0.00000000       1.5644642889393363E-008
  0.322580636       0.00000000       3.9365982792196535E-008
  0.354838699       0.00000000       2.7495917041668128E-008
  0.387096763       0.00000000       2.7615274846724747E-008
  0.419354826       0.00000000       4.5698136796909799E-008
  0.451612890       0.00000000       2.8830427096190274E-008
  0.483870953       0.00000000       3.3530305171708810E-008
  0.516129017       0.00000000       9.6332440993699756E-009
  0.548387110       0.00000000       4.5403846611965546E-008
  0.580645144       0.00000000       3.1452965299616110E-008
  0.612903237       0.00000000       3.8300376569531381E-008
  0.645161271       0.00000000       1.8478975943245340E-008
  0.677419364       0.00000000       6.0119730415659222E-008
  0.709677398       0.00000000      -7.8757447706583041E-009
  0.741935492       0.00000000       6.4566832422777409E-008
  0.774193525       0.00000000       7.3259979209936829E-010
  0.806451619       0.00000000       2.2349201974812352E-008
  0.838709652       0.00000000       4.0096382850353978E-008
  0.870967746       0.00000000       1.2024156853644010E-008
  0.903225780       0.00000000       7.6595563734934539E-008
  0.935483873       0.00000000      -5.7679974024128464E-008
  0.967741907       0.00000000       6.1717193493929841E-008
   1.00000000       0.00000000       5.4464055608967334E-008
   0.00000000       3.22580636E-02  -3.4537941544716450E-007
   3.22580636E-02   3.22580636E-02  -7.3624758882191744E-008
   6.45161271E-02   3.22580636E-02   8.8677667075211832E-008
   9.67741907E-02   3.22580636E-02   1.6604914573370063E-008
  0.129032254       3.22580636E-02  -1.3404879903124164E-007
  0.161290318       3.22580636E-02   2.1656608880893530E-008
  0.193548381       3.22580636E-02   6.4269408090041616E-009
  0.225806445       3.22580636E-02   2.8682087303335465E-008
  0.258064508       3.22580636E-02   7.4013879927860892E-009
  0.290322572       3.22580636E-02   2.2600300222691950E-008
  0.322580636       3.22580636E-02  -8.8808585016652600E-009
  0.354838699       3.22580636E-02   4.4032087321363809E-008
  0.387096763       3.22580636E-02   3.4285540840832427E-008
  0.419354826       3.22580636E-02  -3.0176610560121793E-008
  0.451612890       3.22580636E-02  -2.0525506798241902E-009
  0.483870953       3.22580636E-02  -2.3383850880518821E-008
  0.516129017       3.22580636E-02  -3.4267414879852858E-008
  0.548387110       3.22580636E-02   2.0622656520204542E-008
  0.580645144       3.22580636E-02  -5.6848264925281592E-008
  0.612903237       3.22580636E-02   4.6659162151697089E-008
  0.645161271       3.22580636E-02   1.7167262945202866E-008
  0.677419364       3.22580636E-02   1.9078977755920489E-008
  0.709677398       3.22580636E-02   8.0556162128997009E-009
  0.741935492       3.22580636E-02   2.0789423834073006E-009
  0.774193525       3.22580636E-02   4.3743168914270155E-008
  0.806451619       3.22580636E-02   3.2875955730698072E-008
  0.838709652       3.22580636E-02   5.1871514915928675E-008
  0.870967746       3.22580636E-02  -6.6504128621567810E-008
  0.903225780       3.22580636E-02   6.0449253754327963E-008
  0.935483873       3.22580636E-02   4.4936982536471197E-008
  0.967741907       3.22580636E-02  -1.2398660397595442E-008
   1.00000000       3.22580636E-02  -1.1952510109758317E-007
   0.00000000       6.45161271E-02   5.3983252809240414E-007
   3.22580636E-02   6.45161271E-02   6.2212543433435043E-008
   6.45161271E-02   6.45161271E-02   1.4116321874533512E-008
   9.67741907E-02   6.45161271E-02  -4.6469999758585841E-008
  0.129032254       6.45161271E-02   3.1952164350755836E-007
  0.161290318       6.45161271E-02  -5.7596831676071747E-008
  0.193548381       6.45161271E-02   9.4639525999044051E-008
  0.225806445       6.45161271E-02  -3.3900818722550598E-008
  0.258064508       6.45161271E-02   5.7895406932955718E-008
  0.290322572       6.45161271E-02   7.6762160535006597E-008
  0.322580636       6.45161271E-02   4.0096110129014056E-008
  0.354838699       6.45161271E-02   7.8386723339596023E-008
  0.387096763       6.45161271E-02   1.5879563519193765E-007
  0.419354826       6.45161271E-02   8.1895513689240247E-007
  0.451612890       6.45161271E-02   4.7852032612935674E-007
  0.483870953       6.45161271E-02   5.0945858796755226E-007
  0.516129017       6.45161271E-02   5.0582148510543792E-007
  0.548387110       6.45161271E-02   3.9081458022723176E-007
  0.580645144       6.45161271E-02   1.0016074678243633E-006
  0.612903237       6.45161271E-02   1.5086778812863225E-007
  0.645161271       6.45161271E-02   2.2148011473167594E-008
  0.677419364       6.45161271E-02   1.1919912635051849E-007
  0.709677398       6.45161271E-02  -8.9011342586094682E-009
  0.741935492       6.45161271E-02   1.2634520558357432E-007
  0.774193525       6.45161271E-02  -8.9672238930078586E-008
  0.806451619       6.45161271E-02   9.5927241303299983E-008
  0.838709652       6.45161271E-02  -1.3796058836887757E-007
  0.870967746       6.45161271E-02   2.1463890476748021E-007
  0.903225780       6.45161271E-02  -1.3470170447952261E-007
  0.935483873       6.45161271E-02   5.7345427047612472E-008
  0.967741907       6.45161271E-02  -2.1587778788214797E-008
   1.00000000       6.45161271E-02   2.3212976961746225E-007
   0.00000000       9.67741907E-02  -5.3477319702439955E-007
   3.22580636E-02   9.67741907E-02  -1.2014351319557956E-007
   6.45161271E-02   9.67741907E-02   1.5332168814695136E-007
   9.67741907E-02   9.67741907E-02  -4.9578456188135569E-008
  0.129032254       9.67741907E-02  -2.0010598837202845E-007
  0.161290318       9.67741907E-02   5.6688486666817444E-008
  0.193548381       9.67741907E-02   4.3352593675128587E-008
  0.225806445       9.67741907E-02   6.7186364147518861E-008
  0.258064508       9.67741907E-02  -6.3265781336743247E-008
  0.290322572       9.67741907E-02   2.5072956075992565E-008
  0.322580636       9.67741907E-02  -1.1529602298166990E-007
  0.354838699       9.67741907E-02   1.2531852005685570E-007
  0.387096763       9.67741907E-02  -2.1332787671583041E-008
  0.419354826       9.67741907E-02   5.2053759180038898E-007
  0.451612890       9.67741907E-02   2.3032083513556635E-007
  0.483870953       9.67741907E-02   6.3010930663200071E-007
  0.516129017       9.67741907E-02   6.0633562530359045E-007
  0.548387110       9.67741907E-02   2.1142418221699984E-007
  0.580645144       9.67741907E-02   4.5358090003790414E-007
  0.612903237       9.67741907E-02  -1.0864784491417694E-007
  0.645161271       9.67741907E-02   1.5678095402528581E-007
  0.677419364       9.67741907E-02  -1.9443232544725499E-007
  0.709677398       9.67741907E-02   9.3211284376017537E-008
  0.741935492       9.67741907E-02  -5.3453599069594409E-008
  0.774193525       9.67741907E-02   7.4241985703108294E-008
  0.806451619       9.67741907E-02   1.1265448277282526E-007
  0.838709652       9.67741907E-02   2.8237244792711525E-009
  0.870967746       9.67741907E-02   1.6592092062335739E-008
  0.903225780       9.67741907E-02   5.9325249110748929E-009
  0.935483873       9.67741907E-02   1.8548489178323691E-007
  0.967741907       9.67741907E-02  -8.8627488198674119E-008
   1.00000000       9.67741907E-02  -1.7701678708011775E-007
   0.00000000      0.129032254       6.0410068665798040E-007
   3.22580636E-02  0.129032254       3.3243479222140246E-008
   6.45161271E-02  0.129032254      -4.8005343182110461E-008
   9.67741907E-02  0.129032254       4.5334872599781079E-008
  0.129032254      0.129032254       1.9989967944342515E-007
  0.161290318      0.129032254       3.0400387649018798E-009
  0.193548381      0.129032254      -7.4116732856942116E-008
  0.225806445      0.129032254       1.3301628049820825E-007
  0.258064508      0.129032254      -6.7326161948547045E-008
  0.290322572      0.129032254       1.1759593509438882E-006
  0.322580636      0.129032254      -8.9961967034406178E-009
  0.354838699      0.129032254       1.6577006589732666E-006
  0.387096763      0.129032254       2.6450810688370735E-005
  0.419354826      0.129032254       9.8306016847872639E-006
  0.451612890      0.129032254       2.8778354197806296E-005
  0.483870953      0.129032254       2.5389506506351682E-005
  0.516129017      0.129032254       2.5707531533659853E-005
  0.548387110      0.129032254       2.8397158082607445E-005
  0.580645144      0.129032254       1.0174924213294941E-005
  0.612903237      0.129032254       2.6435598806257207E-005
  0.645161271      0.129032254       1.6871821559353201E-006
  0.677419364      0.129032254      -5.6871136409797383E-008
  0.709677398      0.129032254       9.9565006905266267E-007
  0.741935492      0.129032254      -1.0600390466237313E-007
  0.774193525      0.129032254       1.1778018681349391E-007
  0.806451619      0.129032254      -9.9464210780468708E-008
  0.838709652      0.129032254       1.7365850758490446E-008
  0.870967746      0.129032254       4.3728304780296152E-008
  0.903225780      0.129032254      -7.2595239781114252E-008
  0.935483873      0.129032254      -5.5026278455827613E-008
  0.967741907      0.129032254       4.5291018138689850E-008
   1.00000000      0.129032254       2.8874074173407080E-007
   0.00000000      0.161290318      -4.5501174529729006E-007
   3.22580636E-02  0.161290318       2.4386595237511064E-008
   6.45161271E-02  0.161290318       1.7196523111761350E-007
   9.67741907E-02  0.161290318      -3.5015224595015372E-008
  0.129032254      0.161290318      -1.2682465104975115E-007
  0.161290318      0.161290318       5.7830520524676993E-008
  0.193548381      0.161290318       7.6098179305937751E-008
  0.225806445      0.161290318       3.5080467525529483E-008
  0.258064508      0.161290318       1.3724651550194574E-007
  0.290322572      0.161290318      -2.2698993831609951E-008
  0.322580636      0.161290318       2.6645094642122210E-005
  0.354838699      0.161290318       1.0507348462895945E-005
  0.387096763      0.161290318       2.7315399510207690E-005
  0.419354826      0.161290318       3.2648422332103049E-005
  0.451612890      0.161290318       3.9093410664591105E-005
  0.483870953      0.161290318       3.7348296815138869E-005
  0.516129017      0.161290318       3.7263600390141024E-005
  0.548387110      0.161290318       3.8997831110354122E-005
  0.580645144      0.161290318       3.2676331951598896E-005
  0.612903237      0.161290318       2.7217767822285042E-005
  0.645161271      0.161290318       1.0864154447791622E-005
  0.677419364      0.161290318       2.6332099930053837E-005
  0.709677398      0.161290318       1.3902136472607474E-007
  0.741935492      0.161290318       1.4965029108108722E-007
  0.774193525      0.161290318       1.1006439711548784E-007
  0.806451619      0.161290318       3.3194033184384309E-008
  0.838709652      0.161290318       7.2635465918302492E-008
  0.870967746      0.161290318       7.3927941420891988E-009
  0.903225780      0.161290318       1.0773263441213551E-007
  0.935483873      0.161290318       1.3844382502343763E-007
  0.967741907      0.161290318      -5.7083539773833047E-008
   1.00000000      0.161290318      -2.3569236252462098E-007
   0.00000000      0.193548381       4.2206946782618344E-007
   3.22580636E-02  0.193548381      -1.0605095936031465E-007
   6.45161271E-02  0.193548381      -1.2354441353248234E-007
   9.67741907E-02  0.193548381       1.3293597673655382E-008
  0.129032254      0.193548381       1.5949214896547393E-007
  0.161290318      0.193548381       5.9098335003946183E-008
  0.193548381      0.193548381       5.9311471692047665E-008
  0.225806445      0.193548381       6.1833085773645713E-007
  0.258064508      0.193548381       1.4743682974181412E-005
  0.290322572      0.193548381       2.8185627402357327E-005
  0.322580636      0.193548381       2.8125751757733588E-005
  0.354838699      0.193548381       6.1697730996052524E-005
  0.387096763      0.193548381       7.7045422625228506E-005
  0.419354826      0.193548381       1.1141022830307141E-004
  0.451612890      0.193548381       1.5311914801032086E-004
  0.483870953      0.193548381       1.8086259096994353E-004
  0.516129017      0.193548381       1.8080864027387235E-004
  0.548387110      0.193548381       1.5314239548035256E-004
  0.580645144      0.193548381       1.1135453926200189E-004
  0.612903237      0.193548381       7.7342291839508850E-005
  0.645161271      0.193548381       6.1224983775884319E-005
  0.677419364      0.193548381       2.8510118894719173E-005
  0.709677398      0.193548381       2.8026927127860363E-005
  0.741935492      0.193548381       1.4940875408451813E-005
  0.774193525      0.193548381       5.2784278309296910E-007
  0.806451619      0.193548381       9.4114806696406435E-009
  0.838709652      0.193548381       6.3261954906195809E-008
  0.870967746      0.193548381       8.1625051556244496E-009
  0.903225780      0.193548381      -7.6672180174953085E-008
  0.935483873      0.193548381      -1.0779205928028787E-007
  0.967741907      0.193548381       8.4828027722025445E-008
   1.00000000      0.193548381       2.3443649589976990E-007
   0.00000000      0.225806445      -3.2063459718196500E-007
   3.22580636E-02  0.225806445       1.6919124859772018E-007
   6.45161271E-02  0.225806445       2.0136229446057354E-007
   9.67741907E-02  0.225806445       5.1040751082115712E-008
  0.129032254      0.225806445      -9.5710436456075515E-008
  0.161290318      0.225806445       1.2298708350641772E-008
  0.193548381      0.225806445       1.9081963091299470E-007
  0.225806445      0.225806445       2.2219469579889193E-005
  0.258064508      0.225806445       1.4287296891216979E-006
  0.290322572      0.225806445       3.0803307190919474E-005
  0.322580636      0.225806445       5.7617672586466198E-005
  0.354838699      0.225806445       1.2659969204161482E-004
  0.387096763      0.225806445       2.2571122167113297E-004
  0.419354826      0.225806445       2.8677664845224186E-004
  0.451612890      0.225806445       3.1673362378753484E-004
  0.483870953      0.225806445       3.2509843953075555E-004
  0.516129017      0.225806445       3.2518307417157030E-004
  0.548387110      0.225806445       3.1668729155135322E-004
  0.580645144      0.225806445       2.8684125884019768E-004
  0.612903237      0.225806445       2.2570821502143146E-004
  0.645161271      0.225806445       1.2640687261687659E-004
  0.677419364      0.225806445       5.8235019828332058E-005
  0.709677398      0.225806445       3.0108726805369419E-005
  0.741935492      0.225806445       1.9080042326619790E-006
  0.774193525      0.225806445       2.1998596436980634E-005
  0.806451619      0.225806445       5.1051052204788857E-007
  0.838709652      0.225806445       1.3762179998287459E-008
  0.870967746      0.225806445       1.6630465874673869E-008
  0.903225780      0.225806445       1.6343719691344751E-007
  0.935483873      0.225806445       1.4822166476855936E-007
  0.967741907      0.225806445       1.4965174826464815E-008
   1.00000000      0.225806445      -1.5736089393832183E-007
   0.00000000      0.258064508       2.8725078292558992E-007
   3.22580636E-02  0.258064508      -1.5384285128008830E-007
   6.45161271E-02  0.258064508      -9.8535076909488233E-008
   9.67741907E-02  0.258064508      -3.5167950015256656E-008
  0.129032254      0.258064508       4.7551813516601197E-008
  0.161290318      0.258064508       9.2742606003363778E-007
  0.193548381      0.258064508       8.9779293519660982E-006
  0.225806445      0.258064508       2.7407541450533091E-005
  0.258064508      0.258064508       6.3571238160654262E-005
  0.290322572      0.258064508       1.5857996060904489E-004
  0.322580636      0.258064508       2.4844800746168482E-004
  0.354838699      0.258064508       3.3821232078361620E-004
  0.387096763      0.258064508       4.1894536429234872E-004
  0.419354826      0.258064508       5.7378452229896377E-004
  0.451612890      0.258064508       7.6038855798399329E-004
  0.483870953      0.258064508       8.9512913337014895E-004
  0.516129017      0.258064508       8.9506700957883017E-004
  0.548387110      0.258064508       7.6040010949140796E-004
  0.580645144      0.258064508       5.7389802157746951E-004
  0.612903237      0.258064508       4.1873189144930981E-004
  0.645161271      0.258064508       3.3839272759911607E-004
  0.677419364      0.258064508       2.4843357236849158E-004
  0.709677398      0.258064508       1.5854728429341993E-004
  0.741935492      0.258064508       6.3000810704016071E-005
  0.774193525      0.258064508       2.7994671645175681E-005
  0.806451619      0.258064508       9.0426427110363412E-006
  0.838709652      0.258064508       1.1850925231030593E-006
  0.870967746      0.258064508      -9.2667511197918783E-008
  0.903225780      0.258064508      -1.2051663195801052E-007
  0.935483873      0.258064508      -1.4356815404811119E-007
  0.967741907      0.258064508      -1.4183238234592629E-008
   1.00000000      0.258064508       1.5961774301400298E-007
   0.00000000      0.290322572      -1.3311103295833759E-007
   3.22580636E-02  0.290322572       1.9490696144850736E-007
   6.45161271E-02  0.290322572       8.6748016877799297E-008
   9.67741907E-02  0.290322572       1.8106178590897697E-007
  0.129032254      0.290322572       6.0832612810363258E-008
  0.161290318      0.290322572       5.6398400595204504E-007
  0.193548381      0.290322572       2.1920656170539358E-005
  0.225806445      0.290322572       1.6355106919219618E-005
  0.258064508      0.290322572       6.6190210977149110E-005
  0.290322572      0.290322572       8.9902945257889981E-005
  0.322580636      0.290322572       2.1135002672075800E-004
  0.354838699      0.290322572       5.0404788038312446E-004
  0.387096763      0.290322572       9.9256239305327634E-004
  0.419354826      0.290322572       1.5856700754119215E-003
  0.451612890      0.290322572       2.0176836051816081E-003
  0.483870953      0.290322572       2.2288931246418290E-003
  0.516129017      0.290322572       2.2287904275040803E-003
  0.548387110      0.290322572       2.0178298958112629E-003
  0.580645144      0.290322572       1.5854906460407224E-003
  0.612903237      0.290322572       9.9278236211586485E-004
  0.645161271      0.290322572       5.0387353145777184E-004
  0.677419364      0.290322572       2.1122731121743320E-004
  0.709677398      0.290322572       9.0213007304290065E-005
  0.741935492      0.290322572       6.5366442291872869E-005
  0.774193525      0.290322572       1.7389312666577287E-005
  0.806451619      0.290322572       2.1816090174023331E-005
  0.838709652      0.290322572       5.3508241733540771E-007
  0.870967746      0.290322572       1.9008397926218412E-007
  0.903225780      0.290322572       2.1133583789014134E-007
  0.935483873      0.290322572       1.8488551475220297E-007
  0.967741907      0.290322572       2.0172295039011315E-008
   1.00000000      0.290322572      -7.0032601742733027E-008
   0.00000000      0.322580636       1.8191684584932618E-008
   3.22580636E-02  0.322580636      -1.0529718635794795E-007
   6.45161271E-02  0.322580636      -3.4676296172862094E-008
   9.67741907E-02  0.322580636      -2.4157263497400497E-007
  0.129032254      0.322580636       9.2778706065797085E-007
  0.161290318      0.322580636       2.7972769425689455E-005
  0.193548381      0.322580636       3.7161687151923380E-005
  0.225806445      0.322580636       1.3290002961364910E-004
  0.258064508      0.322580636       2.8397558045384651E-004
  0.290322572      0.322580636       5.9459256010336670E-004
  0.322580636      0.322580636       1.1036540628308975E-003
  0.354838699      0.322580636       1.8200357368009603E-003
  0.387096763      0.322580636       2.2876440459649065E-003
  0.419354826      0.322580636       2.2488975537323179E-003
  0.451612890      0.322580636       2.1791840266816237E-003
  0.483870953      0.322580636       2.2026218644629401E-003
  0.516129017      0.322580636       2.2028911399123584E-003
  0.548387110      0.322580636       2.1789694597178760E-003
  0.580645144      0.322580636       2.2491402294786329E-003
  0.612903237      0.322580636       2.2876503816304681E-003
  0.645161271      0.322580636       1.8192812901529081E-003
  0.677419364      0.322580636       1.1047387318990523E-003
  0.709677398      0.322580636       5.9405873566857734E-004
  0.741935492      0.322580636       2.8374169077859817E-004
  0.774193525      0.322580636       1.3355905871159310E-004
  0.806451619      0.322580636       3.7951627053027405E-005
  0.838709652      0.322580636       3.0235303264400697E-005
  0.870967746      0.322580636       7.7285203943502122E-007
  0.903225780      0.322580636      -2.1894740612541686E-007
  0.935483873      0.322580636      -6.7668296258717236E-008
  0.967741907      0.322580636       1.2668280882028951E-007
   1.00000000      0.322580636      -7.4391928042261541E-009
   0.00000000      0.354838699       3.9136525615618721E-008
   3.22580636E-02  0.354838699       1.0733341103705765E-007
   6.45161271E-02  0.354838699       1.5811942272732007E-008
   9.67741907E-02  0.354838699       1.5392515598595742E-007
  0.129032254      0.354838699      -1.5965814400682786E-007
  0.161290318      0.354838699      -1.2023404340255520E-007
  0.193548381      0.354838699      -2.4806924096292259E-007
  0.225806445      0.354838699      -9.7603400257772300E-007
  0.258064508      0.354838699      -2.5674065071266655E-006
  0.290322572      0.354838699      -4.9293934824039191E-006
  0.322580636      0.354838699      -9.0206025057902425E-006
  0.354838699      0.354838699      -1.6322263944417284E-005
  0.387096763      0.354838699      -4.4931220544181341E-005
  0.419354826      0.354838699       1.1299545784196109E-003
  0.451612890      0.354838699       2.5793646168700462E-003
  0.483870953      0.354838699       3.5341370179890444E-003
  0.516129017      0.354838699       3.5341588694497703E-003
  0.548387110      0.354838699       2.5794134270491790E-003
  0.580645144      0.354838699       1.1296572592838464E-003
  0.612903237      0.354838699      -4.4772802083394444E-005
  0.645161271      0.354838699      -1.6505851565491464E-005
  0.677419364      0.354838699      -8.9015713411905483E-006
  0.709677398      0.354838699      -5.0104418624946452E-006
  0.741935492      0.354838699      -2.4685801393935620E-006
  0.774193525      0.354838699      -1.0609309888810452E-006
  0.806451619      0.354838699      -1.4529150606232483E-007
  0.838709652      0.354838699      -3.0738018577776691E-007
  0.870967746      0.354838699       6.0399619151679943E-008
  0.903225780      0.354838699       1.5181658313296245E-007
  0.935483873      0.354838699       1.2670756232907274E-008
  0.967741907      0.354838699      -7.6561758550331245E-008
   1.00000000      0.354838699       1.1116593075939185E-007
   0.00000000      0.387096763      -3.7260608826263778E-008
   3.22580636E-02  0.387096763       2.2823436733875555E-008
   6.45161271E-02  0.387096763       8.1836016096022855E-008
   9.67741907E-02  0.387096763       6.2668365228055478E-006
  0.129032254      0.387096763       5.0687134319853340E-005
  0.161290318      0.387096763       1.5085161918513258E-004
  0.193548381      0.387096763       4.2311360704117446E-004
  0.225806445      0.387096763       1.1581842504190365E-003
  0.258064508      0.387096763       2.5348161449720149E-003
  0.290322572      0.387096763       5.1037465554273648E-003
  0.322580636      0.387096763       1.0083805757832286E-002
  0.354838699      0.387096763       1.7526685736738046E-002
  0.387096763      0.387096763       2.6280347633672933E-002
  0.419354826      0.387096763       3.4707530904864760E-002
  0.451612890      0.387096763       4.1332490454400843E-002
  0.483870953      0.387096763       4.4987896116726669E-002
  0.516129017      0.387096763       4.4987199701391159E-002
  0.548387110      0.387096763       4.1332944997194643E-002
  0.580645144      0.387096763       3.4707415479812494E-002
  0.612903237      0.387096763       2.6280119828093636E-002
  0.645161271      0.387096763       1.7527817465573720E-002
  0.677419364      0.387096763       1.0082324128024277E-002
  0.709677398      0.387096763       5.1071992304999219E-003
  0.741935492      0.387096763       2.5326539664952889E-003
  0.774193525      0.387096763       1.1532565573779421E-003
  0.806451619      0.387096763       4.2755474058069998E-004
  0.838709652      0.387096763       9.9104573566066866E-005
  0.870967746      0.387096763       4.2350058494260928E-005
  0.903225780      0.387096763      -1.5863336596632273E-007
  0.935483873      0.387096763       5.8914208074040170E-008
  0.967741907      0.387096763       1.2638481712991116E-007
   1.00000000      0.387096763      -1.9660745415886766E-007
   0.00000000      0.419354826       7.4604532773618294E-008
   3.22580636E-02  0.419354826      -1.7200789597640939E-008
   6.45161271E-02  0.419354826      -2.3397318106255597E-007
   9.67741907E-02  0.419354826       1.1976561264303259E-007
  0.129032254      0.419354826       4.0632797251938945E-007
  0.161290318      0.419354826       4.8086391852224992E-007
  0.193548381      0.419354826       1.3467772062851527E-006
  0.225806445      0.419354826       3.2492317336503663E-007
  0.258064508      0.419354826       1.9421852756786450E-007
  0.290322572      0.419354826      -2.8316376373687928E-008
  0.322580636      0.419354826      -1.6341290450990097E-008
  0.354838699      0.419354826       6.9373500392427234E-007
  0.387096763      0.419354826       3.4783749936553369E-006
  0.419354826      0.419354826       1.1841674171415863E-005
  0.451612890      0.419354826       2.5064848722150932E-005
  0.483870953      0.419354826       3.5367325576999804E-005
  0.516129017      0.419354826       3.5457115581127883E-005
  0.548387110      0.419354826       2.5055065237047026E-005
  0.580645144      0.419354826       1.1853579328955732E-005
  0.612903237      0.419354826       3.4490829264757168E-006
  0.645161271      0.419354826       7.4787161447870344E-007
  0.677419364      0.419354826      -8.9104512337379780E-008
  0.709677398      0.419354826       4.6733447097373987E-008
  0.741935492      0.419354826       6.8729503607634203E-008
  0.774193525      0.419354826       5.2127551989836941E-007
  0.806451619      0.419354826       1.1304731676648385E-006
  0.838709652      0.419354826       3.4362782678987026E-007
  0.870967746      0.419354826       1.0053491528464591E-007
  0.903225780      0.419354826       5.2638319432284480E-006
  0.935483873      0.419354826      -8.0365473279214300E-008
  0.967741907      0.419354826      -1.0606635978855439E-007
   1.00000000      0.419354826       2.3636292278776917E-007
   0.00000000      0.451612890      -1.8058598074113208E-007
   3.22580636E-02  0.451612890       9.2203011452017844E-008
   6.45161271E-02  0.451612890       7.1140313996563972E-006
   9.67741907E-02  0.451612890       9.3390193999082372E-009
  0.129032254      0.451612890       3.3953738479699958E-007
  0.161290318      0.451612890       6.3136456007700428E-007
  0.193548381      0.451612890       8.2763870522629590E-008
  0.225806445      0.451612890       4.5428592942678361E-007
  0.258064508      0.451612890      -9.6385104269831510E-008
  0.290322572      0.451612890      -9.6348256526406690E-008
  0.322580636      0.451612890      -3.8640068259610168E-009
  0.354838699      0.451612890      -7.3601762259734966E-007
  0.387096763      0.451612890      -3.4572877044942575E-006
  0.419354826      0.451612890      -1.1837764650827594E-005
  0.451612890      0.451612890      -2.5192736260483165E-005
  0.483870953      0.451612890      -3.5263191122909753E-005
  0.516129017      0.451612890      -3.5385258080354987E-005
  0.548387110      0.451612890      -2.5155660709914306E-005
  0.580645144      0.451612890      -1.1873470230784452E-005
  0.612903237      0.451612890      -3.4153108945860592E-006
  0.645161271      0.451612890      -7.9496268762041878E-007
  0.677419364      0.451612890       6.7056773020342701E-008
  0.709677398      0.451612890      -1.9537079038280271E-007
  0.741935492      0.451612890       2.5302979878231684E-008
  0.774193525      0.451612890       3.1598163718370928E-007
  0.806451619      0.451612890       2.8152777621042515E-007
  0.838709652      0.451612890       5.4161928853026424E-007
  0.870967746      0.451612890       6.2438095467580032E-007
  0.903225780      0.451612890       2.8900484373218714E-005
  0.935483873      0.451612890       7.1894288331707890E-008
  0.967741907      0.451612890       1.1207528268548365E-007
   1.00000000      0.451612890      -2.3865384146704560E-007
   0.00000000      0.483870953       2.7172926422954687E-007
   3.22580636E-02  0.483870953      -1.1809581530126163E-007
   6.45161271E-02  0.483870953       3.8114838512406544E-005
   9.67741907E-02  0.483870953       3.5414376457602069E-007
  0.129032254      0.483870953       6.1889280366832767E-009
  0.161290318      0.483870953      -7.4593300740917294E-007
  0.193548381      0.483870953       3.0400718893402842E-007
  0.225806445      0.483870953      -6.0723003083693861E-007
  0.258064508      0.483870953       2.0187471235291603E-007
  0.290322572      0.483870953      -1.0383353907857443E-007
  0.322580636      0.483870953       1.4160614203783012E-007
  0.354838699      0.483870953       6.5767494321155063E-007
  0.387096763      0.483870953       3.4380676040856562E-006
  0.419354826      0.483870953       1.1702884627147571E-005
  0.451612890      0.483870953       2.4989698219885444E-005
  0.483870953      0.483870953       3.4916114857202351E-005
  0.516129017      0.483870953       3.4942628610374527E-005
  0.548387110      0.483870953       2.4939246187338025E-005
  0.580645144      0.483870953       1.1783470564514946E-005
  0.612903237      0.483870953       3.3930370262558262E-006
  0.645161271      0.483870953       7.4048923800766498E-007
  0.677419364      0.483870953      -6.1605295910168083E-008
  0.709677398      0.483870953       1.6338062933239082E-007
  0.741935492      0.483870953      -7.7730442263245198E-008
  0.774193525      0.483870953      -2.5023764816935242E-007
  0.806451619      0.483870953      -2.2077224083783005E-007
  0.838709652      0.483870953      -2.3305918352927235E-007
  0.870967746      0.483870953       8.4130545917966786E-007
  0.903225780      0.483870953       1.1149619283346807E-004
  0.935483873      0.483870953       1.0459493881590372E-007
  0.967741907      0.483870953      -1.8568562326674576E-007
   1.00000000      0.483870953       2.9479266326418114E-007
   0.00000000      0.516129017      -3.0095805164457147E-007
   3.22580636E-02  0.516129017       1.0704028795792031E-007
   6.45161271E-02  0.516129017       7.8320583660546759E-006
   9.67741907E-02  0.516129017       1.5056419250375313E-007
  0.129032254      0.516129017       4.0770376609727933E-007
  0.161290318      0.516129017       6.3279526465197097E-007
  0.193548381      0.516129017       9.9424413096953979E-008
  0.225806445      0.516129017       4.0965840039850120E-007
  0.258064508      0.516129017      -7.8077946014308050E-008
  0.290322572      0.516129017      -7.5909683867999988E-008
  0.322580636      0.516129017      -1.0717517609042747E-008
  0.354838699      0.516129017      -6.5766322540168502E-007
  0.387096763      0.516129017      -3.4315994538030744E-006
  0.419354826      0.516129017      -1.1886558476528167E-005
  0.451612890      0.516129017      -2.5307197795926194E-005
  0.483870953      0.516129017      -3.5353505756631330E-005
  0.516129017      0.516129017      -3.5466650504731958E-005
  0.548387110      0.516129017      -2.5243853539975435E-005
  0.580645144      0.516129017      -1.1941565818814843E-005
  0.612903237      0.516129017      -3.3750932059280892E-006
  0.645161271      0.516129017      -7.2084816558078758E-007
  0.677419364      0.516129017       6.1855339149852562E-008
  0.709677398      0.516129017      -1.4853996011542308E-007
  0.741935492      0.516129017       1.9911287918161976E-009
  0.774193525      0.516129017       2.9415072816508234E-007
  0.806451619      0.516129017       2.9218843454806257E-007
  0.838709652      0.516129017       4.8664300815512834E-007
  0.870967746      0.516129017       6.2206083133475361E-007
  0.903225780      0.516129017       2.4180108048740662E-005
  0.935483873      0.516129017       8.8683907956380661E-008
  0.967741907      0.516129017       7.4313910720208852E-008
   1.00000000      0.516129017      -2.6993863116378034E-007
   0.00000000      0.548387110       2.6873741057919233E-007
   3.22580636E-02  0.548387110      -8.0062861969014671E-008
   6.45161271E-02  0.548387110      -2.0489090585041325E-007
   9.67741907E-02  0.548387110      -1.4897587577829018E-007
  0.129032254      0.548387110       3.0401795585665846E-007
  0.161290318      0.548387110       6.4158273012557704E-007
  0.193548381      0.548387110       1.2438058567627455E-006
  0.225806445      0.548387110       3.9750301448623400E-007
  0.258064508      0.548387110       3.2939838208679177E-008
  0.290322572      0.548387110       6.4644621452417631E-008
  0.322580636      0.548387110      -1.0844617029360658E-007
  0.354838699      0.548387110       6.9137450316079036E-007
  0.387096763      0.548387110       3.3140718572201689E-006
  0.419354826      0.548387110       1.1988936890121964E-005
  0.451612890      0.548387110       2.5166186767109000E-005
  0.483870953      0.548387110       3.5532938761218668E-005
  0.516129017      0.548387110       3.5499953431256471E-005
  0.548387110      0.548387110       2.5252378439472432E-005
  0.580645144      0.548387110       1.1895779636466306E-005
  0.612903237      0.548387110       3.3860464313808352E-006
  0.645161271      0.548387110       6.5588748338610679E-007
  0.677419364      0.548387110      -1.1157663747071642E-007
  0.709677398      0.548387110       8.8163460468084179E-008
  0.741935492      0.548387110      -2.0698879706791185E-008
  0.774193525      0.548387110       4.9181023329678399E-007
  0.806451619      0.548387110       1.1290078705498261E-006
  0.838709652      0.548387110       4.3810510218852478E-007
  0.870967746      0.548387110       1.1938778172108514E-007
  0.903225780      0.548387110       1.3883361183867964E-005
  0.935483873      0.548387110      -7.4162345703298067E-008
  0.967741907      0.548387110      -6.8590955930791394E-008
   1.00000000      0.548387110       2.6526357690893251E-007
   0.00000000      0.580645144      -2.4617854725582287E-007
   3.22580636E-02  0.580645144       1.0390206642025752E-007
   6.45161271E-02  0.580645144       1.7446905491848453E-007
   9.67741907E-02  0.580645144       1.5907202437607159E-005
  0.129032254      0.580645144       4.2645613186125101E-005
  0.161290318      0.580645144       1.9254144578340063E-004
  0.193548381      0.580645144       5.1322817880989106E-004
  0.225806445      0.580645144       1.3776288496484819E-003
  0.258064508      0.580645144       2.9781498249985328E-003
  0.290322572      0.580645144       6.3173243901611760E-003
  0.322580636      0.580645144       1.2459533141958560E-002
  0.354838699      0.580645144       2.1068711853670923E-002
  0.387096763      0.580645144       3.0786631011577470E-002
  0.419354826      0.580645144       4.0098161988613351E-002
  0.451612890      0.580645144       4.7454740249939141E-002
  0.483870953      0.580645144       5.1531406317399713E-002
  0.516129017      0.580645144       5.1530657756614327E-002
  0.548387110      0.580645144       4.7455252299031102E-002
  0.580645144      0.580645144       4.0098002879935292E-002
  0.612903237      0.580645144       3.0786366900427499E-002
  0.645161271      0.580645144       2.1069699112690965E-002
  0.677419364      0.580645144       1.2457630661894984E-002
  0.709677398      0.580645144       6.3192093249682772E-003
  0.741935492      0.580645144       2.9789977529556494E-003
  0.774193525      0.580645144       1.3721671082369490E-003
  0.806451619      0.580645144       5.2281432814980640E-004
  0.838709652      0.580645144       1.2460916303427418E-004
  0.870967746      0.580645144       4.6771781900767450E-005
  0.903225780      0.580645144      -1.6703563953701714E-007
  0.935483873      0.580645144       1.1980481295892019E-007
  0.967741907      0.580645144       8.7645805252144847E-009
   1.00000000      0.580645144      -1.3516809674615377E-007
   0.00000000      0.612903237       2.0571721621033787E-007
   3.22580636E-02  0.612903237      -2.2621664393883672E-008
   6.45161271E-02  0.612903237      -3.9543224088226711E-008
   9.67741907E-02  0.612903237       2.2590861218763926E-008
  0.129032254      0.612903237      -1.3479857906105638E-007
  0.161290318      0.612903237      -2.4629302254765097E-007
  0.193548381      0.612903237      -3.0283874538036949E-007
  0.225806445      0.612903237      -1.5328193468591288E-006
  0.258064508      0.612903237      -3.4120067910167216E-006
  0.290322572      0.612903237      -7.0764996651532171E-006
  0.322580636      0.612903237      -1.6539647379569035E-005
  0.354838699      0.612903237      -4.8757627325799713E-005
  0.387096763      0.612903237       1.6541821437618641E-003
  0.419354826      0.612903237       4.2087949665604455E-003
  0.451612890      0.612903237       6.6851657880598872E-003
  0.483870953      0.612903237       8.1839626462046587E-003
  0.516129017      0.612903237       8.1842818683942557E-003
  0.548387110      0.612903237       6.6848370212764571E-003
  0.580645144      0.612903237       4.2090057948472046E-003
  0.612903237      0.612903237       1.6539902597036986E-003
  0.645161271      0.612903237      -4.8679897524141501E-005
  0.677419364      0.612903237      -1.6581687955821263E-005
  0.709677398      0.612903237      -6.8312030310317989E-006
  0.741935492      0.612903237      -3.6436166133331823E-006
  0.774193525      0.612903237      -1.2581284190843638E-006
  0.806451619      0.612903237      -4.2013352485191680E-007
  0.838709652      0.612903237      -1.1715339850817906E-007
  0.870967746      0.612903237      -1.2075373304284765E-007
  0.903225780      0.612903237       8.9119378935388736E-007
  0.935483873      0.612903237       1.4880795302313218E-008
  0.967741907      0.612903237       7.3222352767141672E-008
   1.00000000      0.612903237       7.1811914789812193E-008
   0.00000000      0.645161271      -8.6090319209297703E-008
   3.22580636E-02  0.645161271      -5.7126199900920600E-008
   6.45161271E-02  0.645161271      -6.7347297015534207E-008
   9.67741907E-02  0.645161271       7.7423563428863147E-007
  0.129032254      0.645161271       1.1407993917698057E-005
  0.161290318      0.645161271       3.3211914727395254E-005
  0.193548381      0.645161271       8.0155625565655721E-005
  0.225806445      0.645161271       2.3009026299781308E-004
  0.258064508      0.645161271       4.8976257728456654E-004
  0.290322572      0.645161271       1.0268014492919595E-003
  0.322580636      0.645161271       1.9073428008784246E-003
  0.354838699      0.645161271       2.6075508646488344E-003
  0.387096763      0.645161271       2.7825514426200702E-003
  0.419354826      0.645161271       3.0250929538785730E-003
  0.451612890      0.645161271       3.4960739503122605E-003
  0.483870953      0.645161271       3.8582978965970953E-003
  0.516129017      0.645161271       3.8584324061483525E-003
  0.548387110      0.645161271       3.4959222447491635E-003
  0.580645144      0.645161271       3.0251816641613718E-003
  0.612903237      0.645161271       2.7824036587426413E-003
  0.645161271      0.645161271       2.6074117296453632E-003
  0.677419364      0.645161271       1.9075855048526771E-003
  0.709677398      0.645161271       1.0259688133663241E-003
  0.741935492      0.645161271       4.9036651992535689E-004
  0.774193525      0.645161271       2.3128989811234328E-004
  0.806451619      0.645161271       8.1983825053687280E-005
  0.838709652      0.645161271       3.2479475627727509E-005
  0.870967746      0.645161271       1.6377921675413730E-005
  0.903225780      0.645161271      -1.5924782486482725E-007
  0.935483873      0.645161271      -9.2229235729883728E-008
  0.967741907      0.645161271      -4.4077117889727589E-008
   1.00000000      0.645161271       1.9773349263637019E-008
   0.00000000      0.677419364      -4.2321508126728989E-008
   3.22580636E-02  0.677419364       1.5248358774554372E-007
   6.45161271E-02  0.677419364       1.5633794237181629E-007
   9.67741907E-02  0.677419364       1.0273382709078612E-007
  0.129032254      0.677419364      -1.1815540197504066E-007
  0.161290318      0.677419364       1.8141627274652927E-005
  0.193548381      0.677419364       1.6904489352548240E-006
  0.225806445      0.677419364       4.6629490762697025E-005
  0.258064508      0.677419364       8.0299169234768748E-005
  0.290322572      0.677419364       1.8892464441186023E-004
  0.322580636      0.677419364       5.3466587058404401E-004
  0.354838699      0.677419364       1.1473220936773479E-003
  0.387096763      0.677419364       1.9881231942911210E-003
  0.419354826      0.677419364       2.6943369954727458E-003
  0.451612890      0.677419364       3.1524663425063757E-003
  0.483870953      0.677419364       3.3679921818290468E-003
  0.516129017      0.677419364       3.3680029973265470E-003
  0.548387110      0.677419364       3.1524645760868642E-003
  0.580645144      0.677419364       2.6943371102053628E-003
  0.612903237      0.677419364       1.9882496718456517E-003
  0.645161271      0.677419364       1.1466161364075654E-003
  0.677419364      0.677419364       5.3586857853387228E-004
  0.709677398      0.677419364       1.8742302749093483E-004
  0.741935492      0.677419364       8.1450387532998287E-005
  0.774193525      0.677419364       4.5470174597096794E-005
  0.806451619      0.677419364       1.5470336776222292E-006
  0.838709652      0.677419364       1.6733472001304290E-005
  0.870967746      0.677419364       8.0941288273899577E-007
  0.903225780      0.677419364       9.3846530089189799E-008
  0.935483873      0.677419364       1.5056975047455910E-007
  0.967741907      0.677419364       1.0162089198255902E-007
   1.00000000      0.677419364      -7.8373051592541325E-008
   0.00000000      0.709677398       2.3233018678704597E-007
   3.22580636E-02  0.709677398      -1.9793187623999914E-007
   6.45161271E-02  0.709677398      -1.4987593713416843E-007
   9.67741907E-02  0.709677398      -1.5280379294718981E-007
  0.129032254      0.709677398       1.1042776903214447E-006
  0.161290318      0.709677398       2.7155866541713814E-006
  0.193548381      0.709677398       3.2129658461127132E-005
  0.225806445      0.709677398       5.9484661869744709E-005
  0.258064508      0.709677398       1.5349164651182827E-004
  0.290322572      0.709677398       2.8882694343157034E-004
  0.322580636      0.709677398       4.2968120083032672E-004
  0.354838699      0.709677398       6.5689717515059816E-004
  0.387096763      0.709677398       1.0283760532074882E-003
  0.419354826      0.709677398       1.4873747482769409E-003
  0.451612890      0.709677398       1.8786910854913092E-003
  0.483870953      0.709677398       2.1097543340518792E-003
  0.516129017      0.709677398       2.1096708889850090E-003
  0.548387110      0.709677398       1.8786341866603145E-003
  0.580645144      0.709677398       1.4875395882742698E-003
  0.612903237      0.709677398       1.0281545426043819E-003
  0.645161271      0.709677398       6.5663467196182127E-004
  0.677419364      0.709677398       4.3052904523960918E-004
  0.709677398      0.709677398       2.8710316699792165E-004
  0.741935492      0.709677398       1.5542342948202109E-004
  0.774193525      0.709677398       5.8951589951967248E-005
  0.806451619      0.709677398       3.3905686959980432E-005
  0.838709652      0.709677398       1.2297502547065185E-006
  0.870967746      0.709677398       5.4301959891533914E-007
  0.903225780      0.709677398      -1.2393228357535671E-007
  0.935483873      0.709677398      -6.6012220347347181E-008
  0.967741907      0.709677398      -7.0149165651331403E-008
   1.00000000      0.709677398       1.7632499234667911E-007
   0.00000000      0.741935492      -3.0397629370283353E-007
   3.22580636E-02  0.741935492       1.4536907766772361E-007
   6.45161271E-02  0.741935492       2.6084740075126619E-007
   9.67741907E-02  0.741935492       8.9281374632416038E-008
  0.129032254      0.741935492      -1.4091092163668633E-007
  0.161290318      0.741935492       1.7739802668669763E-007
  0.193548381      0.741935492       1.6569831231323637E-005
  0.225806445      0.741935492      -1.5587243784208395E-007
  0.258064508      0.741935492       4.2623568302092798E-005
  0.290322572      0.741935492       6.5524367873416779E-005
  0.322580636      0.741935492       1.5470713526965352E-004
  0.354838699      0.741935492       3.0923275285325803E-004
  0.387096763      0.741935492       3.9512872160601926E-004
  0.419354826      0.741935492       5.4258150877025161E-004
  0.451612890      0.741935492       6.7152911434163591E-004
  0.483870953      0.741935492       7.7526437069686622E-004
  0.516129017      0.741935492       7.7524022727140326E-004
  0.548387110      0.741935492       6.7146170888773436E-004
  0.580645144      0.741935492       5.4291589339909054E-004
  0.612903237      0.741935492       3.9465479173437200E-004
  0.645161271      0.741935492       3.0962043819460943E-004
  0.677419364      0.741935492       1.5381833146213143E-004
  0.709677398      0.741935492       6.6910349204457568E-005
  0.741935492      0.741935492       4.1201276205834314E-005
  0.774193525      0.741935492      -7.2544254918238597E-009
  0.806451619      0.741935492       1.6924688110821035E-005
  0.838709652      0.741935492       1.2758876366112756E-007
  0.870967746      0.741935492       5.1356401340228914E-008
  0.903225780      0.741935492       8.4729727467115967E-008
  0.935483873      0.741935492       5.8639672930839693E-008
  0.967741907      0.741935492       1.4253727009230653E-007
   1.00000000      0.741935492      -1.9270747629077734E-007
   0.00000000      0.774193525       4.2150709870782983E-007
   3.22580636E-02  0.774193525      -9.6986482424062764E-008
   6.45161271E-02  0.774193525      -2.2171614402554338E-007
   9.67741907E-02  0.774193525      -6.8408149881363256E-008
  0.129032254      0.774193525       1.8469771790810737E-007
  0.161290318      0.774193525      -1.6120509887967977E-007
  0.193548381      0.774193525       2.3580477915486505E-007
  0.225806445      0.774193525       2.3605005660121824E-005
  0.258064508      0.774193525       1.3797654012738707E-005
  0.290322572      0.774193525       6.0586740882590675E-005
  0.322580636      0.774193525       9.6568540036892417E-005
  0.354838699      0.774193525       1.3512045132265128E-004
  0.387096763      0.774193525       2.3482589953764896E-004
  0.419354826      0.774193525       3.2211317375468302E-004
  0.451612890      0.774193525       3.7976501707699006E-004
  0.483870953      0.774193525       4.0151667847209744E-004
  0.516129017      0.774193525       4.0130268343019338E-004
  0.548387110      0.774193525       3.7992169286479746E-004
  0.580645144      0.774193525       3.2216267889845977E-004
  0.612903237      0.774193525       2.3445837171109314E-004
  0.645161271      0.774193525       1.3562444335470504E-004
  0.677419364      0.774193525       9.6303177462306111E-005
  0.709677398      0.774193525       6.1364114721841067E-005
  0.741935492      0.774193525       1.3110400568259529E-005
  0.774193525      0.774193525       2.4174602036784479E-005
  0.806451619      0.774193525       1.4312059797429647E-007
  0.838709652      0.774193525      -6.3356875541373881E-008
  0.870967746      0.774193525       5.6616146844493983E-009
  0.903225780      0.774193525      -2.4619046247372933E-008
  0.935483873      0.774193525      -4.0578780973496123E-008
  0.967741907      0.774193525      -1.1328086914866289E-007
   1.00000000      0.774193525       2.4995987960323281E-007
   0.00000000      0.806451619      -4.1453847201028496E-007
   3.22580636E-02  0.806451619       8.8825577105157994E-008
   6.45161271E-02  0.806451619       2.7253998738179696E-007
   9.67741907E-02  0.806451619       2.2609000710132651E-008
  0.129032254      0.806451619      -9.0424069349825959E-008
  0.161290318      0.806451619       2.4914018859697198E-008
  0.193548381      0.806451619       1.3638509445793614E-007
  0.225806445      0.806451619       1.1518900136149849E-007
  0.258064508      0.806451619       1.7374370491242222E-005
  0.290322572      0.806451619       1.3045463088616470E-005
  0.322580636      0.806451619       1.4680594357117169E-005
  0.354838699      0.806451619       6.0518092779314158E-005
  0.387096763      0.806451619       7.0672083517166399E-005
  0.419354826      0.806451619       9.4208335872294092E-005
  0.451612890      0.806451619       1.2783314924471432E-004
  0.483870953      0.806451619       1.4490056933721837E-004
  0.516129017      0.806451619       1.4525860590735074E-004
  0.548387110      0.806451619       1.2756992921875198E-004
  0.580645144      0.806451619       9.4363436619486067E-005
  0.612903237      0.806451619       7.0556953798527809E-005
  0.645161271      0.806451619       6.0409163923117624E-005
  0.677419364      0.806451619       1.4587538337296822E-005
  0.709677398      0.806451619       1.3582640700502706E-005
  0.741935492      0.806451619       1.6841007043858173E-005
  0.774193525      0.806451619       1.8158077672776922E-007
  0.806451619      0.806451619       4.1186397215010876E-008
  0.838709652      0.806451619      -2.5266482942158040E-008
  0.870967746      0.806451619      -6.4186957199226228E-009
  0.903225780      0.806451619       3.7037045221387288E-008
  0.935483873      0.806451619       2.4029903061147119E-008
  0.967741907      0.806451619       1.3442007540282983E-007
   1.00000000      0.806451619      -2.4928236577679345E-007
   0.00000000      0.838709652       4.1913698514035733E-007
   3.22580636E-02  0.838709652      -4.3065844833331845E-008
   6.45161271E-02  0.838709652      -1.8531730372564551E-007
   9.67741907E-02  0.838709652      -3.0578096741620519E-008
  0.129032254      0.838709652       1.2574209753024852E-007
  0.161290318      0.838709652      -1.0308579010645885E-008
  0.193548381      0.838709652      -2.9910965895388742E-008
  0.225806445      0.838709652      -7.1865523998961985E-008
  0.258064508      0.838709652       6.6697937531298880E-007
  0.290322572      0.838709652       3.3237196706311215E-007
  0.322580636      0.838709652       3.2705790136532821E-005
  0.354838699      0.838709652       4.5517473764569860E-006
  0.387096763      0.838709652       3.0857087460899850E-005
  0.419354826      0.838709652       3.9797941276255953E-005
  0.451612890      0.838709652       4.9781436626547373E-005
  0.483870953      0.838709652       5.7763738565431512E-005
  0.516129017      0.838709652       5.8135330240182217E-005
  0.548387110      0.838709652       4.9416162263659990E-005
  0.580645144      0.838709652       4.0096787947316318E-005
  0.612903237      0.838709652       3.0612830830150417E-005
  0.645161271      0.838709652       4.6042902122089865E-006
  0.677419364      0.838709652       3.2486853493461182E-005
  0.709677398      0.838709652       3.2401143929339038E-007
  0.741935492      0.838709652       8.1675550678735431E-007
  0.774193525      0.838709652      -9.0683259269652626E-008
  0.806451619      0.838709652      -1.3385713380637142E-008
  0.838709652      0.838709652       1.4275055716451358E-007
  0.870967746      0.838709652       2.3327177236187393E-008
  0.903225780      0.838709652       4.4250314384067757E-008
  0.935483873      0.838709652       2.9430357394006684E-008
  0.967741907      0.838709652      -7.0786709716787431E-008
   1.00000000      0.838709652       2.6909152529488754E-007
   0.00000000      0.870967746      -3.2697639991929660E-007
   3.22580636E-02  0.870967746       5.7765227288703879E-008
   6.45161271E-02  0.870967746       1.2835339303034165E-007
   9.67741907E-02  0.870967746       1.0546370724745747E-007
  0.129032254      0.870967746      -1.3011947606594414E-007
  0.161290318      0.870967746       7.7402557096781696E-008
  0.193548381      0.870967746       1.7996007775407097E-008
  0.225806445      0.870967746       2.9766092890616964E-008
  0.258064508      0.870967746      -1.9100783171470789E-008
  0.290322572      0.870967746       1.4566915855233639E-007
  0.322580636      0.870967746       7.6439408808932517E-008
  0.354838699      0.870967746       1.2187466767955547E-005
  0.387096763      0.870967746       1.8046445982455755E-005
  0.419354826      0.870967746       1.0461282838233818E-005
  0.451612890      0.870967746       1.9953195767264070E-005
  0.483870953      0.870967746       8.3938444943513923E-006
  0.516129017      0.870967746       7.9311290356948022E-006
  0.548387110      0.870967746       2.0237781543274385E-005
  0.580645144      0.870967746       1.0464704553549269E-005
  0.612903237      0.870967746       1.8082361002735887E-005
  0.645161271      0.870967746       1.2274978848174546E-005
  0.677419364      0.870967746       1.6815962679171768E-007
  0.709677398      0.870967746       1.6211428378268056E-007
  0.741935492      0.870967746      -3.9852248861358211E-008
  0.774193525      0.870967746       8.1290576934253551E-008
  0.806451619      0.870967746      -2.0705914447799634E-008
  0.838709652      0.870967746      -3.5053700218664720E-008
  0.870967746      0.870967746      -5.5601720372817774E-008
  0.903225780      0.870967746      -5.0135712753248004E-009
  0.935483873      0.870967746      -1.5476428421503920E-008
  0.967741907      0.870967746       8.8242509223545544E-008
   1.00000000      0.870967746      -1.9760390662975775E-007
   0.00000000      0.903225780       2.6945839117074619E-007
   3.22580636E-02  0.903225780       3.4196864515459877E-008
   6.45161271E-02  0.903225780      -1.5166147320233830E-007
   9.67741907E-02  0.903225780      -3.4316368532317908E-008
  0.129032254      0.903225780       8.5498400572281132E-008
  0.161290318      0.903225780       1.0624285783475040E-008
  0.193548381      0.903225780      -4.3740304516607551E-009
  0.225806445      0.903225780       3.0860022664055348E-008
  0.258064508      0.903225780      -1.8788608008767822E-009
  0.290322572      0.903225780       6.3267823143188459E-008
  0.322580636      0.903225780      -1.7500367311200989E-009
  0.354838699      0.903225780      -2.8827293865565364E-009
  0.387096763      0.903225780       2.2970018930561985E-008
  0.419354826      0.903225780       1.7004952810346678E-006
  0.451612890      0.903225780       9.7092813415057502E-007
  0.483870953      0.903225780       1.3533675491515456E-005
  0.516129017      0.903225780       1.3719660298969824E-005
  0.548387110      0.903225780       7.8115086916970253E-007
  0.580645144      0.903225780       1.8031500549877150E-006
  0.612903237      0.903225780      -2.3073702010456717E-008
  0.645161271      0.903225780       1.6564029895599359E-008
  0.677419364      0.903225780      -5.5221354253749348E-008
  0.709677398      0.903225780       1.0254218951232157E-007
  0.741935492      0.903225780      -5.2628782655205201E-008
  0.774193525      0.903225780       5.6619863690100876E-008
  0.806451619      0.903225780      -1.8488083104140014E-008
  0.838709652      0.903225780       1.3043818673073567E-007
  0.870967746      0.903225780       6.9183371377937451E-009
  0.903225780      0.903225780       7.9471075497787305E-008
  0.935483873      0.903225780      -1.7921110753262113E-008
  0.967741907      0.903225780      -2.6179646789089792E-008
   1.00000000      0.903225780       1.4658371915452745E-007
   0.00000000      0.935483873      -1.9354779706011233E-007
   3.22580636E-02  0.935483873      -4.0843582391193370E-009
   6.45161271E-02  0.935483873       1.4925168886011945E-007
   9.67741907E-02  0.935483873       6.5652665363874013E-008
  0.129032254      0.935483873      -2.0852896926811799E-008
  0.161290318      0.935483873       3.4141955315432318E-009
  0.193548381      0.935483873       2.0585190378510774E-008
  0.225806445      0.935483873       2.2974467153400345E-008
  0.258064508      0.935483873      -5.7289253393753503E-009
  0.290322572      0.935483873       6.2647857926236011E-008
  0.322580636      0.935483873      -1.0963330991763117E-008
  0.354838699      0.935483873       2.9426039298560821E-008
  0.387096763      0.935483873       4.1563680143561505E-009
  0.419354826      0.935483873       1.1709716663932013E-008
  0.451612890      0.935483873       2.8248482749067662E-008
  0.483870953      0.935483873      -1.0932880611939440E-008
  0.516129017      0.935483873       3.5286378171505362E-008
  0.548387110      0.935483873      -1.0825019326922493E-008
  0.580645144      0.935483873       4.3088299367237032E-008
  0.612903237      0.935483873      -1.8274672077924058E-008
  0.645161271      0.935483873       5.8007649775156090E-008
  0.677419364      0.935483873      -1.5821163853818716E-008
  0.709677398      0.935483873       6.7700545846355992E-008
  0.741935492      0.935483873      -1.1217136795866811E-008
  0.774193525      0.935483873       6.2200995551001190E-008
  0.806451619      0.935483873      -2.3160696822191089E-008
  0.838709652      0.935483873      -3.6282664541236822E-008
  0.870967746      0.935483873       6.0735896153610047E-009
  0.903225780      0.935483873       1.0811329838064292E-009
  0.935483873      0.935483873       2.1681001526305001E-008
  0.967741907      0.935483873       7.2141153123457298E-008
   1.00000000      0.935483873      -5.2958264580436727E-008
   0.00000000      0.967741907       1.6536725711575995E-007
   3.22580636E-02  0.967741907       1.4627868450354582E-008
   6.45161271E-02  0.967741907      -3.9767432530720451E-008
   9.67741907E-02  0.967741907      -6.6545873387560489E-008
  0.129032254      0.967741907       7.4625931718932023E-008
  0.161290318      0.967741907       2.3652886612860677E-008
  0.193548381      0.967741907       2.2374477452358306E-009
  0.225806445      0.967741907       5.6842172961033976E-008
  0.258064508      0.967741907      -4.3258555503059224E-008
  0.290322572      0.967741907       1.2440968787826511E-007
  0.322580636      0.967741907      -1.0148147898048252E-007
  0.354838699      0.967741907       1.5748462007147103E-007
  0.387096763      0.967741907      -9.8481099069853281E-008
  0.419354826      0.967741907       9.9859170862194654E-008
  0.451612890      0.967741907      -5.2143249514102798E-008
  0.483870953      0.967741907       3.7930747035401358E-008
  0.516129017      0.967741907       2.1028258845021387E-008
  0.548387110      0.967741907      -4.1022400740942259E-008
  0.580645144      0.967741907       1.0968315825093668E-007
  0.612903237      0.967741907      -1.2143829036712311E-007
  0.645161271      0.967741907       1.6976687908259251E-007
  0.677419364      0.967741907      -1.2547778777727669E-007
  0.709677398      0.967741907       1.3922479175168344E-007
  0.741935492      0.967741907      -8.0591987574794312E-008
  0.774193525      0.967741907       6.0248755629606442E-008
  0.806451619      0.967741907      -2.3542426179709035E-008
  0.838709652      0.967741907       8.0548327588373658E-008
  0.870967746      0.967741907      -5.6230599428608186E-009
  0.903225780      0.967741907       1.4996166711069257E-008
  0.935483873      0.967741907       6.6696376360612645E-009
  0.967741907      0.967741907      -4.4148700395426198E-008
   1.00000000      0.967741907       4.4231339575039153E-008
   0.00000000       1.00000000      -3.9155101470473609E-008
   3.22580636E-02   1.00000000      -1.2262956112176667E-008
   6.45161271E-02   1.00000000       5.6343088918654121E-008
   9.67741907E-02   1.00000000       3.0971664817901347E-008
  0.129032254       1.00000000      -1.1458700612857453E-008
  0.161290318       1.00000000       1.1620740858850251E-010
  0.193548381       1.00000000       3.3846256709307203E-008
  0.225806445       1.00000000      -8.8527844256144606E-009
  0.258064508       1.00000000       5.6386248666741957E-008
  0.290322572       1.00000000      -3.8304911644881486E-008
  0.322580636       1.00000000       6.4747231008860462E-008
  0.354838699       1.00000000      -4.2784580148687794E-008
  0.387096763       1.00000000       6.4617486231854575E-008
  0.419354826       1.00000000      -7.7187452515572837E-010
  0.451612890       1.00000000       2.5601002274294583E-008
  0.483870953       1.00000000       1.2553817884828063E-008
  0.516129017       1.00000000       9.6838208732301044E-009
  0.548387110       1.00000000       2.3608385539500337E-008
  0.580645144       1.00000000       6.6631973128297399E-009
  0.612903237       1.00000000       3.8297165486041711E-008
  0.645161271       1.00000000      -6.7510821839348804E-009
  0.677419364       1.00000000       4.7956169553131315E-008
  0.709677398       1.00000000      -2.5414535416031542E-008
  0.741935492       1.00000000       6.7088847581491666E-008
  0.774193525       1.00000000       1.2418094425110431E-009
  0.806451619       1.00000000       4.7654771946823754E-008
  0.838709652       1.00000000      -2.1447491938421712E-008
  0.870967746       1.00000000       3.8239575218831277E-008
  0.903225780       1.00000000       5.8591938229014270E-010
  0.935483873       1.00000000       4.2481717431446947E-008
  0.967741907       1.00000000       2.3590816392567604E-008
   1.00000000       1.00000000      -3.5529559188453234E-009
