 # X Y F 
   0.00000000       0.00000000       2.5127858882206101E-007
   3.22580636E-02   0.00000000      -4.2274665497425257E-007
   6.45161271E-02   0.00000000      -8.9850825415797581E-007
   9.67741907E-02   0.00000000      -2.8445100752791597E-007
  0.129032254       0.00000000       4.4705378811136366E-006
  0.161290318       0.00000000       1.7956927352430896E-006
  0.193548381       0.00000000       1.9520744285122270E-006
  0.225806445       0.00000000       1.6424090381675866E-006
  0.258064508       0.00000000       1.0130707714467780E-006
  0.290322572       0.00000000       4.7118907805984395E-006
  0.322580636       0.00000000       7.6281977106038748E-006
  0.354838699       0.00000000       1.1554104891590867E-005
  0.387096763       0.00000000       1.5032719605443592E-005
  0.419354826       0.00000000       1.6672907656470348E-005
  0.451612890       0.00000000       2.2236469318425663E-005
  0.483870953       0.00000000       2.0603142032290967E-005
  0.516129017       0.00000000       2.2562914895992531E-005
  0.548387110       0.00000000       2.2110157976325069E-005
  0.580645144       0.00000000       1.8599737714014404E-005
  0.612903237       0.00000000       1.8990492427873566E-005
  0.645161271       0.00000000       1.6339145814920496E-005
  0.677419364       0.00000000       1.1591436031023433E-005
  0.709677398       0.00000000       9.9258037095778405E-006
  0.741935492       0.00000000       9.4846778338344625E-006
  0.774193525       0.00000000       6.5327167680719952E-006
  0.806451619       0.00000000      -3.6373226158570837E-006
  0.838709652       0.00000000      -2.3415530533796029E-006
  0.870967746       0.00000000       3.2898072278127483E-006
  0.903225780       0.00000000      -6.4874591222554252E-006
  0.935483873       0.00000000       4.6433987763329975E-006
  0.967741907       0.00000000      -4.8042057702600366E-006
   1.00000000       0.00000000       7.5913957098737456E-008
   0.00000000       3.22580636E-02   2.4501353306776053E-006
   3.22580636E-02   3.22580636E-02   1.3600402247492071E-006
   6.45161271E-02   3.22580636E-02   6.1965133393689651E-007
   9.67741907E-02   3.22580636E-02   1.7100863407250942E-006
  0.129032254       3.22580636E-02  -1.7988879918334512E-006
  0.161290318       3.22580636E-02   1.2084615893882694E-006
  0.193548381       3.22580636E-02   4.4542938767637671E-007
  0.225806445       3.22580636E-02   1.4431530079092739E-006
  0.258064508       3.22580636E-02   6.1487013938881949E-006
  0.290322572       3.22580636E-02   8.0264141076378619E-006
  0.322580636       3.22580636E-02   1.2497275186892761E-005
  0.354838699       3.22580636E-02   1.5092751230845950E-005
  0.387096763       3.22580636E-02   2.3387498216992565E-005
  0.419354826       3.22580636E-02   2.6728347415847828E-005
  0.451612890       3.22580636E-02   2.7581043944131200E-005
  0.483870953       3.22580636E-02   3.3416903569906789E-005
  0.516129017       3.22580636E-02   3.3972675407636285E-005
  0.548387110       3.22580636E-02   3.6695207884061297E-005
  0.580645144       3.22580636E-02   3.4767640496435417E-005
  0.612903237       3.22580636E-02   3.2760062555062643E-005
  0.645161271       3.22580636E-02   2.7605154596400247E-005
  0.677419364       3.22580636E-02   2.3481483211229975E-005
  0.709677398       3.22580636E-02   2.1222620934709511E-005
  0.741935492       3.22580636E-02   2.1080610058186112E-005
  0.774193525       3.22580636E-02   1.1396722011278839E-005
  0.806451619       3.22580636E-02   3.9010331784140554E-006
  0.838709652       3.22580636E-02   9.3572861738362120E-006
  0.870967746       3.22580636E-02   4.3405195554198663E-007
  0.903225780       3.22580636E-02   3.0216101140040806E-006
  0.935483873       3.22580636E-02  -3.7668878908888800E-006
  0.967741907       3.22580636E-02   5.2650345314535417E-006
   1.00000000       3.22580636E-02   1.9478903838057706E-006
   0.00000000       6.45161271E-02  -2.5186466333443688E-006
   3.22580636E-02   6.45161271E-02   3.2276955685907039E-006
   6.45161271E-02   6.45161271E-02  -1.8124906876697024E-006
   9.67741907E-02   6.45161271E-02  -7.3176898458908533E-007
  0.129032254       6.45161271E-02  -1.8063840273251321E-006
  0.161290318       6.45161271E-02   1.4699094462597207E-006
  0.193548381       6.45161271E-02   1.2697871365094590E-006
  0.225806445       6.45161271E-02   2.5730405843166718E-006
  0.258064508       6.45161271E-02   9.3012882230354207E-006
  0.290322572       6.45161271E-02   1.3285515605868038E-005
  0.322580636       6.45161271E-02   2.1210760609220371E-005
  0.354838699       6.45161271E-02   2.5445032473442271E-005
  0.387096763       6.45161271E-02   3.4898874049555311E-005
  0.419354826       6.45161271E-02   4.1071049401282260E-005
  0.451612890       6.45161271E-02   4.8458007836114918E-005
  0.483870953       6.45161271E-02   5.1748031259060830E-005
  0.516129017       6.45161271E-02   5.3751739148199652E-005
  0.548387110       6.45161271E-02   5.7896503299653597E-005
  0.580645144       6.45161271E-02   5.4351569955965259E-005
  0.612903237       6.45161271E-02   5.3161999308045894E-005
  0.645161271       6.45161271E-02   4.8740719738727985E-005
  0.677419364       6.45161271E-02   4.1086882184890134E-005
  0.709677398       6.45161271E-02   3.7030085685049187E-005
  0.741935492       6.45161271E-02   2.9189829265360568E-005
  0.774193525       6.45161271E-02   1.9619273387199380E-005
  0.806451619       6.45161271E-02   2.2647771699592108E-005
  0.838709652       6.45161271E-02   1.6112159142749384E-005
  0.870967746       6.45161271E-02   5.5226457358761707E-006
  0.903225780       6.45161271E-02  -6.3469295133360129E-006
  0.935483873       6.45161271E-02  -3.7120142723316256E-006
  0.967741907       6.45161271E-02  -1.0769297541251031E-006
   1.00000000       6.45161271E-02  -1.1994821661583378E-006
   0.00000000       9.67741907E-02   2.3471635606614473E-006
   3.22580636E-02   9.67741907E-02   4.1073307400593090E-006
   6.45161271E-02   9.67741907E-02   4.8712836582047872E-007
   9.67741907E-02   9.67741907E-02   1.0369911578112966E-006
  0.129032254       9.67741907E-02  -2.9302873192006098E-007
  0.161290318       9.67741907E-02   8.8944554189890854E-006
  0.193548381       9.67741907E-02   4.1227802363485986E-006
  0.225806445       9.67741907E-02   1.1313047056259832E-005
  0.258064508       9.67741907E-02   1.6799798778230242E-005
  0.290322572       9.67741907E-02   2.3659659118332276E-005
  0.322580636       9.67741907E-02   3.7306511173574760E-005
  0.354838699       9.67741907E-02   4.5571122677241962E-005
  0.387096763       9.67741907E-02   5.8409633479809430E-005
  0.419354826       9.67741907E-02   6.6890582572300708E-005
  0.451612890       9.67741907E-02   7.7031726936802828E-005
  0.483870953       9.67741907E-02   8.2696735563397974E-005
  0.516129017       9.67741907E-02   8.9333163196234135E-005
  0.548387110       9.67741907E-02   8.6147837114587840E-005
  0.580645144       9.67741907E-02   8.6732962363228328E-005
  0.612903237       9.67741907E-02   8.3308124502307724E-005
  0.645161271       9.67741907E-02   7.4535320848728625E-005
  0.677419364       9.67741907E-02   6.6362724797683500E-005
  0.709677398       9.67741907E-02   5.8917484775830412E-005
  0.741935492       9.67741907E-02   4.6228528580937387E-005
  0.774193525       9.67741907E-02   3.8848752541795553E-005
  0.806451619       9.67741907E-02   2.9025807785022663E-005
  0.838709652       9.67741907E-02   2.5321446557690491E-005
  0.870967746       9.67741907E-02   1.8297911703484159E-005
  0.903225780       9.67741907E-02   8.6939887613379402E-006
  0.935483873       9.67741907E-02  -2.8265583976435074E-006
  0.967741907       9.67741907E-02  -2.9185351137610073E-006
   1.00000000       9.67741907E-02   2.1159047020143384E-006
   0.00000000      0.129032254       1.4614481227827393E-006
   3.22580636E-02  0.129032254      -1.2581677451291887E-006
   6.45161271E-02  0.129032254       1.0444858075585045E-006
   9.67741907E-02  0.129032254       3.0308472133367963E-006
  0.129032254      0.129032254       1.4021613969444837E-007
  0.161290318      0.129032254       4.1148997639709982E-006
  0.193548381      0.129032254       1.0246143942043182E-005
  0.225806445      0.129032254       1.7017282214960588E-005
  0.258064508      0.129032254       3.2183174852159132E-005
  0.290322572      0.129032254       4.6566464994862284E-005
  0.322580636      0.129032254       6.1775963077130249E-005
  0.354838699      0.129032254       7.9773223681987873E-005
  0.387096763      0.129032254       9.6877381907407487E-005
  0.419354826      0.129032254       1.1152028886315653E-004
  0.451612890      0.129032254       1.2554113861431321E-004
  0.483870953      0.129032254       1.3405822055115706E-004
  0.516129017      0.129032254       1.3916965556267939E-004
  0.548387110      0.129032254       1.4025981686567230E-004
  0.580645144      0.129032254       1.3528458377952497E-004
  0.612903237      0.129032254       1.2886536355574801E-004
  0.645161271      0.129032254       1.1699695295850301E-004
  0.677419364      0.129032254       1.0504628978802234E-004
  0.709677398      0.129032254       8.9594899592394212E-005
  0.741935492      0.129032254       7.6167992828980315E-005
  0.774193525      0.129032254       6.3826309930819570E-005
  0.806451619      0.129032254       4.6251187664179798E-005
  0.838709652      0.129032254       3.7107019514546387E-005
  0.870967746      0.129032254       2.4389080631851280E-005
  0.903225780      0.129032254       1.6590161710230315E-005
  0.935483873      0.129032254       4.7612063163518565E-006
  0.967741907      0.129032254       3.4165839419628115E-006
   1.00000000      0.129032254       1.3011192721913261E-006
   0.00000000      0.161290318      -4.4844748543186912E-007
   3.22580636E-02  0.161290318      -6.4504005472548096E-007
   6.45161271E-02  0.161290318       8.7733197784399931E-007
   9.67741907E-02  0.161290318       1.7136861732891850E-006
  0.129032254      0.161290318       6.1307195654831181E-006
  0.161290318      0.161290318       1.0874790929347162E-005
  0.193548381      0.161290318       2.1009756028031349E-005
  0.225806445      0.161290318       3.6110278193877180E-005
  0.258064508      0.161290318       5.4467040119431085E-005
  0.290322572      0.161290318       7.9144437327816078E-005
  0.322580636      0.161290318       1.0535018590843112E-004
  0.354838699      0.161290318       1.3284525858766154E-004
  0.387096763      0.161290318       1.5884618524958103E-004
  0.419354826      0.161290318       1.8299102001755264E-004
  0.451612890      0.161290318       2.0164272444941450E-004
  0.483870953      0.161290318       2.1343275228624138E-004
  0.516129017      0.161290318       2.1991044999289234E-004
  0.548387110      0.161290318       2.1853467996615100E-004
  0.580645144      0.161290318       2.1006229658531139E-004
  0.612903237      0.161290318       1.9738140692565626E-004
  0.645161271      0.161290318       1.7908637795786329E-004
  0.677419364      0.161290318       1.5827409885307665E-004
  0.709677398      0.161290318       1.3731465624802004E-004
  0.741935492      0.161290318       1.1400276340402574E-004
  0.774193525      0.161290318       9.0834110318116477E-005
  0.806451619      0.161290318       7.4437779059873056E-005
  0.838709652      0.161290318       5.4001136566845479E-005
  0.870967746      0.161290318       4.0220052190635390E-005
  0.903225780      0.161290318       2.7015168671120387E-005
  0.935483873      0.161290318       1.7222607842872192E-005
  0.967741907      0.161290318       1.5577076581334885E-005
   1.00000000      0.161290318       9.1306770690482718E-006
   0.00000000      0.193548381       2.4400186755093091E-006
   3.22580636E-02  0.193548381      -5.0096888182148996E-007
   6.45161271E-02  0.193548381       3.6837777599145323E-006
   9.67741907E-02  0.193548381       5.6535425730457249E-006
  0.129032254      0.193548381       1.1715592601296665E-005
  0.161290318      0.193548381       1.8713627635333912E-005
  0.193548381      0.193548381       3.6755034699115878E-005
  0.225806445      0.193548381       6.2384800238562445E-005
  0.258064508      0.193548381       9.4202937972517843E-005
  0.290322572      0.193548381       1.3022601116052356E-004
  0.322580636      0.193548381       1.7363442584913413E-004
  0.354838699      0.193548381       2.1416552174292728E-004
  0.387096763      0.193548381       2.5623133980372508E-004
  0.419354826      0.193548381       2.9057465047087680E-004
  0.451612890      0.193548381       3.1744745445495582E-004
  0.483870953      0.193548381       3.3553593022241849E-004
  0.516129017      0.193548381       3.4050178619494102E-004
  0.548387110      0.193548381       3.3772797330067726E-004
  0.580645144      0.193548381       3.2208856887642567E-004
  0.612903237      0.193548381       2.9990277942892153E-004
  0.645161271      0.193548381       2.7159568749077830E-004
  0.677419364      0.193548381       2.3815191607820277E-004
  0.709677398      0.193548381       2.0339609706322809E-004
  0.741935492      0.193548381       1.6918030422582352E-004
  0.774193525      0.193548381       1.3617793874270160E-004
  0.806451619      0.193548381       1.0743652908098943E-004
  0.838709652      0.193548381       8.2032241459820132E-005
  0.870967746      0.193548381       6.0098740968921473E-005
  0.903225780      0.193548381       4.1263789928426145E-005
  0.935483873      0.193548381       2.6623218998305024E-005
  0.967741907      0.193548381       2.5562679678000788E-005
   1.00000000      0.193548381       1.1755723145759563E-006
   0.00000000      0.225806445       5.8267371986170346E-007
   3.22580636E-02  0.225806445       1.5314249954557660E-006
   6.45161271E-02  0.225806445       4.9882400904965844E-006
   9.67741907E-02  0.225806445       1.1112537709283229E-005
  0.129032254      0.225806445       1.8017054558853251E-005
  0.161290318      0.225806445       3.6268348074533124E-005
  0.193548381      0.225806445       6.0597318995844194E-005
  0.225806445      0.225806445       9.8925000182451540E-005
  0.258064508      0.225806445       1.4740568661034530E-004
  0.290322572      0.225806445       2.0649747414196347E-004
  0.322580636      0.225806445       2.6888091575982018E-004
  0.354838699      0.225806445       3.3490939617818242E-004
  0.387096763      0.225806445       3.9599393940285545E-004
  0.419354826      0.225806445       4.4768799943705400E-004
  0.451612890      0.225806445       4.8839645506209596E-004
  0.483870953      0.225806445       5.1173454716138458E-004
  0.516129017      0.225806445       5.1950668596750988E-004
  0.548387110      0.225806445       5.1053956912083061E-004
  0.580645144      0.225806445       4.8519382462687322E-004
  0.612903237      0.225806445       4.5010042212849404E-004
  0.645161271      0.225806445       4.0267757898998041E-004
  0.677419364      0.225806445       3.5326868877432079E-004
  0.709677398      0.225806445       2.9841948862646065E-004
  0.741935492      0.225806445       2.4859756476819833E-004
  0.774193525      0.225806445       1.9905287534792811E-004
  0.806451619      0.225806445       1.5495528770895022E-004
  0.838709652      0.225806445       1.1685599119069967E-004
  0.870967746      0.225806445       8.6684235222509885E-005
  0.903225780      0.225806445       5.9399032629670828E-005
  0.935483873      0.225806445       3.9775236911360956E-005
  0.967741907      0.225806445       2.3050357545506932E-005
   1.00000000      0.225806445       7.3624745959676061E-006
   0.00000000      0.258064508       2.9842977226042728E-006
   3.22580636E-02  0.258064508       5.6530427684007390E-006
   6.45161271E-02  0.258064508       1.0047629020397930E-005
   9.67741907E-02  0.258064508       1.6652937312528085E-005
  0.129032254      0.258064508       3.0912319299081517E-005
  0.161290318      0.258064508       5.5306448955954582E-005
  0.193548381      0.258064508       9.2957469785280553E-005
  0.225806445      0.258064508       1.4751997854577507E-004
  0.258064508      0.258064508       2.1906634971343957E-004
  0.290322572      0.258064508       3.0472860694932526E-004
  0.322580636      0.258064508       3.9963005073420822E-004
  0.354838699      0.258064508       4.9643014447064147E-004
  0.387096763      0.258064508       5.8706968466531464E-004
  0.419354826      0.258064508       6.6539908837239935E-004
  0.451612890      0.258064508       7.2467480084247233E-004
  0.483870953      0.258064508       7.5993884537365751E-004
  0.516129017      0.258064508       7.7078523940271300E-004
  0.548387110      0.258064508       7.5530262203345384E-004
  0.580645144      0.258064508       7.1747853683482878E-004
  0.612903237      0.258064508       6.6108975652036438E-004
  0.645161271      0.258064508       5.9079792191006934E-004
  0.677419364      0.258064508       5.1321873379463309E-004
  0.709677398      0.258064508       4.3334270732000977E-004
  0.741935492      0.258064508       3.5595716383142012E-004
  0.774193525      0.258064508       2.8425541216649404E-004
  0.806451619      0.258064508       2.2073846271067262E-004
  0.838709652      0.258064508       1.6756152047333911E-004
  0.870967746      0.258064508       1.2179266552918206E-004
  0.903225780      0.258064508       8.6523876398877174E-005
  0.935483873      0.258064508       5.9158200927509025E-005
  0.967741907      0.258064508       3.5809480083759641E-005
   1.00000000      0.258064508       1.9154846337289462E-005
   0.00000000      0.290322572       7.4930533599067058E-006
   3.22580636E-02  0.290322572       5.9357546373321772E-006
   6.45161271E-02  0.290322572       1.1897957304184144E-005
   9.67741907E-02  0.290322572       2.5760424743393290E-005
  0.129032254      0.290322572       4.6302234720849519E-005
  0.161290318      0.290322572       7.8662459107657233E-005
  0.193548381      0.290322572       1.2980966529814046E-004
  0.225806445      0.290322572       2.0630467690380976E-004
  0.258064508      0.290322572       3.0462969258227609E-004
  0.290322572      0.290322572       4.2536409629410774E-004
  0.322580636      0.290322572       5.5991991754996816E-004
  0.354838699      0.290322572       6.9943628875398362E-004
  0.387096763      0.290322572       8.3248321465765273E-004
  0.419354826      0.290322572       9.4851187026519181E-004
  0.451612890      0.290322572       1.0373968621585465E-003
  0.483870953      0.290322572       1.0929253515251573E-003
  0.516129017      0.290322572       1.1104676324550247E-003
  0.548387110      0.290322572       1.0904597572954002E-003
  0.580645144      0.290322572       1.0357342578205528E-003
  0.612903237      0.290322572       9.5276325868356862E-004
  0.645161271      0.290322572       8.4943809469920745E-004
  0.677419364      0.290322572       7.3472893599314153E-004
  0.709677398      0.290322572       6.1726319692802147E-004
  0.741935492      0.290322572       5.0306277875410534E-004
  0.774193525      0.290322572       3.9937864133605716E-004
  0.806451619      0.290322572       3.0790835430127009E-004
  0.838709652      0.290322572       2.3077195253785852E-004
  0.870967746      0.290322572       1.6910906895221245E-004
  0.903225780      0.290322572       1.1840083346801709E-004
  0.935483873      0.290322572       7.9500446695876951E-005
  0.967741907      0.290322572       5.1879281233189286E-005
   1.00000000      0.290322572       2.8185425076142385E-005
   0.00000000      0.322580636       8.0587149525010205E-006
   3.22580636E-02  0.322580636       1.1931009459132852E-005
   6.45161271E-02  0.322580636       2.0498446734226986E-005
   9.67741907E-02  0.322580636       3.6409805479525035E-005
  0.129032254      0.322580636       6.0848151695642454E-005
  0.161290318      0.322580636       1.0508059918191997E-004
  0.193548381      0.322580636       1.7312613657151821E-004
  0.225806445      0.322580636       2.6878210056308804E-004
  0.258064508      0.322580636       4.0006605262819133E-004
  0.290322572      0.322580636       5.5977073463721837E-004
  0.322580636      0.322580636       7.4341385164050026E-004
  0.354838699      0.322580636       9.3671608415501811E-004
  0.387096763      0.322580636       1.1262617761899245E-003
  0.419354826      0.322580636       1.2948326844965258E-003
  0.451612890      0.322580636       1.4290237715439333E-003
  0.483870953      0.322580636       1.5165783436124119E-003
  0.516129017      0.322580636       1.5507801637675202E-003
  0.548387110      0.322580636       1.5299186184053015E-003
  0.580645144      0.322580636       1.4574669060609426E-003
  0.612903237      0.322580636       1.3424811186069786E-003
  0.645161271      0.322580636       1.1962386970484869E-003
  0.677419364      0.322580636       1.0320993409660810E-003
  0.709677398      0.322580636       8.6288705308187603E-004
  0.741935492      0.322580636       6.9987758624619287E-004
  0.774193525      0.322580636       5.5115754003955174E-004
  0.806451619      0.322580636       4.2194370891775765E-004
  0.838709652      0.322580636       3.1443736611485652E-004
  0.870967746      0.322580636       2.2805396164582605E-004
  0.903225780      0.322580636       1.6126610848412741E-004
  0.935483873      0.322580636       1.0938506164686182E-004
  0.967741907      0.322580636       7.2363323958537024E-005
   1.00000000      0.322580636       4.3409047396261731E-005
   0.00000000      0.354838699       1.1272344295477573E-005
   3.22580636E-02  0.354838699       1.7403780214212514E-005
   6.45161271E-02  0.354838699       2.8184521789126392E-005
   9.67741907E-02  0.354838699       4.5051849270317231E-005
  0.129032254      0.354838699       7.9824169388570485E-005
  0.161290318      0.354838699       1.3281889563173779E-004
  0.193548381      0.354838699       2.1439416030689159E-004
  0.225806445      0.354838699       3.3529946526366977E-004
  0.258064508      0.354838699       4.9596509851842563E-004
  0.290322572      0.354838699       6.9942896321241238E-004
  0.322580636      0.354838699       9.3678996132249941E-004
  0.354838699      0.354838699       1.1948309168586470E-003
  0.387096763      0.354838699       1.4541491441520658E-003
  0.419354826      0.354838699       1.6932926384583759E-003
  0.451612890      0.354838699       1.8909674127161097E-003
  0.483870953      0.354838699       2.0288288648576173E-003
  0.516129017      0.354838699       2.0942307911351928E-003
  0.548387110      0.354838699       2.0820145072682149E-003
  0.580645144      0.354838699       1.9955355668167204E-003
  0.612903237      0.354838699       1.8447645963159357E-003
  0.645161271      0.354838699       1.6467858981068901E-003
  0.677419364      0.354838699       1.4197418508587057E-003
  0.709677398      0.354838699       1.1838890663598365E-003
  0.741935492      0.354838699       9.5506906790546653E-004
  0.774193525      0.354838699       7.4676745811965860E-004
  0.806451619      0.354838699       5.6674210889605294E-004
  0.838709652      0.354838699       4.1848731390330536E-004
  0.870967746      0.354838699       3.0086216373187582E-004
  0.903225780      0.354838699       2.1148034222003635E-004
  0.935483873      0.354838699       1.4419114609389436E-004
  0.967741907      0.354838699       9.4043773995543229E-005
   1.00000000      0.354838699       6.2270304636349727E-005
   0.00000000      0.387096763       1.5160061883157492E-005
   3.22580636E-02  0.387096763       2.0366911003747270E-005
   6.45161271E-02  0.387096763       3.5917287465192880E-005
   9.67741907E-02  0.387096763       5.7934137052582592E-005
  0.129032254      0.387096763       9.6054699471835662E-005
  0.161290318      0.387096763       1.5910413215952052E-004
  0.193548381      0.387096763       2.5626251633234759E-004
  0.225806445      0.387096763       3.9532169651566168E-004
  0.258064508      0.387096763       5.8758850562474661E-004
  0.290322572      0.387096763       8.3244909120273197E-004
  0.322580636      0.387096763       1.1262747319939115E-003
  0.354838699      0.387096763       1.4540874016561592E-003
  0.387096763      0.387096763       1.7947688564554890E-003
  0.419354826      0.387096763       2.1206524936714464E-003
  0.451612890      0.387096763       2.4024796961412557E-003
  0.483870953      0.387096763       2.6125209871957458E-003
  0.516129017      0.387096763       2.7301942846401669E-003
  0.548387110      0.387096763       2.7430996574911168E-003
  0.580645144      0.387096763       2.6520030816840957E-003
  0.612903237      0.387096763       2.4676540665345983E-003
  0.645161271      0.387096763       2.2116190662512590E-003
  0.677419364      0.387096763       1.9096395868887588E-003
  0.709677398      0.387096763       1.5903307715928552E-003
  0.741935492      0.387096763       1.2782035296832943E-003
  0.774193525      0.387096763       9.9353939825094556E-004
  0.806451619      0.387096763       7.4771708131896259E-004
  0.838709652      0.387096763       5.4640389107237343E-004
  0.870967746      0.387096763       3.8897116244698203E-004
  0.903225780      0.387096763       2.7043020878128398E-004
  0.935483873      0.387096763       1.8437151600045313E-004
  0.967741907      0.387096763       1.2352103851182497E-004
   1.00000000      0.387096763       8.3427987932862090E-005
   0.00000000      0.419354826       1.8676057621843941E-005
   3.22580636E-02  0.419354826       2.5608470095134782E-005
   6.45161271E-02  0.419354826       3.9241557361890574E-005
   9.67741907E-02  0.419354826       6.7884596479615540E-005
  0.129032254      0.419354826       1.1253860736130236E-004
  0.161290318      0.419354826       1.8284869932652515E-004
  0.193548381      0.419354826       2.9034302050634590E-004
  0.225806445      0.419354826       4.4834304146322714E-004
  0.258064508      0.419354826       6.6524953387021911E-004
  0.290322572      0.419354826       9.4848840677085446E-004
  0.322580636      0.419354826       1.2949419430284077E-003
  0.354838699      0.419354826       1.6933431145309534E-003
  0.387096763      0.419354826       2.1207465616440509E-003
  0.419354826      0.419354826       2.5454860127722290E-003
  0.451612890      0.419354826       2.9297671162990279E-003
  0.483870953      0.419354826       3.2360697922261127E-003
  0.516129017      0.419354826       3.4309825484858127E-003
  0.548387110      0.419354826       3.4931232514155827E-003
  0.580645144      0.419354826       3.4150727292892110E-003
  0.612903237      0.419354826       3.2066999451623563E-003
  0.645161271      0.419354826       2.8923450763393269E-003
  0.677419364      0.419354826       2.5067543703179195E-003
  0.709677398      0.419354826       2.0889446545589120E-003
  0.741935492      0.419354826       1.6751703680323083E-003
  0.774193525      0.419354826       1.2945334634252214E-003
  0.806451619      0.419354826       9.6615073345398303E-004
  0.838709652      0.419354826       6.9849434003543440E-004
  0.870967746      0.419354826       4.9113713035185398E-004
  0.903225780      0.419354826       3.3783586584320728E-004
  0.935483873      0.419354826       2.2831693232895113E-004
  0.967741907      0.419354826       1.5340907717123351E-004
   1.00000000      0.419354826       1.0779366680695194E-004
   0.00000000      0.451612890       2.1331398429216926E-005
   3.22580636E-02  0.451612890       2.8371469351936270E-005
   6.45161271E-02  0.451612890       4.8490792067613122E-005
   9.67741907E-02  0.451612890       7.7755480312227373E-005
  0.129032254      0.451612890       1.2493502334518311E-004
  0.161290318      0.451612890       2.0089923314025126E-004
  0.193548381      0.451612890       3.1780340505868025E-004
  0.225806445      0.451612890       4.8792697453214819E-004
  0.258064508      0.451612890       7.2471702231712595E-004
  0.290322572      0.451612890       1.0374985565162868E-003
  0.322580636      0.451612890       1.4290625455350471E-003
  0.354838699      0.451612890       1.8909880517854964E-003
  0.387096763      0.451612890       2.4024798285390038E-003
  0.419354826      0.451612890       2.9297591346346893E-003
  0.451612890      0.451612890       3.4291745429593282E-003
  0.483870953      0.451612890       3.8518975193053569E-003
  0.516129017      0.451612890       4.1513177298882304E-003
  0.548387110      0.451612890       4.2912532677925348E-003
  0.580645144      0.451612890       4.2530104385254805E-003
  0.612903237      0.451612890       4.0398039560475647E-003
  0.645161271      0.451612890       3.6765427851190666E-003
  0.677419364      0.451612890       3.2058805848095939E-003
  0.709677398      0.451612890       2.6787946920686393E-003
  0.741935492      0.451612890       2.1464991758277925E-003
  0.774193525      0.451612890       1.6515755356010520E-003
  0.806451619      0.451612890       1.2228338762175891E-003
  0.838709652      0.451612890       8.7420357108355853E-004
  0.870967746      0.451612890       6.0638346752018961E-004
  0.903225780      0.451612890       4.1107879268908960E-004
  0.935483873      0.451612890       2.7541595827623863E-004
  0.967741907      0.451612890       1.8533344168107600E-004
   1.00000000      0.451612890       1.3321660114573046E-004
   0.00000000      0.483870953       2.2582997992818602E-005
   3.22580636E-02  0.483870953       3.2610961994975563E-005
   6.45161271E-02  0.483870953       5.1008640113688824E-005
   9.67741907E-02  0.483870953       8.2518149651677753E-005
  0.129032254      0.483870953       1.3336576058908432E-004
  0.161290318      0.483870953       2.1436684111691100E-004
  0.193548381      0.483870953       3.3546148335248809E-004
  0.225806445      0.483870953       5.1196614289291320E-004
  0.258064508      0.483870953       7.6020419567216348E-004
  0.290322572      0.483870953       1.0929921244695671E-003
  0.322580636      0.483870953       1.5166808962350938E-003
  0.354838699      0.483870953       2.0288782158164103E-003
  0.387096763      0.483870953       2.6125990956689760E-003
  0.419354826      0.483870953       3.2360400761548523E-003
  0.451612890      0.483870953       3.8519466865140160E-003
  0.483870953      0.483870953       4.4030868211780488E-003
  0.516129017      0.483870953       4.8291862775769025E-003
  0.548387110      0.483870953       5.0773427662714034E-003
  0.580645144      0.483870953       5.1120229903269679E-003
  0.612903237      0.483870953       4.9239381852015400E-003
  0.645161271      0.483870953       4.5331831558582756E-003
  0.677419364      0.483870953       3.9862495658033563E-003
  0.709677398      0.483870953       3.3470651725486969E-003
  0.741935492      0.483870953       2.6841557496638875E-003
  0.774193525      0.483870953       2.0580285881011975E-003
  0.806451619      0.483870953       1.5121905740880875E-003
  0.838709652      0.483870953       1.0685447407595039E-003
  0.870967746      0.483870953       7.3035654442528115E-004
  0.903225780      0.483870953       4.8699682129348153E-004
  0.935483873      0.483870953       3.2137294973468456E-004
  0.967741907      0.483870953       2.1493323235433938E-004
   1.00000000      0.483870953       1.5769192861913835E-004
   0.00000000      0.516129017       2.2161122331919612E-005
   3.22580636E-02  0.516129017       3.3254430191190739E-005
   6.45161271E-02  0.516129017       5.5420217519116103E-005
   9.67741907E-02  0.516129017       8.8561567765323398E-005
  0.129032254      0.516129017       1.4020635458260482E-004
  0.161290318      0.516129017       2.1981830963594643E-004
  0.193548381      0.516129017       3.4041451847762453E-004
  0.225806445      0.516129017       5.1947210282545962E-004
  0.258064508      0.516129017       7.7059796360096360E-004
  0.290322572      0.516129017       1.1104162110186920E-003
  0.322580636      0.516129017       1.5507700837139853E-003
  0.354838699      0.516129017       2.0942772813901628E-003
  0.387096763      0.516129017       2.7301761882877330E-003
  0.419354826      0.516129017       3.4310614255948636E-003
  0.451612890      0.516129017       4.1512858136447664E-003
  0.483870953      0.516129017       4.8291832260010138E-003
  0.516129017      0.516129017       5.3936015231231000E-003
  0.548387110      0.516129017       5.7745691211970570E-003
  0.580645144      0.516129017       5.9168793787902508E-003
  0.612903237      0.516129017       5.7919174056005997E-003
  0.645161271      0.516129017       5.4071809835025833E-003
  0.677419364      0.516129017       4.8069354197967538E-003
  0.709677398      0.516129017       4.0648911108714112E-003
  0.741935492      0.516129017       3.2683452992645001E-003
  0.774193525      0.516129017       2.5007406206996466E-003
  0.806451619      0.516129017       1.8242175967965735E-003
  0.838709652      0.516129017       1.2739939345283637E-003
  0.870967746      0.516129017       8.5699093695573443E-004
  0.903225780      0.516129017       5.6081073634210157E-004
  0.935483873      0.516129017       3.6302557022890842E-004
  0.967741907      0.516129017       2.4064784657380596E-004
   1.00000000      0.516129017       1.7732356467219625E-004
   0.00000000      0.548387110       2.2279455356370474E-005
   3.22580636E-02  0.548387110       3.7313264507066864E-005
   6.45161271E-02  0.548387110       5.5102624374810536E-005
   9.67741907E-02  0.548387110       8.8098206442319398E-005
  0.129032254      0.548387110       1.3916686811829348E-004
  0.161290318      0.548387110       2.1756261755295740E-004
  0.193548381      0.548387110       3.3840978981793682E-004
  0.225806445      0.548387110       5.1042759679544622E-004
  0.258064508      0.548387110       7.5547723164457034E-004
  0.290322572      0.548387110       1.0906588307067755E-003
  0.322580636      0.548387110       1.5300096356561559E-003
  0.354838699      0.548387110       2.0820527460815585E-003
  0.387096763      0.548387110       2.7431553952642334E-003
  0.419354826      0.548387110       3.4930604602620326E-003
  0.451612890      0.548387110       4.2912601539856886E-003
  0.483870953      0.548387110       5.0772780178539728E-003
  0.516129017      0.548387110       5.7745719223325949E-003
  0.548387110      0.548387110       6.3000006882960365E-003
  0.580645144      0.548387110       6.5774892033000337E-003
  0.612903237      0.548387110       6.5550450778166453E-003
  0.645161271      0.548387110       6.2191074739305300E-003
  0.677419364      0.548387110       5.6029230106423716E-003
  0.709677398      0.548387110       4.7828464483559109E-003
  0.741935492      0.548387110       3.8638190532729361E-003
  0.774193525      0.548387110       2.9536771302404296E-003
  0.806451619      0.548387110       2.1405678234550757E-003
  0.838709652      0.548387110       1.4765828230455991E-003
  0.870967746      0.548387110       9.7635488984221675E-004
  0.903225780      0.548387110       6.2575068524757332E-004
  0.935483873      0.548387110       3.9635668022663484E-004
  0.967741907      0.548387110       2.5815206927568983E-004
   1.00000000      0.548387110       1.9154440130707910E-004
   0.00000000      0.580645144       1.9019712712727274E-005
   3.22580636E-02  0.580645144       3.4803014249935777E-005
   6.45161271E-02  0.580645144       5.5306409829494128E-005
   9.67741907E-02  0.580645144       8.6080817997476791E-005
  0.129032254      0.580645144       1.3538954638482508E-004
  0.161290318      0.580645144       2.1207110929987873E-004
  0.193548381      0.580645144       3.2112739609045405E-004
  0.225806445      0.580645144       4.8521081192285016E-004
  0.258064508      0.580645144       7.1738083488860757E-004
  0.290322572      0.580645144       1.0355805493032653E-003
  0.322580636      0.580645144       1.4573535358550652E-003
  0.354838699      0.580645144       1.9955817910363035E-003
  0.387096763      0.580645144       2.6519679143815894E-003
  0.419354826      0.580645144       3.4150731628811463E-003
  0.451612890      0.580645144       4.2529198508343240E-003
  0.483870953      0.580645144       5.1120179123537255E-003
  0.516129017      0.580645144       5.9168774844981535E-003
  0.548387110      0.580645144       6.5775072323830744E-003
  0.580645144      0.580645144       7.0012763443953558E-003
  0.612903237      0.580645144       7.1117950969391509E-003
  0.645161271      0.580645144       6.8693525431919250E-003
  0.677419364      0.580645144       6.2858611766160276E-003
  0.709677398      0.580645144       5.4306783475136094E-003
  0.741935492      0.580645144       4.4176326198320280E-003
  0.774193525      0.580645144       3.3799239991792896E-003
  0.806451619      0.580645144       2.4347860856657037E-003
  0.838709652      0.580645144       1.6583940098312544E-003
  0.870967746      0.580645144       1.0763948025389329E-003
  0.903225780      0.580645144       6.7423435392104374E-004
  0.935483873      0.580645144       4.1585040309373737E-004
  0.967741907      0.580645144       2.6436705163684172E-004
   1.00000000      0.580645144       1.9387866294803084E-004
   0.00000000      0.612903237       1.7889024240115548E-005
   3.22580636E-02  0.612903237       3.2635518426610487E-005
   6.45161271E-02  0.612903237       5.0708932876594193E-005
   9.67741907E-02  0.612903237       8.3610290943777934E-005
  0.129032254      0.612903237       1.3035063661330149E-004
  0.161290318      0.612903237       1.9575493359507489E-004
  0.193548381      0.612903237       3.0068416146215090E-004
  0.225806445      0.612903237       4.4983426845419776E-004
  0.258064508      0.612903237       6.6108088654914614E-004
  0.290322572      0.612903237       9.5289724909606048E-004
  0.322580636      0.612903237       1.3425842089939295E-003
  0.354838699      0.612903237       1.8447352671051415E-003
  0.387096763      0.612903237       2.4675852064648647E-003
  0.419354826      0.612903237       3.2065365250950923E-003
  0.451612890      0.612903237       4.0398098671661203E-003
  0.483870953      0.612903237       4.9238813836911411E-003
  0.516129017      0.612903237       5.7919514310985033E-003
  0.548387110      0.612903237       6.5550375729155168E-003
  0.580645144      0.612903237       7.1117974267685584E-003
  0.612903237      0.612903237       7.3668820009485736E-003
  0.645161271      0.612903237       7.2525756842614763E-003
  0.677419364      0.612903237       6.7537728928384168E-003
  0.709677398      0.612903237       5.9190653736680924E-003
  0.741935492      0.612903237       4.8606649669875454E-003
  0.774193525      0.612903237       3.7290132370957087E-003
  0.806451619      0.612903237       2.6724183750029009E-003
  0.838709652      0.612903237       1.7960801363757499E-003
  0.870967746      0.612903237       1.1419591675279684E-003
  0.903225780      0.612903237       6.9728233606306358E-004
  0.935483873      0.612903237       4.1828182278771437E-004
  0.967741907      0.612903237       2.5825382031434034E-004
   1.00000000      0.612903237       1.8611559866883981E-004
   0.00000000      0.645161271       1.6885131781992106E-005
   3.22580636E-02  0.645161271       2.8425253154637023E-005
   6.45161271E-02  0.645161271       4.8817940888209443E-005
   9.67741907E-02  0.645161271       7.4493858809965247E-005
  0.129032254      0.645161271       1.1527228627592497E-004
  0.161290318      0.645161271       1.7924085727515782E-004
  0.193548381      0.645161271       2.7081387232619512E-004
  0.225806445      0.645161271       4.0285928085534878E-004
  0.258064508      0.645161271       5.9066562595628863E-004
  0.290322572      0.645161271       8.4924956642590472E-004
  0.322580636      0.645161271       1.1960168938648932E-003
  0.354838699      0.645161271       1.6467425242269046E-003
  0.387096763      0.645161271       2.2115377131493880E-003
  0.419354826      0.645161271       2.8923422307445966E-003
  0.451612890      0.645161271       3.6765310315925665E-003
  0.483870953      0.645161271       4.5332093538891123E-003
  0.516129017      0.645161271       5.4072216637755322E-003
  0.548387110      0.645161271       6.2191585211365252E-003
  0.580645144      0.645161271       6.8694136422220208E-003
  0.612903237      0.645161271       7.2526186607403988E-003
  0.645161271      0.645161271       7.2809296971205889E-003
  0.677419364      0.645161271       6.9084108962085139E-003
  0.709677398      0.645161271       6.1548313046302008E-003
  0.741935492      0.645161271       5.1146052591479908E-003
  0.774193525      0.645161271       3.9427315050226189E-003
  0.806451619      0.645161271       2.8135062075004048E-003
  0.838709652      0.645161271       1.8644500259640357E-003
  0.870967746      0.645161271       1.1591271958751464E-003
  0.903225780      0.645161271       6.8777831582324820E-004
  0.935483873      0.645161271       3.9957927731363473E-004
  0.967741907      0.645161271       2.3810224555854609E-004
   1.00000000      0.645161271       1.6563484821098288E-004
   0.00000000      0.677419364       1.5300104902871091E-005
   3.22580636E-02  0.677419364       2.2122467676449429E-005
   6.45161271E-02  0.677419364       4.4185746333022887E-005
   9.67741907E-02  0.677419364       6.5811445599796859E-005
  0.129032254      0.677419364       1.0536748685021598E-004
  0.161290318      0.677419364       1.5940830117004115E-004
  0.193548381      0.677419364       2.3808296151528037E-004
  0.225806445      0.677419364       3.5241195683305155E-004
  0.258064508      0.677419364       5.1316512354794650E-004
  0.290322572      0.677419364       7.3470351892589093E-004
  0.322580636      0.677419364       1.0321090032076926E-003
  0.354838699      0.677419364       1.4196319140758081E-003
  0.387096763      0.677419364       1.9095489204481284E-003
  0.419354826      0.677419364       2.5066485282281377E-003
  0.451612890      0.677419364       3.2059278724771737E-003
  0.483870953      0.677419364       3.9862294286983754E-003
  0.516129017      0.677419364       4.8069902552111679E-003
  0.548387110      0.677419364       5.6029628820107886E-003
  0.580645144      0.677419364       6.2858881029584177E-003
  0.612903237      0.677419364       6.7537759036475926E-003
  0.645161271      0.677419364       6.9083675585583544E-003
  0.677419364      0.677419364       6.6819066301671559E-003
  0.709677398      0.677419364       6.0605084508985677E-003
  0.741935492      0.677419364       5.1072459733657871E-003
  0.774193525      0.677419364       3.9640334232724636E-003
  0.806451619      0.677419364       2.8191423794522467E-003
  0.838709652      0.677419364       1.8404675534718258E-003
  0.870967746      0.677419364       1.1151113574668842E-003
  0.903225780      0.677419364       6.4058187907090460E-004
  0.935483873      0.677419364       3.5969099479139782E-004
  0.967741907      0.677419364       2.0614987078828196E-004
   1.00000000      0.677419364       1.3658615786959859E-004
   0.00000000      0.709677398       1.6039051870918371E-005
   3.22580636E-02  0.709677398       2.3519292070697739E-005
   6.45161271E-02  0.709677398       3.2799643656680447E-005
   9.67741907E-02  0.709677398       5.9272054919793666E-005
  0.129032254      0.709677398       8.8795057457911726E-005
  0.161290318      0.709677398       1.3547978975540987E-004
  0.193548381      0.709677398       2.0282561850262047E-004
  0.225806445      0.709677398       2.9949432547627400E-004
  0.258064508      0.709677398       4.3326088483428417E-004
  0.290322572      0.709677398       6.1693281930412720E-004
  0.322580636      0.709677398       8.6268507170963549E-004
  0.354838699      0.709677398       1.1838290146267900E-003
  0.387096763      0.709677398       1.5903240234672012E-003
  0.419354826      0.709677398       2.0890030199098683E-003
  0.451612890      0.709677398       2.6788286780348078E-003
  0.483870953      0.709677398       3.3470889892401167E-003
  0.516129017      0.709677398       4.0649342909634904E-003
  0.548387110      0.709677398       4.7828894293307370E-003
  0.580645144      0.709677398       5.4307064655671642E-003
  0.612903237      0.709677398       5.9190612486280216E-003
  0.645161271      0.709677398       6.1547989882270379E-003
  0.677419364      0.709677398       6.0605155414783906E-003
  0.709677398      0.709677398       5.5990289071833708E-003
  0.741935492      0.709677398       4.7943302824186513E-003
  0.774193525      0.709677398       3.7547479436748680E-003
  0.806451619      0.709677398       2.6636604720992512E-003
  0.838709652      0.709677398       1.7093609829788108E-003
  0.870967746      0.709677398       1.0052276216198637E-003
  0.903225780      0.709677398       5.5665880883553698E-004
  0.935483873      0.709677398       3.0107248832501887E-004
  0.967741907      0.709677398       1.6560826431839682E-004
   1.00000000      0.709677398       1.0233608596820604E-004
   0.00000000      0.741935492       3.8763218848645503E-006
   3.22580636E-02  0.741935492       1.3950436128849276E-005
   6.45161271E-02  0.741935492       3.0801034615978383E-005
   9.67741907E-02  0.741935492       4.8183009205841949E-005
  0.129032254      0.741935492       7.3653774888486623E-005
  0.161290318      0.741935492       1.1488624885054493E-004
  0.193548381      0.741935492       1.6983555578444496E-004
  0.225806445      0.741935492       2.4746210232366516E-004
  0.258064508      0.741935492       3.5548882182568546E-004
  0.290322572      0.741935492       5.0307690411576184E-004
  0.322580636      0.741935492       6.9982916810477198E-004
  0.354838699      0.741935492       9.5504240961495352E-004
  0.387096763      0.741935492       1.2782177675605714E-003
  0.419354826      0.741935492       1.6751826973650920E-003
  0.451612890      0.741935492       2.1465808549755742E-003
  0.483870953      0.741935492       2.6841784095496882E-003
  0.516129017      0.741935492       3.2684394097550638E-003
  0.548387110      0.741935492       3.8638796687048933E-003
  0.580645144      0.741935492       4.4176362135544276E-003
  0.612903237      0.741935492       4.8606082636528034E-003
  0.645161271      0.741935492       5.1144924490299634E-003
  0.677419364      0.741935492       5.1071670709743281E-003
  0.709677398      0.741935492       4.7942513214398646E-003
  0.741935492      0.741935492       4.1732496712190729E-003
  0.774193525      0.741935492       3.3057284901078878E-003
  0.806451619      0.741935492       2.3398292737435303E-003
  0.838709652      0.741935492       1.4706429304191776E-003
  0.870967746      0.741935492       8.3428554988622882E-004
  0.903225780      0.741935492       4.4335865989552850E-004
  0.935483873      0.741935492       2.3025103427027366E-004
  0.967741907      0.741935492       1.2109605629822648E-004
   1.00000000      0.741935492       6.8695741945730933E-005
   0.00000000      0.774193525      -6.8435106152440377E-006
   3.22580636E-02  0.774193525       9.1759878085121497E-006
   6.45161271E-02  0.774193525       2.7515859579751257E-005
   9.67741907E-02  0.774193525       3.6137777601961828E-005
  0.129032254      0.774193525       6.2467626493746959E-005
  0.161290318      0.774193525       9.2587840004799849E-005
  0.193548381      0.774193525       1.3527438541653436E-004
  0.225806445      0.774193525       1.9821145878222681E-004
  0.258064508      0.774193525       2.8454915021941952E-004
  0.290322572      0.774193525       3.9905090879294354E-004
  0.322580636      0.774193525       5.5109513580522626E-004
  0.354838699      0.774193525       7.4679659765019689E-004
  0.387096763      0.774193525       9.9366228446256784E-004
  0.419354826      0.774193525       1.2946075810541455E-003
  0.451612890      0.774193525       1.6516297108644714E-003
  0.483870953      0.774193525       2.0580573744288420E-003
  0.516129017      0.774193525       2.5007902946752969E-003
  0.548387110      0.774193525       2.9536847566976280E-003
  0.580645144      0.774193525       3.3798762816803119E-003
  0.612903237      0.774193525       3.7289490398805794E-003
  0.645161271      0.774193525       3.9426213508649988E-003
  0.677419364      0.774193525       3.9640045819948726E-003
  0.709677398      0.774193525       3.7547022923453679E-003
  0.741935492      0.774193525       3.3057744911577421E-003
  0.774193525      0.774193525       2.6432883767596596E-003
  0.806451619      0.774193525       1.8655552192186899E-003
  0.838709652      0.774193525       1.1451220253810809E-003
  0.870967746      0.774193525       6.2278820595292755E-004
  0.903225780      0.774193525       3.1526082780585879E-004
  0.935483873      0.774193525       1.5656131471329700E-004
  0.967741907      0.774193525       7.8716490510960594E-005
   1.00000000      0.774193525       3.9907357582613756E-005
   0.00000000      0.806451619      -2.5193340012547169E-006
   3.22580636E-02  0.806451619       6.4661871972190868E-006
   6.45161271E-02  0.806451619       1.8849062895207189E-005
   9.67741907E-02  0.806451619       3.0615096544358944E-005
  0.129032254      0.806451619       4.9720867763217340E-005
  0.161290318      0.806451619       7.1246787284579802E-005
  0.193548381      0.806451619       1.0675777746344485E-004
  0.225806445      0.806451619       1.5558815199173714E-004
  0.258064508      0.806451619       2.2037615042264151E-004
  0.290322572      0.806451619       3.0779670532977315E-004
  0.322580636      0.806451619       4.2214655646101472E-004
  0.354838699      0.806451619       5.6679964576225855E-004
  0.387096763      0.806451619       7.4770144866686064E-004
  0.419354826      0.806451619       9.6619281742395821E-004
  0.451612890      0.806451619       1.2228764696818918E-003
  0.483870953      0.806451619       1.5121963417648334E-003
  0.516129017      0.806451619       1.8242992757159825E-003
  0.548387110      0.806451619       2.1405738975599628E-003
  0.580645144      0.806451619       2.4348000949776152E-003
  0.612903237      0.806451619       2.6723199998035965E-003
  0.645161271      0.806451619       2.8133820214590608E-003
  0.677419364      0.806451619       2.8190258383539628E-003
  0.709677398      0.806451619       2.6635615950050579E-003
  0.741935492      0.806451619       2.3397847236501391E-003
  0.774193525      0.806451619       1.8654854528171031E-003
  0.806451619      0.806451619       1.3064066920772145E-003
  0.838709652      0.806451619       7.8215621940685943E-004
  0.870967746      0.806451619       4.0339598983634686E-004
  0.903225780      0.806451619       1.9128715834502026E-004
  0.935483873      0.806451619       8.9831228569379638E-005
  0.967741907      0.806451619       4.2907739783866627E-005
   1.00000000      0.806451619       1.9426010096030437E-005
   0.00000000      0.838709652       6.6144074505704753E-006
   3.22580636E-02  0.838709652      -3.7901138366401936E-006
   6.45161271E-02  0.838709652       1.7945960068837373E-005
   9.67741907E-02  0.838709652       2.1905414114431465E-005
  0.129032254      0.838709652       3.0772594652425753E-005
  0.161290318      0.838709652       5.5888546666227142E-005
  0.193548381      0.838709652       8.2083004657008306E-005
  0.225806445      0.838709652       1.1748765059807428E-004
  0.258064508      0.838709652       1.6647743200513552E-004
  0.290322572      0.838709652       2.3170653194760636E-004
  0.322580636      0.838709652       3.1414390872879736E-004
  0.354838699      0.838709652       4.1855170587389598E-004
  0.387096763      0.838709652       5.4655803052598543E-004
  0.419354826      0.838709652       6.9855773708623714E-004
  0.451612890      0.838709652       8.7416449389633168E-004
  0.483870953      0.838709652       1.0685656359398601E-003
  0.516129017      0.838709652       1.2739812015414686E-003
  0.548387110      0.838709652       1.4765255085439346E-003
  0.580645144      0.838709652       1.6583138578140904E-003
  0.612903237      0.838709652       1.7959375427622595E-003
  0.645161271      0.838709652       1.8643431260178768E-003
  0.677419364      0.838709652       1.8403946477617583E-003
  0.709677398      0.838709652       1.7093529134954767E-003
  0.741935492      0.838709652       1.4706642979891303E-003
  0.774193525      0.838709652       1.1451590887642102E-003
  0.806451619      0.838709652       7.8222099714029788E-004
  0.838709652      0.838709652       4.5190062564717012E-004
  0.870967746      0.838709652       2.1494624428571653E-004
  0.903225780      0.838709652       8.9578528581477418E-005
  0.935483873      0.838709652       3.9467106481330359E-005
  0.967741907      0.838709652       1.8383710369060623E-005
   1.00000000      0.838709652       7.2751012425296439E-006
   0.00000000      0.870967746      -1.6010373751299380E-006
   3.22580636E-02  0.870967746      -2.9838205389178575E-006
   6.45161271E-02  0.870967746       1.1384521812057393E-005
   9.67741907E-02  0.870967746       1.5768480140302881E-005
  0.129032254      0.870967746       2.2201159267263982E-005
  0.161290318      0.870967746       4.1566880506456600E-005
  0.193548381      0.870967746       5.9138664310550452E-005
  0.225806445      0.870967746       8.5528863624800890E-005
  0.258064508      0.870967746       1.2270048122654025E-004
  0.290322572      0.870967746       1.6820945253049742E-004
  0.322580636      0.870967746       2.2768661465921803E-004
  0.354838699      0.870967746       3.0129265008796056E-004
  0.387096763      0.870967746       3.8889120500581087E-004
  0.419354826      0.870967746       4.9121622160536703E-004
  0.451612890      0.870967746       6.0632028948292595E-004
  0.483870953      0.870967746       7.3033244515202449E-004
  0.516129017      0.870967746       8.5699166838206723E-004
  0.548387110      0.870967746       9.7625452696334977E-004
  0.580645144      0.870967746       1.0764183583167148E-003
  0.612903237      0.870967746       1.1417971387658542E-003
  0.645161271      0.870967746       1.1590421661783813E-003
  0.677419364      0.870967746       1.1149739046667248E-003
  0.709677398      0.870967746       1.0051724007065015E-003
  0.741935492      0.870967746       8.3422006018665654E-004
  0.774193525      0.870967746       6.2277209887780260E-004
  0.806451619      0.870967746       4.0342845395620390E-004
  0.838709652      0.870967746       2.1501772885075955E-004
  0.870967746      0.870967746       8.5860133525403131E-005
  0.903225780      0.870967746       2.5445555158125682E-005
  0.935483873      0.870967746       1.0913480295962953E-005
  0.967741907      0.870967746       5.4658042064662337E-006
   1.00000000      0.870967746       2.3628297460587639E-006
   0.00000000      0.903225780       4.6074738352372603E-006
   3.22580636E-02  0.903225780       1.5908731643722705E-006
   6.45161271E-02  0.903225780      -3.2653282070644383E-006
   9.67741907E-02  0.903225780       9.5659486324044705E-006
  0.129032254      0.903225780       1.9367412181645860E-005
  0.161290318      0.903225780       3.0669938788753157E-005
  0.193548381      0.903225780       3.6934411833824316E-005
  0.225806445      0.903225780       6.0627888606280742E-005
  0.258064508      0.903225780       8.6020962395715495E-005
  0.290322572      0.903225780       1.1943855411418419E-004
  0.322580636      0.903225780       1.6143326566295179E-004
  0.354838699      0.903225780       2.1121342024511792E-004
  0.387096763      0.903225780       2.7058682597302789E-004
  0.419354826      0.903225780       3.3768089387874102E-004
  0.451612890      0.903225780       4.1100325608846647E-004
  0.483870953      0.903225780       4.8704325268075137E-004
  0.516129017      0.903225780       5.6063858474770666E-004
  0.548387110      0.903225780       6.2581957744040843E-004
  0.580645144      0.903225780       6.7404385589234510E-004
  0.612903237      0.903225780       6.9717889312964339E-004
  0.645161271      0.903225780       6.8757796374345254E-004
  0.677419364      0.903225780       6.4057348657327480E-004
  0.709677398      0.903225780       5.5663735586746214E-004
  0.741935492      0.903225780       4.4346237414897243E-004
  0.774193525      0.903225780       3.1533176175682913E-004
  0.806451619      0.903225780       1.9142934031121645E-004
  0.838709652      0.903225780       8.9567203842477516E-005
  0.870967746      0.903225780       2.5393018055702863E-005
  0.903225780      0.903225780       3.5930391853827754E-006
  0.935483873      0.903225780       2.2288557246619396E-006
  0.967741907      0.903225780       9.2609662412333133E-007
   1.00000000      0.903225780      -2.5351988257764699E-007
   0.00000000      0.935483873       1.9864759871844979E-007
   3.22580636E-02  0.935483873      -1.0134062179048904E-005
   6.45161271E-02  0.935483873       2.6691884161040128E-006
   9.67741907E-02  0.935483873      -2.5720065266100033E-006
  0.129032254      0.935483873       1.8285619345593273E-005
  0.161290318      0.935483873       1.3121615922509752E-005
  0.193548381      0.935483873       3.2073869738757308E-005
  0.225806445      0.935483873       3.9634233267325947E-005
  0.258064508      0.935483873       5.6686924587547230E-005
  0.290322572      0.935483873       8.1627499888293285E-005
  0.322580636      0.935483873       1.0919450481913479E-004
  0.354838699      0.935483873       1.4438990295436111E-004
  0.387096763      0.935483873       1.8386058021416024E-004
  0.419354826      0.935483873       2.2868470472396735E-004
  0.451612890      0.935483873       2.7513958844664090E-004
  0.483870953      0.935483873       3.2136750576453141E-004
  0.516129017      0.935483873       3.6299493483416624E-004
  0.548387110      0.935483873       3.9626698492733548E-004
  0.580645144      0.935483873       4.1588002601985742E-004
  0.612903237      0.935483873       4.1809984122587304E-004
  0.645161271      0.935483873       3.9959972000882534E-004
  0.677419364      0.935483873       3.5965457301805954E-004
  0.709677398      0.935483873       3.0116890756916033E-004
  0.741935492      0.935483873       2.3024740493520708E-004
  0.774193525      0.935483873       1.5657011428802102E-004
  0.806451619      0.935483873       8.9881542314399377E-005
  0.838709652      0.935483873       3.9376901716889921E-005
  0.870967746      0.935483873       1.1226568908097756E-005
  0.903225780      0.935483873       2.0138341465704492E-006
  0.935483873      0.935483873       1.5507236006122626E-006
  0.967741907      0.935483873       8.8964605797169666E-008
   1.00000000      0.935483873      -3.3551375255521985E-007
   0.00000000      0.967741907      -9.6017779104337862E-007
   3.22580636E-02  0.967741907      -2.3350391854179140E-006
   6.45161271E-02  0.967741907      -5.1463085003482983E-006
   9.67741907E-02  0.967741907       6.9270920210576227E-006
  0.129032254      0.967741907      -4.7266942708989787E-006
  0.161290318      0.967741907       1.5632001176668296E-005
  0.193548381      0.967741907       1.6272197303569966E-005
  0.225806445      0.967741907       2.7315212684869216E-005
  0.258064508      0.967741907       3.6550501839372081E-005
  0.290322572      0.967741907       5.2965189896371419E-005
  0.322580636      0.967741907       6.9822007545012897E-005
  0.354838699      0.967741907       9.5178419927726221E-005
  0.387096763      0.967741907       1.2277467830438873E-004
  0.419354826      0.967741907       1.5308034473014321E-004
  0.451612890      0.967741907       1.8508925398154271E-004
  0.483870953      0.967741907       2.1534308432361377E-004
  0.516129017      0.967741907       2.4045231747965907E-004
  0.548387110      0.967741907       2.5825613854937223E-004
  0.580645144      0.967741907       2.6440869216838510E-004
  0.612903237      0.967741907       2.5819048087509267E-004
  0.645161271      0.967741907       2.3816620092546086E-004
  0.677419364      0.967741907       2.0619239847887246E-004
  0.709677398      0.967741907       1.6581225135367427E-004
  0.741935492      0.967741907       1.2125935841041942E-004
  0.774193525      0.967741907       7.8812977515570798E-005
  0.806451619      0.967741907       4.3258778940445746E-005
  0.838709652      0.967741907       1.8652094991955152E-005
  0.870967746      0.967741907       5.4523405901902279E-006
  0.903225780      0.967741907       6.7749022275416465E-007
  0.935483873      0.967741907       4.5605524065305416E-007
  0.967741907      0.967741907      -3.3182136515540105E-007
   1.00000000      0.967741907      -6.4155810292776925E-007
   0.00000000       1.00000000       4.0031394545196107E-006
   3.22580636E-02   1.00000000      -5.1007455961576565E-006
   6.45161271E-02   1.00000000       2.4125096502289367E-006
   9.67741907E-02   1.00000000      -9.3630113756673962E-006
  0.129032254       1.00000000       6.0237703490234236E-006
  0.161290318       1.00000000       4.9045269086201298E-006
  0.193548381       1.00000000      -6.1114933296620635E-006
  0.225806445       1.00000000       1.0575226322201424E-005
  0.258064508       1.00000000       1.6441790148399070E-005
  0.290322572       1.00000000       2.7985130245853213E-005
  0.322580636       1.00000000       4.4459888538923816E-005
  0.354838699       1.00000000       6.2522982743207716E-005
  0.387096763       1.00000000       8.3559536261201871E-005
  0.419354826       1.00000000       1.0855277498334184E-004
  0.451612890       1.00000000       1.3267776717739625E-004
  0.483870953       1.00000000       1.5778787231973031E-004
  0.516129017       1.00000000       1.7786889927534484E-004
  0.548387110       1.00000000       1.9107447930852110E-004
  0.580645144       1.00000000       1.9426517095043149E-004
  0.612903237       1.00000000       1.8601281844149041E-004
  0.645161271       1.00000000       1.6583853676549267E-004
  0.677419364       1.00000000       1.3675928750864734E-004
  0.709677398       1.00000000       1.0244604151303639E-004
  0.741935492       1.00000000       6.8894080768730931E-005
  0.774193525       1.00000000       3.9924478240758314E-005
  0.806451619       1.00000000       1.9773431240320914E-005
  0.838709652       1.00000000       7.6987297042825040E-006
  0.870967746       1.00000000       1.5345668737022597E-006
  0.903225780       1.00000000       2.1909643619829635E-007
  0.935483873       1.00000000       6.6685663696248062E-009
  0.967741907       1.00000000      -1.1270223681967427E-006
   1.00000000       1.00000000       1.1230266563985902E-006
