 # iter energie minF divV 
           1   24200895.398793295       -5.8408206530056951E-004   10.792544533207655     
           2   35267.635594733445       -1.9326813916404397E-004   22.261554787692170     
           3   28360257.308658965       -3.7538953360869381E-004   15.068931723181706     
           4   96809.013840732674       -1.6132226189093487E-004   17.466139963540023     
           5   7940118.8805348175       -3.7912950765176022E-004   14.632384011211796     
           6   131472.92576377073       -2.5008523760904121E-004   14.123657204792140     
           7   7652893.6205451218       -3.6325811332222702E-004   12.676576078745859     
           8   117959.70802545178       -2.6505322192508769E-004   12.304447835247831     
           9   6631039.3589518927       -3.1905597917155238E-004   11.769590599580585     
          10   280844.42464227456       -2.7065002955087319E-004   11.142409738529915     
          11   7311895.9124575946       -3.2711296616331798E-004   9.6962372796743672     
          12   187343.22450921088       -2.6404981124411922E-004   10.559179332442312     
          13   8971137.5021122545       -3.0248614813583458E-004   9.5682765029378114     
          14   428302.17331944878       -3.1046933009538864E-004   10.362418554476136     
          15   7699995.0132074496       -2.8785450664997624E-004   8.5255631809090691     
          16   316509.13626880094       -2.4584281600242727E-004   9.6032868899688495     
          17   8416168.2974509392       -2.6779497756421438E-004   8.4590053302926531     
          18   444161.48465838539       -2.2930394697219026E-004   8.1022392858411525     
          19   7080245.7586699892       -2.6699107292058901E-004   7.2190008589662309     
          20   378908.82834078447       -2.3746969490733155E-004   7.5396013997156572     
          21   6604383.5166780148       -2.5767971455910570E-004   6.9838929797298048     
          22   501249.96022324427       -2.0223605981174389E-004   6.6310695387041516     
          23   5013213.2975982698       -2.4846335733965346E-004   5.9125216780771366     
          24   427698.70776096929       -2.4262643336916642E-004   6.3259074751518289     
          25   4902949.1377132321       -2.3093691245115004E-004   5.6489546997922933     
          26   572039.50521538267       -2.0624356963823485E-004   5.4857562812835230     
          27   4076520.3559366260       -2.3398183945303066E-004   4.9707270756231470     
          28   451984.18361065700       -2.3562639373293293E-004   5.2942663889601613     
          29   3953225.4788039075       -2.1034365224174368E-004   4.7714211087849314     
          30   608636.22864621377       -2.0429710100391876E-004   4.5103464308679220     
          31   3093448.5487730796       -2.1834913706500893E-004   4.1582956149412578     
          32   458658.67140670394       -2.2370796212174509E-004   4.3611186923557907     
          33   3046895.5266823187       -1.8869228247513285E-004   3.9608950925161186     
          34   631666.65456930629       -2.0113626984124243E-004   3.7603338439716656     
          35   2508790.0713011869       -2.0121568954438224E-004   3.4924215784527539     
          36   475808.36774010689       -2.1291583540706903E-004   3.6730310152273127     
          37   2383340.5953507596       -1.7065609766433879E-004   3.3116355756247433     
          38   655241.57413312083       -1.9620164683124402E-004   3.1833323848625352     
          39   1971970.8575002667       -1.8685753908944899E-004   2.9579743431934351     
          40   489271.56732783496       -2.1288019463139090E-004   3.1269040507792041     
          41   1841757.4666958624       -1.5638924428484381E-004   2.7834975054810269     
          42   647159.00377511617       -1.9070359763243521E-004   2.6879602748040656     
          43   1623796.6636436337       -1.7172086841752760E-004   2.5077390825253851     
          44   499005.22747445421       -2.1487092432397197E-004   2.6519624331136376     
          45   1450061.5038827695       -1.4071265937780147E-004   2.3670809194270124     
          46   662768.13300277630       -1.8873522197184210E-004   2.2986171039112744     
          47   1319586.1931473850       -1.5835073693175263E-004   2.1537719346472719     
          48   503493.95187314966       -2.0955287223340681E-004   2.2652560751808775     
          49   1177848.5034167881       -1.2685893869294091E-004   2.0111657067920272     
          50   650440.38508797076       -1.7815410226159140E-004   1.9670123176698946     
          51   1078010.9382772106       -1.4534879909991201E-004   1.8473544703123275     
          52   504206.64719961217       -2.0390031366681428E-004   1.9459592670148456     
          53   946842.05051918619       -1.1780425117160817E-004   1.7241757687539299     
          54   636671.33456739422       -1.7162654560316679E-004   1.6874567035010588     
          55   866345.87150041666       -1.3183082936394654E-004   1.5975829392969481     
          56   500334.41301081935       -1.9439324227658129E-004   1.6773557857831420     
          57   752774.86774436722       -1.0127610321818663E-004   1.4882328907532874     
          58   615005.38598326361       -1.6483832277903074E-004   1.4520768019130539     
          59   705012.83507116104       -1.2157653641526052E-004   1.3859134962476720     
          60   495911.32719846966       -1.9069808829068091E-004   1.4414667155936749     
          61   576903.32003576588       -9.2347790174470427E-005   1.2824058592499106     
          62   589487.46379380347       -1.5890290389929893E-004   1.2573876750676249     
          63   568894.10376090684       -1.1092157779667157E-004   1.2065454653151801     
          64   481848.86918254453       -1.8422704847180504E-004   1.2420990584456595     
          65   451523.41230569902       -8.5420269344411960E-005   1.1087589102831394     
          66   570656.75885665335       -1.4825118718279855E-004   1.0826121661835082     
          67   455643.42084583268       -9.9726593891496596E-005   1.0397977821078623     
          68   467080.42915293615       -1.7599543965837625E-004   1.0656999036294577     
          69   362156.84915911243       -7.7623672534815976E-005  0.95305413872663713     
          70   544945.57034847455       -1.4490801932436352E-004  0.92963477400114347     
          71   371151.35800388118       -9.3971644324387273E-005  0.89342669716601086     
          72   449648.26880812750       -1.6449372466533857E-004  0.91193217933046633     
          73   294347.59410114668       -7.2705828535390486E-005  0.81977674984633697     
          74   517947.08031727863       -1.4030625965348928E-004  0.79672325698516377     
          75   304119.73705801339       -8.7454344413627223E-005  0.77083307974801007     
          76   433164.49998840212       -1.5614994422661623E-004  0.78325767196175045     
          77   241131.48741931998       -6.4400455733930106E-005  0.70631903876536295     
          78   489745.35049616190       -1.3409801079984960E-004  0.68561888748263422     
          79   254000.04980061427       -8.5960796967695407E-005  0.66701829115286815     
          80   413659.64896366128       -1.5065330902042142E-004  0.67347347616446418     
          81   200303.96045589831       -6.2682887613580001E-005  0.60858798117116286     
          82   462406.59790288302       -1.2629665735614036E-004  0.59060194249186870     
          83   212960.57457470993       -7.6261562761372164E-005  0.57642459629068310     
          84   391965.35121585790       -1.4554567425114446E-004  0.57892499746662984     
          85   169187.30002939084       -6.4026759448776083E-005  0.52519117415649874     
          86   436195.83378726325       -1.2200620574116705E-004  0.50911044163781438     
          87   180796.20523647001       -7.1862872223201960E-005  0.49883345110869942     
          88   372148.68785845512       -1.4284990491053351E-004  0.49820823983546603     
          89   143790.96249246190       -6.3288928618939863E-005  0.45370835746951188     
          90   408543.46502256242       -1.1501404134018584E-004  0.43961626427124706     
          91   156512.11201005400       -7.1236660512901393E-005  0.43113499465039978     
          92   351605.85052889353       -1.4184914609435782E-004  0.42939772982570745     
          93   122884.85597000978       -6.2409104130128489E-005  0.39203802593536996     
          94   382262.77610875305       -1.1161745432703369E-004  0.37876520578672124     
          95   135820.05916868174       -7.0047880221824765E-005  0.37433604679997595     
          96   328289.08725613682       -1.3382327964279219E-004  0.36948480772463921     
          97   106218.27868467178       -6.3369669063566102E-005  0.33731378599721035     
          98   355423.30800269579       -1.0469055374449099E-004  0.32758428844584653     
          99   119738.79888474387       -7.2967244756241256E-005  0.32325595300052878     
         100   306941.15628103446       -1.2802099445176655E-004  0.31718878423782199     
         101   93462.767563686488       -6.3290128266282333E-005  0.29196239538028945     
         102   328893.03981756215       -9.9945806279830071E-005  0.28083830922429304     
         103   106296.03367833704       -7.4212706892521827E-005  0.27812007135492761     
         104   286945.22355236550       -1.1598857983186045E-004  0.27334514428231554     
         105   82886.003307185863       -6.3709704581636724E-005  0.24983584730736352     
         106   302323.93406470056       -9.6230476260951431E-005  0.24192201739675628     
         107   95030.800623309260       -7.5011665633255102E-005  0.24050659946539943     
         108   267362.13517883018       -1.0920048011756913E-004  0.23364082133587483     
         109   74258.323829310597       -6.5781136691537456E-005  0.21502279315610193     
         110   278330.54721647559       -8.8015612366779562E-005  0.20826500202432383     
         111   85444.250653371855       -7.4785239816642439E-005  0.20689966675300744     
         112   247924.22393406733       -1.0089506117797156E-004  0.20129861351759420     
         113   67443.881037994215       -6.4565284518660574E-005  0.18527047938696772     
         114   253564.58235950361       -8.3166967415952356E-005  0.17950036606043587     
         115   77583.520293875932       -7.5052416407636331E-005  0.17916903156823755     
         116   229004.67607337894       -9.6661635434066369E-005  0.17378483264920841     
         117   61954.245060913068       -6.3803539030070374E-005  0.16002355065093204     
         118   230464.95985840040       -7.8378979406569017E-005  0.15537666855968391     
         119   70972.673716281599       -7.0614744233086520E-005  0.15477855583083128     
         120   210366.12703476642       -8.9831782991907098E-005  0.14937633751337448     
         121   57331.803542907830       -6.1951374111184662E-005  0.13803261615934578     
         122   209457.34343220782       -7.3217625985361827E-005  0.13431992253541788     
         123   65661.652183224069       -6.7088487571867109E-005  0.13373730922187851     
         124   192911.63168421501       -8.5601549796466731E-005  0.12913351398100328     
         125   53545.880828328518       -6.1862862679178051E-005  0.11936825612650320     
         126   189046.65987550258       -7.0370814765876368E-005  0.11622013732337701     
         127   61309.280828960807       -6.5820905306325825E-005  0.11600938010939645     
         128   175844.47888894842       -7.9081654462716955E-005  0.11182347423441504     
         129   50380.781660621047       -6.0143480148815161E-005  0.10351625433605308     
         130   170471.86060752207       -6.4211529524968591E-005  0.10123260011407095     
         131   57799.583238301529       -5.9282644922945538E-005  0.10071052272245525     
         132   159533.76488609295       -7.5445355129801427E-005   9.7083781969913630E-002
         133   47710.890217050153       -5.7344665921840401E-005   8.9979767372567201E-002
         134   152901.86725994202       -6.0215185604568958E-005   8.8247139894650772E-002
         135   54688.661782187512       -5.7203468398452336E-005   8.7805644606004540E-002
         136   144428.81292453094       -6.9944237906814833E-005   8.4279039023799143E-002
         137   45533.698309068866       -5.4660245171443309E-005   7.8541414455675251E-002
         138   137289.95915815246       -5.6727583645129921E-005   7.6909293499429002E-002
         139   51993.882247603528       -5.3137934735218538E-005   7.6511699298513508E-002
         140   130408.50076862155       -6.5111191945393587E-005   7.3490012408619118E-002
         141   43631.335706939899       -5.3596576954520123E-005   6.8451137863014044E-002
         142   123009.21554175085       -5.3632567927244198E-005   6.7171083418003541E-002
         143   49862.118307412406       -5.1293260563658281E-005   6.6876041669884187E-002
         144   117359.32986528797       -6.1695013164597191E-005   6.3988612326629807E-002
         145   42077.669340948312       -5.1292821247473248E-005   6.0040103947159820E-002
         146   109894.48440073415       -4.9925140171783733E-005   5.8876363293851666E-002
         147   47784.642890798590       -5.0010893370869730E-005   5.8498632806726562E-002
         148   105197.96053342623       -5.9666110540844193E-005   5.6002533527089553E-002
         149   40745.909039367274       -5.0351990904122285E-005   5.2589596930502656E-002
         150   97937.729957940552       -4.5731619716126058E-005   5.1547809951063936E-002
         151   46086.578039020329       -4.8833989081191527E-005   5.1269378991157168E-002
         152   94372.570741165764       -5.7821732171608404E-005   4.9161053027889583E-002
         153   39804.258485667277       -4.8462966351027218E-005   4.6269969538214342E-002
         154   87284.586578646442       -4.2534711212847224E-005   4.5396026493888908E-002
         155   44544.038886119073       -5.0060653231916060E-005   4.5141748571592949E-002
         156   84365.720772148736       -5.4753206053273174E-005   4.3155629275282721E-002
         157   38912.820354364711       -4.8259245229353148E-005   4.0732776434752246E-002
         158   77754.433593138048       -3.9456343789214913E-005   4.0065314016914537E-002
         159   43001.992588221132       -4.5177660553289141E-005   3.9693631299942932E-002
         160   75156.754480197429       -5.2736577639012690E-005   3.8067784944344686E-002
         161   38206.053942924395       -4.5174831762470881E-005   3.6061512550967671E-002
         162   69182.515670422261       -3.6471216203582852E-005   3.5365224881722931E-002
         163   41510.640482600633       -4.3181810635555310E-005   3.5130440803432424E-002
         164   66863.043036624542       -5.0322206374020077E-005   3.3658899245495803E-002
         165   37545.816711258281       -4.3694147966262004E-005   3.1917961088345943E-002
         166   61572.488127765151       -3.4604597285675640E-005   3.1414067956028698E-002
         167   40028.289951221712       -4.1605147580742866E-005   3.1170550895530384E-002
         168   59344.018640737631       -4.7097939472389673E-005   2.9890799319680722E-002
         169   37017.205460766832       -4.2779927210966567E-005   2.8412712112680146E-002
         170   54729.883380441090       -3.4632252642172444E-005   2.7974826602691804E-002
         171   38663.059455743336       -4.1443625739130429E-005   2.7675946697713890E-002
         172   52748.157590777322       -4.5183697187219825E-005   2.6642575877145431E-002
         173   36460.922455732420       -4.1187776813274754E-005   2.5374947641458579E-002
         174   48621.435789566349       -3.3773595304243702E-005   2.4875224604615814E-002
         175   37458.586904786294       -4.0089584411576154E-005   2.4679297493218393E-002
         176   46705.473393882887       -4.1281618647642337E-005   2.3723446295827122E-002
         177   36007.181656668676       -4.0217134692157592E-005   2.2612882562548040E-002
         178   42991.616461566533       -3.2723897054220949E-005   2.2224047293914174E-002
         179   35988.900173809729       -3.8388691180415676E-005   2.2072769250337999E-002
         180   41536.384947957238       -3.8393444879719635E-005   2.1183700988160768E-002
         181   35461.094912823704       -3.9232687415685992E-005   2.0262725025819356E-002
         182   38110.300171870134       -3.1068010366720945E-005   1.9926073573305371E-002
         183   34790.487826652003       -3.7600334338731538E-005   1.9811241074019839E-002
         184   36831.492390727857       -3.6741638759812790E-005   1.9011327198401290E-002
         185   34919.723342733763       -3.8235133476397946E-005   1.8184753842297577E-002
         186   33590.364843149946       -2.9003112507065499E-005   1.7900073058820212E-002
         187   33479.551159257120       -3.6657322452732502E-005   1.7799217542233254E-002
         188   32665.920579071975       -3.4971417832812174E-005   1.7053843092534934E-002
         189   34192.752186079502       -3.6697598839103581E-005   1.6380097110815575E-002
         190   29601.278006041455       -2.7988357169687547E-005   1.6054090154823175E-002
         191   32042.732341727824       -3.5798276668078216E-005   1.5966057190336894E-002
         192   28872.474323563074       -3.4270257256720560E-005   1.5358107256242232E-002
         193   33354.549274245728       -3.5671747812023993E-005   1.4710976292481446E-002
         194   26083.512133742614       -2.7269172508757488E-005   1.4453599768966627E-002
         195   30765.049201601418       -3.4621147490243454E-005   1.4431890733466348E-002
         196   25460.447862783731       -3.2633329008330722E-005   1.3827163749381602E-002
         197   32340.872709939915       -3.3875517342741031E-005   1.3263960442728644E-002
         198   22980.717146050334       -2.5589165337245070E-005   1.3070210709705597E-002
         199   29435.596260575872       -3.3256379023757524E-005   1.3045896056909255E-002
         200   22565.380027303709       -3.1347106922299353E-005   1.2522902487842453E-002
         201   31286.989246955065       -3.2871861876113587E-005   1.2036929964243253E-002
         202   20232.287620906875       -2.4507529942439406E-005   1.1834927187174073E-002
         203   28020.801364347590       -3.2449146779479942E-005   1.1847937818664060E-002
         204   19927.820321225623       -2.9239880542322368E-005   1.1364948430076998E-002
         205   30236.809845707328       -3.2336222489871385E-005   1.0932721398556708E-002
         206   17793.074495159413       -2.2512757659121427E-005   1.0777737552310464E-002
         207   26738.782095580114       -3.1264658239804627E-005   1.0763374200978563E-002
         208   17611.093314744146       -2.8314056208685727E-005   1.0333153533683999E-002
         209   29035.507869356021       -3.1412913890114697E-005   9.9242014826307762E-003
         210   15695.629889820775       -2.1450112992962879E-005   9.7885731893904409E-003
         211   25337.216929695740       -2.9328280911035069E-005   9.7698371364983525E-003
         212   15554.913633021972       -2.7904876142922375E-005   9.3789637300276361E-003
         213   27814.749605384430       -3.0714815417784785E-005   8.9993334026004148E-003
         214   13788.365934331347       -2.0717283923881833E-005   8.9131479214936953E-003
         215   24024.657153189084       -2.7652355406306346E-005   8.8944716138017587E-003
         216   13764.323690030073       -2.7107427261995864E-005   8.5208431709782317E-003
         217   26527.979007277238       -2.9778229607330089E-005   8.2130857405472522E-003
         218   12160.208023100122       -1.9868198501590128E-005   8.1305330305110925E-003
         219   22710.911048005812       -2.6084147377752908E-005   8.0915550748276339E-003
         220   12199.233795093645       -2.5627003115324158E-005   7.7759133929432020E-003
         221   25179.028718278107       -2.8835061468020972E-005   7.5003464459613110E-003
         222   10723.930940123240       -1.8024772133482927E-005   7.4524462327945056E-003
         223   21394.622121041008       -2.4582960760480792E-005   7.4197775044634899E-003
         224   10825.268032855312       -2.4113033758550847E-005   7.1261476430616840E-003
         225   23844.530306067027       -2.8205283705794526E-005   6.8726827024143651E-003
         226   9524.1673620127149       -1.7582055430795034E-005   6.8316671921935237E-003
         227   20124.446497878427       -2.3195997985700919E-005   6.8069120897814419E-003
         228   9619.7306789166742       -2.3084611613738650E-005   6.5338755639625648E-003
         229   22444.073448176026       -2.6899045893594688E-005   6.3171253490479640E-003
         230   8468.8785614706539       -1.6836288344226445E-005   6.2944773720691937E-003
         231   18882.512703076423       -2.1506034338554959E-005   6.2647178132185033E-003
         232   8587.3955501077671       -2.1944263789349609E-005   6.0171051221948341E-003
         233   21044.913079877340       -2.6238089496353554E-005   5.8250603915127102E-003
         234   7574.1388556948359       -1.6519634485564940E-005   5.8128550165097341E-003
         235   17667.597918706415       -2.1467786583607791E-005   5.7523650102678662E-003
         236   7689.9282483924426       -2.0283763852193149E-005   5.5423533506218656E-003
         237   19598.061494274942       -2.4878609841756156E-005   5.3673398753586957E-003
         238   6802.7464384811847       -1.6499928504557172E-005   5.3531035917430535E-003
         239   16404.629829565165       -1.9856398156522720E-005   5.3153523083962579E-003
         240   6921.7379124879035       -1.9288459860929334E-005   5.1204188687722545E-003
         241   18241.400192695277       -2.3537190152735356E-005   4.9752635113239361E-003
         242   6155.6642841446164       -1.6470834330467073E-005   4.9568679050710643E-003
         243   15261.346537082045       -1.9551388017097168E-005   4.9247930384697589E-003
         244   6254.4005615532697       -1.7815098573521183E-005   4.7374360089652750E-003
         245   16841.998498369168       -2.2550535671241433E-005   4.6130804475824766E-003
         246   5621.3059388161601       -1.6182495374862633E-005   4.6009291874749489E-003
         247   14180.154001808152       -1.8029854386827271E-005   4.5495972615895702E-003
         248   5695.4044961434811       -1.6734036023323328E-005   4.3880152619503949E-003
         249   15525.865377525108       -2.1787681484770653E-005   4.2805829854961714E-003
         250   5192.9529325988551       -1.6179037098433655E-005   4.2685684746208014E-003
         251   13114.938266127230       -1.7060513656023490E-005   4.2127138817607953E-003
         252   5205.5285176816142       -1.6361591545158467E-005   4.0721745626009975E-003
         253   14274.119905956311       -2.0969770499171283E-005   3.9747353047229206E-003
         254   4823.0402407967722       -1.5601638411500709E-005   3.9690694174146423E-003
         255   12056.822889776833       -1.5613621913604563E-005   3.9092798122389956E-003
         256   4799.5907034720994       -1.6074820767822138E-005   3.7906057148071868E-003
         257   13136.610395844675       -1.9956257371799732E-005   3.6993676419629262E-003
         258   4518.3518784848839       -1.5367753457969800E-005   3.6934020256135110E-003
         259   11050.644012551071       -1.4136551837283861E-005   3.6408798165279942E-003
         260   4455.1138418770024       -1.5581952963061973E-005   3.5236822156487916E-003
         261   12055.959384832173       -1.9141325308969593E-005   3.4524280551651689E-003
         262   4275.8053029744033       -1.5025559387737739E-005   3.4388502408343297E-003
         263   10148.623991483140       -1.3141187760769740E-005   3.3825669668946829E-003
         264   4149.0603236888974       -1.4875995048724412E-005   3.2879653526741467E-003
         265   10989.229766200158       -1.8865917299627888E-005   3.2278976449695651E-003
         266   4079.9659584532733       -1.4678477235010039E-005   3.2129721933792832E-003
         267   9255.4568742800348       -1.2331346779393957E-005   3.1509519163487329E-003
         268   3876.8468506459012       -1.4264071800131962E-005   3.0716775935861434E-003
         269   10006.181661197979       -1.7829826943679394E-005   3.0134953190139742E-003
         270   3908.0096006030753       -1.4234426461437646E-005   2.9965651724440153E-003
         271   8423.2577395672251       -1.1557255091573666E-005   2.9425966357999283E-003
         272   3660.9035048691553       -1.3919935307537644E-005   2.8666045401434955E-003
         273   9084.9517938767367       -1.7212390946240405E-005   2.8205121419966994E-003
         274   3764.6773782796286       -1.3864976621227944E-005   2.8051091792035718E-003
         275   7676.7453544542250       -1.0584981017745580E-005   2.7531085744803849E-003
         276   3468.2509875944929       -1.3182273668302241E-005   2.6935282414251244E-003
         277   8232.7165051102183       -1.6285109804734872E-005   2.6472271173844297E-003
         278   3633.3033660453298       -1.3510244426073055E-005   2.6296756292230718E-003
         279   6968.8160093028273       -9.8924001462810657E-006   2.5823726462497589E-003
         280   3294.1705929291356       -1.2935745658612222E-005   2.5227258094469734E-003
         281   7450.4356718758645       -1.5400273227002460E-005   2.4806361626891309E-003
         282   3533.2380739222085       -1.3308241723049219E-005   2.4661792922368196E-003
         283   6312.3166797552194       -9.3897539271437878E-006   2.4139694315193213E-003
         284   3137.3688979808012       -1.2463348504636159E-005   2.3648195152834030E-003
         285   6727.9445716040045       -1.4487458699034568E-005   2.3313004535033895E-003
         286   3421.6996712660057       -1.3202666337899503E-005   2.3171289909384111E-003
         287   5699.1489656589620       -8.9997641787440906E-006   2.2687737527433082E-003
         288   3002.0363861791488       -1.1964671944120404E-005   2.2234087032713501E-003
         289   6069.1860535450342       -1.3791895099429358E-005   2.1953642510818081E-003
         290   3321.4906403625341       -1.2822968057080867E-005   2.1782656809985301E-003
         291   5155.8705434230487       -8.5773516326020347E-006   2.1275826750746327E-003
         292   2869.8813992299715       -1.1547155572545219E-005   2.0943898036154124E-003
         293   5471.4137141956144       -1.3108095767615894E-005   2.0668105404085244E-003
         294   3235.7092225820898       -1.2375243827617638E-005   2.0482823950251244E-003
         295   4650.0028560225728       -7.9489889844271785E-006   2.0037973395815758E-003
         296   2751.0789444504339       -1.1110145366232957E-005   1.9708478243432100E-003
         297   4916.1523372246384       -1.2412840285326897E-005   1.9493815213720322E-003
         298   3137.7611255534534       -1.1978514753734046E-005   1.9320763235451122E-003
         299   4207.7341938917698       -7.6822533592457895E-006   1.8824704475602981E-003
         300   2647.7761587650966       -1.0645549948534173E-005   1.8559793425643053E-003
         301   4404.3738660678300       -1.1621876735470796E-005   1.8337641803341060E-003
         302   3059.7313702077868       -1.1575823012386715E-005   1.8121692155916632E-003
         303   3781.8760745040386       -7.1474578324299837E-006   1.7703722746830034E-003
         304   2542.9683893568690       -1.0071780536773048E-005   1.7450394064294837E-003
         305   3954.9999227436347       -1.0979690367580797E-005   1.7211340704859244E-003
         306   2962.8131051409068       -1.1102597312779943E-005   1.7051100886118012E-003
         307   3401.5407562462765       -6.7886066725515186E-006   1.6709133431083204E-003
         308   2443.1949710867807       -9.6661839556521182E-006   1.6463967073681888E-003
         309   3546.1990878061902       -1.0079070414859888E-005   1.6226099107738952E-003
         310   2855.4764223769853       -1.0696305398111990E-005   1.6133342854152881E-003
         311   3061.8715675722647       -6.2568444701277882E-006   1.5749026697628675E-003
         312   2351.3114413417161       -9.1792028980052222E-006   1.5555876553738184E-003
         313   3183.5883537538757       -9.4798047624411640E-006   1.5350513106075850E-003
         314   2766.3907622189590       -1.0110780572999390E-005   1.5185628051379749E-003
         315   2745.5301809098619       -6.3553588445376063E-006   1.4854436203858030E-003
         316   2251.6469322954945       -9.1398599471002642E-006   1.4651661200295201E-003
         317   2858.8313878094518       -8.9340783145000650E-006   1.4490765568602308E-003
         318   2675.3151625009009       -9.8181830636433829E-006   1.4338706739528038E-003
         319   2471.9635066223273       -6.4347051062874763E-006   1.4006643066809305E-003
         320   2150.2782448626276       -8.7273959569819490E-006   1.3855670684000581E-003
         321   2561.5435822751474       -8.4220155476635713E-006   1.3698141495944974E-003
         322   2580.0541162204700       -9.3284005369195607E-006   1.3556303943318248E-003
         323   2221.1488532925619       -5.9318021953376046E-006   1.3234586477885459E-003
         324   2062.0557871021888       -8.1653997860264703E-006   1.3073126895617123E-003
         325   2292.6640952522466       -7.9766129626698889E-006   1.2942327346142416E-003
         326   2469.5219576793043       -9.0754066887845339E-006   1.2782584486054449E-003
         327   2001.1053263938807       -5.4526642451295199E-006   1.2536623318566010E-003
         328   1988.3418890853757       -7.5544374966927303E-006   1.2373680107153923E-003
         329   2053.4481629602201       -7.4252733318528290E-006   1.2219353547498184E-003
         330   2368.8604615160561       -8.9294457793213954E-006   1.2127585416492378E-003
         331   1810.4639668291634       -5.0999838843371715E-006   1.1870006009908575E-003
         332   1899.1114304313442       -7.4177427929261631E-006   1.1737177647457256E-003
         333   1838.9169771986428       -6.9633891642124488E-006   1.1596489931129780E-003
         334   2260.1147861689283       -8.7554609423246655E-006   1.1462647912405396E-003
         335   1639.8007432107520       -5.0719336549472471E-006   1.1249774976421123E-003
         336   1819.3613471997523       -7.0869932944643609E-006   1.1107478238470971E-003
         337   1652.4563764763182       -6.3498881577080239E-006   1.0990531877487443E-003
         338   2154.3856610111734       -8.5247525611695907E-006   1.0870373213965089E-003
         339   1487.1733525346713       -5.2314324716303434E-006   1.0654612852601963E-003
         340   1730.1658832440639       -7.1614736664946756E-006   1.0533392447028081E-003
         341   1490.8787704078218       -6.1735161560189981E-006   1.0402216349514304E-003
         342   2046.9231872399382       -8.4453347174968711E-006   1.0315304110673133E-003
         343   1351.8043248705926       -4.9775136706014671E-006   1.0123185154449932E-003
         344   1649.0470740027763       -6.9935936511703148E-006   1.0007164437602935E-003
         345   1344.1536196193731       -5.9040815153415465E-006   9.8873870514691554E-004
         346   1944.5167797970455       -8.2428877339950432E-006   9.7775153688024080E-004
         347   1234.0756780950521       -4.8991201340504974E-006   9.5944754818328879E-004
         348   1565.1185019823381       -6.5559403135354767E-006   9.5079292025093806E-004
         349   1217.7961159780566       -5.7674770374862756E-006   9.4053561005061955E-004
         350   1836.2896278800715       -7.9809215441257940E-006   9.3047899859871033E-004
         351   1125.6666202636502       -5.1061169418373527E-006   9.1286542910813900E-004
         352   1480.7228849211629       -6.3979505702164267E-006   9.0433415557930597E-004
         353   1106.2838730473366       -5.4285068096248725E-006   8.9425408421375514E-004
         354   1735.5297901263193       -7.7211147956738139E-006   8.8573870899257532E-004
         355   1031.9026274261942       -4.8996108915532111E-006   8.7084348250103462E-004
         356   1396.8952518786766       -6.1691266943752631E-006   8.6407877140813930E-004
         357   1009.3539392620297       -5.1984941907272910E-006   8.5328995980800740E-004
         358   1637.3126499920736       -7.4163893861895237E-006   8.4272644234857153E-004
         359   948.38768163691202       -4.7715438286375356E-006   8.2757637222376614E-004
         360   1315.7134197207295       -5.8421228086465920E-006   8.2036200975487772E-004
         361   922.77680770192717       -5.0133434508373012E-006   8.1239470249334813E-004
         362   1539.1110806971542       -7.2551867955633354E-006   8.0126482313622736E-004
         363   875.90550259281122       -4.6235759785637987E-006   7.8997132650445877E-004
         364   1244.2254357045902       -5.5680057377420634E-006   7.8127918179296215E-004
         365   845.91681318383928       -4.7701827443645831E-006   7.7145217997336764E-004
         366   1445.4755906891824       -6.9852687290664601E-006   7.6498618161404482E-004
         367   811.38055518959140       -4.6184019994802523E-006   7.5231310129076007E-004
         368   1168.6267594104947       -5.0838225014860010E-006   7.4409784453544222E-004
         369   780.84349791480270       -4.6137138615720138E-006   7.3791407856410346E-004
         370   1355.0521193300410       -6.9285856146753399E-006   7.2819348577131393E-004
         371   754.66264878840218       -4.3690770885259059E-006   7.1448793210295177E-004
         372   1099.9166491246879       -4.8533598563450440E-006   7.0695377807489051E-004
         373   724.22097743447114       -4.4217532619328487E-006   7.0223989118372860E-004
         374   1265.1327071906514       -6.5014507535387298E-006   6.9124316108965791E-004
         375   706.01016783440491       -4.2378130600646107E-006   6.8176818170460809E-004
         376   1032.1791459043054       -4.6973930254416960E-006   6.7492278594717431E-004
         377   672.59483059896024       -4.1301325105171187E-006   6.6814206543469948E-004
         378   1181.1277428079277       -6.3132323057064853E-006   6.5842560842124614E-004
         379   662.54803904233097       -4.0647722428055185E-006   6.4769346505654587E-004
         380   965.70479687913723       -4.4427462894167634E-006   6.4261174848458135E-004
         381   627.70471044998226       -3.9767760539755796E-006   6.3490737118558301E-004
         382   1101.3116757081675       -6.1683606592120121E-006   6.2705145302221587E-004
         383   625.02366783221862       -3.9911541123674518E-006   6.1845882369689911E-004
         384   904.56647669597487       -4.0301071579988155E-006   6.1225311164211287E-004
         385   587.97376739849881       -3.8881597031767863E-006   6.0526187886554951E-004
         386   1023.3941416675489       -5.8191448874590840E-006   5.9650549532373125E-004
         387   591.19853657814281       -3.7803424033272705E-006   5.8879435338433938E-004
         388   848.57864187487860       -3.8690692390183940E-006   5.8231374473689433E-004
         389   552.66735447202427       -3.8814564717029799E-006   5.7674012380911808E-004
         390   953.24335619549004       -5.5540171321196972E-006   5.7003439984212260E-004
         391   561.60977182904253       -3.7615184289765276E-006   5.6049382353738891E-004
         392   792.61503721859185       -3.7029188699734919E-006   5.5519837228716780E-004
         393   520.93825427450975       -3.6340437648459922E-006   5.4894277229594222E-004
         394   884.16209183367698       -5.3580335067857276E-006   5.4176013831334587E-004
         395   534.52004961947944       -3.8432916037934228E-006   5.3497037285158864E-004
         396   739.70802628473757       -3.8811670787996419E-006   5.2969323470310626E-004
         397   491.88704254510156       -3.6762254746413551E-006   5.2485021923409799E-004
         398   818.09216070487935       -5.0651182792328679E-006   5.1967569959495959E-004
         399   510.98963909175603       -3.4826928972895206E-006   5.1084919907031109E-004
         400   689.43370616191862       -3.3699643089684370E-006   5.0662713492238907E-004
         401   467.60749371394940       -3.5604369007952880E-006   5.0136568136680850E-004
         402   758.83431925641173       -4.8263630952456587E-006   4.9594005906555686E-004
         403   488.26570819436859       -3.7830406888802585E-006   4.8908504341995372E-004
         404   643.21925325932671       -3.7815171731851966E-006   4.8466163168026609E-004
         405   443.38121010736324       -3.5044752385626944E-006   4.8012238163434076E-004
         406   701.92331495854580       -4.6175731710664479E-006   4.7486763084560819E-004
         407   468.94206640988119       -3.4138293975583070E-006   4.6776125844980493E-004
         408   599.49851719463936       -3.1020200225858780E-006   4.6368811055923616E-004
         409   421.80824947994961       -3.1598095551708273E-006   4.5960751103597212E-004
         410   648.89285369331753       -4.3612870696856423E-006   4.5415412409194024E-004
         411   451.34457906451462       -3.2423170211151568E-006   4.4790743895761417E-004
         412   560.59413275150359       -3.4163333411574540E-006   4.4293022596319630E-004
         413   402.89850998350067       -3.4374565277177076E-006   4.4014958152251946E-004
         414   600.36831327115476       -4.1121661146594438E-006   4.3510864072983661E-004
         415   435.66008900110415       -3.2488677238446344E-006   4.2910589406182581E-004
         416   522.27265829376836       -3.1755317497738737E-006   4.2601270513880198E-004
         417   384.90099919723872       -3.0849561390786880E-006   4.2119973706674534E-004
         418   555.34562884694594       -3.8507831431898921E-006   4.1615752226459627E-004
         419   419.78839242566710       -3.0257800649152255E-006   4.1131661906105535E-004
         420   488.13572940602683       -3.0274981578091539E-006   4.0676860041495675E-004
         421   367.69823463487631       -3.0749308143311075E-006   4.0270196367204797E-004
         422   513.95592580370226       -3.6575075133237493E-006   3.9859599938497708E-004
         423   404.53059927832942       -3.2311483990870883E-006   3.9433837869414260E-004
         424   454.83211194849673       -3.1939487438185044E-006   3.8996596286933151E-004
         425   352.92527499952013       -2.9822961632047181E-006   3.8648621153312686E-004
         426   475.26584386633090       -3.3919485140849448E-006   3.8221933294468814E-004
         427   389.33461366768626       -2.8901582067218200E-006   3.7699029798605701E-004
         428   425.12438636730928       -2.7264697701613546E-006   3.7290763718760255E-004
         429   338.71083288772115       -2.8642164931679900E-006   3.7002149062473274E-004
         430   439.77620604881139       -3.1831850320698355E-006   3.6591608925900994E-004
         431   376.29777274889886       -2.8598212813374339E-006   3.6195000622089732E-004
         432   397.06555776818851       -2.6080680080575411E-006   3.5824180303141380E-004
         433   325.34418146866750       -3.3975595529910168E-006   3.5484912740786124E-004
         434   408.38642466380242       -3.7033463871398032E-006   3.5103880540867619E-004
         435   363.79579998266883       -2.8581207892267894E-006   3.4702102444267405E-004
         436   371.85966806996953       -2.7097780568984791E-006   3.4342002524625305E-004
         437   312.72876740321743       -2.7518692545271454E-006   3.4043214291340528E-004
         438   378.06001146451217       -2.8089270459800113E-006   3.3727224223935651E-004
         439   350.87636411417066       -2.8682336299284665E-006   3.3282195587841452E-004
         440   347.25947466788745       -2.5891919414818423E-006   3.2972776780410869E-004
         441   300.00041414356332       -2.5127486988283719E-006   3.2615340523059358E-004
         442   350.45874856772537       -2.2786590841105252E-006   3.2346359613965675E-004
         443   338.84489671534220       -2.8729296444734817E-006   3.2004517650562417E-004
         444   324.81839655431276       -2.3321564751908671E-006   3.1687473552677510E-004
         445   288.36460953707103       -2.3040586871525801E-006   3.1382429547034023E-004
         446   325.96380395221979       -2.1171363965697909E-006   3.1118332203537588E-004
         447   325.05805971100295       -2.8363511626297577E-006   3.0733925128362049E-004
         448   304.22299282163351       -2.3106550391889966E-006   3.0451180634131900E-004
         449   278.12949311842772       -2.2588041358238303E-006   3.0131798468072119E-004
         450   304.26614112307760       -2.0751688232254786E-006   2.9835138883108634E-004
         451   313.04728719202143       -2.8531556316804255E-006   2.9544460783956239E-004
         452   286.16505043810821       -2.2161822034142702E-006   2.9259819327152772E-004
         453   268.07365825986284       -2.3433726816679301E-006   2.9024851366491036E-004
         454   284.23504393150216       -2.3002689884866966E-006   2.8670197718399214E-004
         455   301.49235923001032       -2.7405837639903799E-006   2.8340261611774556E-004
         456   269.44413707937480       -2.1484578904769547E-006   2.8100205060001119E-004
         457   257.92981169800981       -2.3217993487508110E-006   2.7880519738359089E-004
         458   266.33241146241164       -2.3805668289546854E-006   2.7565019458373503E-004
         459   289.63923631626511       -2.6886224323584025E-006   2.7312339187680331E-004
         460   254.11227768388667       -2.1514425123479098E-006   2.6972998725979938E-004
         461   248.03351029587174       -2.2363742032875393E-006   2.6739562751524113E-004
         462   250.02369732309762       -2.3186570758069498E-006   2.6474036528242151E-004
         463   278.73928878763923       -2.6538742866967458E-006   2.6258564454758427E-004
         464   239.90459909466628       -2.0604777452191186E-006   2.5963040182418548E-004
         465   239.02456735726142       -1.9743765154661143E-006   2.5753995821400618E-004
         466   235.87516057868837       -2.2484219592495872E-006   2.5526101183402384E-004
         467   267.52538814033772       -2.5471707697666077E-006   2.5259422492935214E-004
         468   227.05321032235648       -2.3161312445849529E-006   2.5019741824183463E-004
         469   230.62717026021099       -2.2597812035477458E-006   2.4822317867603024E-004
         470   222.95940421477403       -2.1747940319925845E-006   2.4621112450874628E-004
         471   256.58074408586577       -2.4807167846838348E-006   2.4381942394311642E-004
         472   214.66005622325090       -1.9932369323249908E-006   2.4116470611019756E-004
         473   221.66657733155293       -1.8493891271696938E-006   2.3899760628728596E-004
         474   211.51141530438298       -1.9825399222648103E-006   2.3690896044111453E-004
         475   246.36108106290226       -2.4007323744598670E-006   2.3477489214597381E-004
         476   204.06951773210531       -2.0774456990389335E-006   2.3201101639554739E-004
         477   213.09772890594525       -2.0369941920451446E-006   2.3052263233211222E-004
         478   200.92104809938465       -1.9668502045017569E-006   2.2828435428780356E-004
         479   236.39753171387341       -2.3504887309306209E-006   2.2646752926360516E-004
         480   194.25037343037437       -1.9813409278865859E-006   2.2415560223178774E-004
         481   205.15317742528168       -2.0297608705602976E-006   2.2247662355593406E-004
         482   191.07296747743911       -1.9845520898286699E-006   2.2043674896265959E-004
         483   226.12105982864830       -2.2306340061727602E-006   2.1858930862031422E-004
         484   185.20658615356911       -1.8378458056789274E-006   2.1683096961114674E-004
         485   197.50443587352015       -1.8795924633278660E-006   2.1468388020478015E-004
         486   182.17974559858328       -1.9263176398662642E-006   2.1274907748017926E-004
         487   216.77538268863981       -2.1206115717470630E-006   2.1115042865313500E-004
         488   177.43750814210642       -1.7910394323078571E-006   2.0930470424378070E-004
         489   190.24287858021603       -1.8187913139076070E-006   2.0722206871316020E-004
         490   173.93182488631359       -1.8216253658619423E-006   2.0568561734636442E-004
         491   207.18665951305726       -2.0992729094583196E-006   2.0377879699471607E-004
         492   169.68056838261825       -1.7892387901612027E-006   2.0232758507821936E-004
         493   182.95756853990994       -1.8008297844551386E-006   2.0065769489576444E-004
         494   166.56998454278207       -1.8693689411543670E-006   1.9890738931500738E-004
         495   198.11897488576778       -1.9506856972069123E-006   1.9695225524675656E-004
         496   162.76442286560851       -1.8217762892648544E-006   1.9513045869700782E-004
         497   176.12861651535141       -1.8258536877808799E-006   1.9340259772934344E-004
         498   159.60355837473097       -1.8948278342246221E-006   1.9185203150238488E-004
         499   189.65421817239962       -1.8733132884381484E-006   1.9007992597123627E-004
         500   156.76823417020506       -1.8532592289955115E-006   1.8833072565957383E-004
         501   169.47655073581384       -1.7692925984282982E-006   1.8660391350550936E-004
         502   153.51104301499495       -1.7872223048136281E-006   1.8496968922691439E-004
         503   181.42379353921942       -1.7930953948800616E-006   1.8359688716922205E-004
         504   150.93771644078424       -1.7491092935827382E-006   1.8201160270663348E-004
         505   163.34642494570258       -1.8159830500685332E-006   1.8043340453439665E-004
         506   148.12138479292958       -1.9270724887625205E-006   1.7897155695413856E-004
         507   174.12875225254473       -1.9543551300649136E-006   1.7772058138474474E-004
         508   146.05396239237231       -1.8670480049884247E-006   1.7631476053939124E-004
         509   157.47893573169645       -1.8455710645968463E-006   1.7462861342548708E-004
         510   143.04593817729798       -1.8210576586186807E-006   1.7308758122551145E-004
         511   166.75455785010121       -1.8624517882389166E-006   1.7150353026468154E-004
         512   141.07407161863762       -1.8525987051559859E-006   1.7042830841892758E-004
         513   151.77637584275573       -1.7500086887855207E-006   1.6903670637088985E-004
         514   138.36235263549491       -1.8191321033889965E-006   1.6772664646690460E-004
         515   159.92156270954220       -1.8903986163992335E-006   1.6660265545157828E-004
         516   136.99989275349134       -1.9764660703396263E-006   1.6539600901375762E-004
         517   146.39020296408890       -2.0369162288873207E-006   1.6399906311808496E-004
         518   133.71989021965089       -2.1231353926021393E-006   1.6252818573464392E-004
         519   153.19411000802182       -2.1263442757847524E-006   1.6146609588424908E-004
         520   132.60870978577955       -2.0977243877046487E-006   1.6002177302506775E-004
         521   141.36238624140486       -1.9793255448124200E-006   1.5909082398541345E-004
         522   129.79142795610821       -1.9508683617890266E-006   1.5784109774423009E-004
         523   147.36711891476335       -1.9369012219085569E-006   1.5670438670413377E-004
         524   129.31936480055521       -1.9954498271332425E-006   1.5515270390189145E-004
         525   136.57770852710334       -2.0363338930970284E-006   1.5370929306308373E-004
         526   125.69276174579764       -2.1014095362753202E-006   1.5260655931622393E-004
         527   141.28329915598104       -2.1286591542094038E-006   1.5159214590856711E-004
         528   125.46098757735597       -2.1759178262519761E-006   1.5007216610208167E-004
         529   131.70817431111553       -2.2242409118034545E-006   1.4888468207406127E-004
         530   122.00050083520085       -2.3539136541459258E-006   1.4755969784297748E-004
         531   135.75793345189129       -2.4489302646733595E-006   1.4635644633166658E-004
         532   122.55523612518263       -2.5770090068989526E-006   1.4540919758089375E-004
         533   127.58958394894273       -2.5747302023827972E-006   1.4407610205904116E-004
         534   118.65274240828269       -2.5478454210250551E-006   1.4329060487799775E-004
         535   130.90072860258485       -2.4808536461561675E-006   1.4240010660437197E-004
         536   119.28658703121098       -2.4707951760215409E-006   1.4112021564202475E-004
         537   123.26237639512659       -2.4682993410863336E-006   1.4010157247305215E-004
         538   115.18652492653095       -2.5138804266395358E-006   1.3875714342320003E-004
         539   125.68606912340844       -2.5362230737960878E-006   1.3804851769066363E-004
         540   116.33936440274098       -2.5646530340805319E-006   1.3689454002460572E-004
         541   119.58518086968077       -2.5415971153868990E-006   1.3588348312514923E-004
         542   112.29891568264846       -2.5552983605214457E-006   1.3493405458855429E-004
         543   121.53053825247939       -2.5642748975997731E-006   1.3419721306895391E-004
         544   113.74606814083232       -2.6257680877476111E-006   1.3316649573383359E-004
         545   116.10777637040268       -2.6854665111998110E-006   1.3215044229726504E-004
         546   109.61978095210112       -2.7287858855003034E-006   1.3132072660829833E-004
         547   117.38579285294919       -2.7262576981903369E-006   1.3030236149282396E-004
         548   111.08848544898191       -2.7275823691851163E-006   1.2922869711364451E-004
         549   112.30068475148622       -2.7325303930409398E-006   1.2834935828629873E-004
         550   106.61075868287401       -2.7655874577670561E-006   1.2737155216346183E-004
         551   113.26720576919807       -2.7920727133439025E-006   1.2671553248606534E-004
         552   108.58605779391625       -2.8391036061132731E-006   1.2567530672627196E-004
         553   108.98357796437134       -2.8492605722830002E-006   1.2486973153113157E-004
         554   103.98077522801793       -2.8443621919175196E-006   1.2397393418037340E-004
         555   109.69621546705473       -2.7992411009735109E-006   1.2311957903636040E-004
         556   106.27164210830576       -2.7360778397295992E-006   1.2234610912338802E-004
         557   105.89759650147627       -2.6694727071813978E-006   1.2154382502915426E-004
         558   101.60280649652192       -2.6364415716670139E-006   1.2072770540629160E-004
         559   106.19460277677231       -2.6247573828425479E-006   1.1986307909697525E-004
         560   103.61342242168682       -2.6365315641204716E-006   1.1892915591741807E-004
         561   102.85323711880642       -2.6097550217072727E-006   1.1799130139230338E-004
         562   99.339971914985000       -2.5438965551727471E-006   1.1721557967762361E-004
         563   103.09396637220379       -2.4329355108120838E-006   1.1632028611012445E-004
         564   101.40506141639904       -2.3731445373186033E-006   1.1551465732108057E-004
         565   100.04421020943619       -2.3639594634530141E-006   1.1467455037462677E-004
         566   96.964080544080090       -2.4225607658279969E-006   1.1388670842824959E-004
         567   100.04003227222034       -2.4800571522598182E-006   1.1314190970838786E-004
         568   99.024521163517250       -2.5408138418424539E-006   1.1239988528466821E-004
         569   97.336565005448293       -2.5613014490200561E-006   1.1160862825596012E-004
         570   94.830497030749385       -2.5873932524577956E-006   1.1088840897329261E-004
         571   97.338509403996795       -2.5695657685938648E-006   1.1004367556519785E-004
         572   96.886394782558213       -2.5290522831748749E-006   1.0923038377509477E-004
         573   94.956738470754672       -2.4671296627079144E-006   1.0847524512275119E-004
         574   92.864430998158284       -2.3957766575890262E-006   1.0765147548724755E-004
         575   94.746253182737689       -2.3256150435574975E-006   1.0700230842504298E-004
         576   94.866381653702419       -2.2903547089476843E-006   1.0614629163557059E-004
         577   92.616216947608351       -2.2768575859718839E-006   1.0559775260275083E-004
         578   90.920985990448813       -2.3046155464745606E-006   1.0481722940912272E-004
         579   92.346822761545170       -2.3225449524807105E-006   1.0407067031126878E-004
         580   92.781639064680746       -2.3300035494298804E-006   1.0322547238338657E-004
         581   90.245363026259753       -2.3140874167887788E-006   1.0252296891288977E-004
         582   89.019152006370163       -2.2815167418004044E-006   1.0186400767660260E-004
         583   90.173053844906761       -2.2405927050981130E-006   1.0118012658269818E-004
         584   90.845966125659260       -2.2000058750768110E-006   1.0022220629781088E-004
         585   88.260575215497795       -2.1551693335177707E-006   9.9535011527550929E-005
         586   87.272468787530954       -2.1088820377291448E-006   9.8720971570686428E-005
         587   88.060039513903632       -2.0695483583878870E-006   9.8174552751275983E-005
         588   89.139895691193686       -2.0625097001866744E-006   9.7433935068594305E-005
         589   86.347886370589492       -2.1009178304976968E-006   9.6780094591239225E-005
         590   85.613857027073195       -2.1745177408472308E-006   9.5968945407389581E-005
         591   86.047228847926149       -2.2398524452075922E-006   9.5446828728071621E-005
         592   87.266996231451756       -2.2587442550912672E-006   9.4636830148569102E-005
         593   84.403602064578152       -2.2227305807850516E-006   9.3797475842148111E-005
         594   84.007333980449346       -2.1204353472424018E-006   9.3336532711223754E-005
         595   84.170851269927994       -1.9774435780221671E-006   9.2596077711916579E-005
         596   85.369097616463520       -1.8324541704838096E-006   9.2089312382998014E-005
         597   82.700040455861640       -1.7306327480848435E-006   9.1446746858314971E-005
         598   82.311296913677040       -1.7147570850689865E-006   9.0935743295963227E-005
         599   82.433085414640743       -1.7386891391971394E-006   9.0428864198457718E-005
         600   83.716648997744272       -1.7971535735008056E-006   8.9773558790843128E-005
         601   80.965593649081839       -1.8241003704214058E-006   8.9107563326539508E-005
         602   80.715965478371416       -1.7977817783491694E-006   8.8399176186750023E-005
         603   80.692438903155221       -1.7019194955650665E-006   8.7677811310220538E-005
         604   82.046547742955283       -1.6034305165413192E-006   8.7067052474434071E-005
         605   79.436052627533030       -1.6074258235797901E-006   8.6575919161279360E-005
         606   79.245393036477282       -1.5674653208434689E-006   8.5938311097012100E-005
         607   79.093634991619297       -1.5662010698294146E-006   8.5317639274136268E-005
         608   80.359906048278560       -1.5531667296150219E-006   8.4719711563903462E-005
         609   77.900293350564667       -1.5675827064240406E-006   8.4158301032227225E-005
         610   77.948391427358644       -1.5444065484246358E-006   8.3664253433761394E-005
         611   77.718886486939994       -1.5233090661874670E-006   8.3131862366002556E-005
         612   78.879960915595959       -1.4860647345528239E-006   8.2465009098999255E-005
         613   76.494276518016946       -1.4783184191592463E-006   8.1930973839433488E-005
         614   76.569503220510569       -1.4723745739635244E-006   8.1273649906469278E-005
         615   76.339933199990099       -1.5248172705367313E-006   8.0829478914109997E-005
         616   77.517944846661834       -1.5302156509826065E-006   8.0423929215314732E-005
         617   75.259558332755418       -1.4933559785479919E-006   7.9884195146559607E-005
         618   75.245818430938684       -1.4956226524996386E-006   7.9298604543689128E-005
         619   74.885257360865225       -1.5509084831749911E-006   7.8786679863380221E-005
         620   75.950364548030549       -1.5002130604344610E-006   7.8373914836315240E-005
         621   73.869207472131720       -1.4569048676842751E-006   7.7891840002557763E-005
         622   73.923961088375350       -1.4377029431151169E-006   7.7422922047086501E-005
         623   73.563993617874118       -1.4736472106733850E-006   7.7026549784087902E-005
         624   74.579454328622219       -1.5293928128039807E-006   7.6522695913524015E-005
         625   72.706941936280003       -1.5302806396651294E-006   7.6001616238694357E-005
         626   72.776763381664139       -1.4973429292640255E-006   7.5489811618505390E-005
         627   72.396881079094953       -1.5267156176532444E-006   7.5085426529346880E-005
         628   73.477247660668723       -1.5637954103053489E-006   7.4599371507631890E-005
         629   71.763348405093808       -1.5899959928380621E-006   7.4114676343257891E-005
         630   71.758213908562482       -1.5787555071880859E-006   7.3637971560450201E-005
         631   71.450546712811658       -1.5794394237239053E-006   7.3220339954389733E-005
         632   72.252118730237967       -1.5710576146913206E-006   7.2694949921093058E-005
         633   70.628205733674420       -1.5731410252922250E-006   7.2172799623017349E-005
         634   70.648855620575276       -1.5785742186858458E-006   7.1698971379604957E-005
         635   70.248536754321606       -1.5684827971258010E-006   7.1240218272186840E-005
         636   71.010449166011483       -1.5164032086720378E-006   7.0782747714265897E-005
         637   69.582695314560638       -1.4499231897335208E-006   7.0317573113357835E-005
         638   69.574883073546829       -1.4363077887419331E-006   6.9870287006727975E-005
         639   69.199742851154483       -1.4687214276603781E-006   6.9440668273285138E-005
         640   69.917258561368882       -1.5017958044159510E-006   6.8980901696733142E-005
         641   68.619009002429891       -1.4968624556115602E-006   6.8518665611892233E-005
         642   68.560655747355256       -1.4760929509413105E-006   6.8131951876570419E-005
         643   68.220304453937970       -1.4212344916607779E-006   6.7648187049510822E-005
         644   68.854112567206144       -1.4241732661731531E-006   6.7231890607910832E-005
         645   67.650039340292551       -1.4123280022630589E-006   6.6815266376569257E-005
         646   67.616714053417908       -1.4329863730736458E-006   6.6333224533985660E-005
         647   67.360838418218123       -1.4257137676647589E-006   6.5964485384970465E-005
         648   67.839067111337826       -1.4025588236256217E-006   6.5569934251936103E-005
         649   66.744507680448422       -1.4181190363457750E-006   6.5115872617656318E-005
         650   66.576075324782508       -1.4237233068165204E-006   6.4636879421929358E-005
         651   66.254418325523275       -1.4081080123188299E-006   6.4060497569897549E-005
         652   66.626518928397445       -1.3615803068764412E-006   6.3680493883040571E-005
         653   65.739680696986554       -1.3918741884567440E-006   6.3242626159938422E-005
         654   65.546941527164861       -1.3954294944646330E-006   6.2895036639694629E-005
         655   65.299944256817909       -1.3719540526074615E-006   6.2510410599741649E-005
         656   65.774720632504469       -1.3494510025296199E-006   6.2088686261280868E-005
         657   64.942225001701615       -1.3601633002748982E-006   6.1703024932433941E-005
         658   64.672655934637049       -1.3881630747337840E-006   6.1250224920884758E-005
         659   64.422535687990603       -1.3962414616360944E-006   6.0823182537196875E-005
         660   64.796331928429410       -1.3953864297465643E-006   6.0484261967257449E-005
         661   64.016340811453205       -1.3845112839089570E-006   6.0215293133998051E-005
         662   63.728522408450850       -1.3954665170158874E-006   5.9826831260230964E-005
         663   63.518609623489468       -1.4082875789769371E-006   5.9488638662504389E-005
         664   63.862082973435783       -1.4110829026863283E-006   5.9122283858531740E-005
         665   63.218238696798245       -1.3951349506659161E-006   5.8804696727771784E-005
         666   62.893531205441576       -1.3612567192133873E-006   5.8520982604327835E-005
         667   62.732383972096144       -1.3746501498385313E-006   5.8181722587407556E-005
         668   62.980512183703063       -1.3619534836769512E-006   5.7739180100697245E-005
         669   62.388766238632755       -1.3388304060131652E-006   5.7298893110323184E-005
         670   62.059917736182797       -1.3469732400813786E-006   5.7011846083009481E-005
         671   61.999858635986442       -1.3338183477422783E-006   5.6665065791646484E-005
         672   62.266775315493895       -1.3135961459885449E-006   5.6444497930373091E-005
         673   61.759375862228360       -1.3262204241137210E-006   5.6164797093448767E-005
         674   61.376958820304580       -1.3421417575992576E-006   5.5843755293557515E-005
         675   61.267553896911977       -1.3590784356561601E-006   5.5468910183396810E-005
         676   61.515904954654260       -1.3537330831231011E-006   5.5071211027345482E-005
         677   61.035107021219694       -1.3404097959321305E-006   5.4781935230822476E-005
         678   60.684307677925425       -1.3393704244099086E-006   5.4497420951729336E-005
         679   60.600748013116863       -1.3421512829229713E-006   5.4199701240968769E-005
         680   60.780320096565248       -1.3534288182019210E-006   5.3767234955103369E-005
         681   60.316354748937314       -1.3669251202330324E-006   5.3496501072710468E-005
         682   59.919863941147035       -1.3606562656765976E-006   5.3110172130466088E-005
         683   59.866494993232322       -1.3396176051268221E-006   5.2844422946377632E-005
         684   60.073815322677433       -1.3211367878098631E-006   5.2538382277029040E-005
         685   59.702753139875313       -1.3177779177659348E-006   5.2191062043394181E-005
         686   59.283632173649067       -1.3070057092344306E-006   5.1916473274122375E-005
         687   59.204335994284186       -1.2859287627024103E-006   5.1525903951490964E-005
         688   59.316454910827041       -1.2571544522085361E-006   5.1252153976597562E-005
         689   59.002364298714788       -1.2345696947724834E-006   5.0883662877788718E-005
         690   58.576469027325835       -1.2380039767937265E-006   5.0724375951236408E-005
         691   58.541449914639735       -1.2243241832622567E-006   5.0361906978267976E-005
         692   58.660934932661895       -1.2306104267183716E-006   5.0144037840565662E-005
         693   58.369809852077978       -1.2505205858814663E-006   4.9779920267489233E-005
         694   57.895926691000362       -1.2772639499185530E-006   4.9527437204878341E-005
         695   57.827371760522389       -1.2808273586892307E-006   4.9232137851076419E-005
         696   57.929396150479569       -1.2611883684321660E-006   4.9012594613768736E-005
         697   57.672887965247803       -1.2139325350359514E-006   4.8737710985778977E-005
         698   57.233035286868599       -1.2089482899238763E-006   4.8431517402408303E-005
         699   57.204236383070352       -1.2178364552376794E-006   4.8149316506288059E-005
         700   57.291744066486153       -1.2429383601317626E-006   4.7934283436992063E-005
         701   57.061610807825410       -1.2573672354877464E-006   4.7708339954999323E-005
         702   56.637263120034604       -1.2422755844204853E-006   4.7433580249469111E-005
         703   56.610678435609408       -1.2361790939635514E-006   4.7145871218287579E-005
         704   56.696005684939443       -1.2445134129624952E-006   4.6850195141003048E-005
         705   56.456475310299965       -1.2622739990806773E-006   4.6635690750149716E-005
         706   56.005976037740936       -1.2715782543192200E-006   4.6373393184033872E-005
         707   55.983841951801217       -1.2542787116243541E-006   4.6148094156009913E-005
         708   56.109398995659930       -1.2453377577374678E-006   4.5934360424398888E-005
         709   55.874457611556245       -1.2609623128376194E-006   4.5693086001811776E-005
         710   55.466623697579848       -1.2747797143346381E-006   4.5484873264078739E-005
         711   55.447074703521324       -1.2581143975206507E-006   4.5269788378037376E-005
         712   55.540222706625372       -1.2182151151750943E-006   4.4994592004248937E-005
         713   55.358035568686631       -1.1822993991301811E-006   4.4775357132826002E-005
         714   54.926708071412172       -1.1739200975019359E-006   4.4510821202435201E-005
         715   54.867164095270859       -1.1881513480663494E-006   4.4311679521000954E-005
         716   54.918294814826609       -1.2061790058888196E-006   4.3989045544015840E-005
         717   54.762502329230948       -1.2368529367615753E-006   4.3740420447436271E-005
         718   54.357728465798523       -1.2485910210356759E-006   4.3516741188398324E-005
         719   54.338477169167767       -1.2460376760442400E-006   4.3294506835900854E-005
         720   54.377201278180948       -1.2391259687567988E-006   4.3075901936985476E-005
         721   54.206793238961275       -1.2356376565084788E-006   4.2779005899420904E-005
         722   53.824748660539292       -1.2405779977697024E-006   4.2653762732755922E-005
         723   53.764351726540980       -1.2399210802968753E-006   4.2363127147912418E-005
         724   53.830155085601277       -1.2309591127814201E-006   4.2092177083589609E-005
         725   53.693547049803698       -1.2514967665872724E-006   4.1877230460049928E-005
         726   53.327711594934996       -1.2685332020601865E-006   4.1678160651579215E-005
         727   53.293829238137768       -1.2692723986452438E-006   4.1389087075036248E-005
         728   53.357863295554516       -1.2388826374565839E-006   4.1211646073328350E-005
         729   53.216002442008360       -1.2171321873277845E-006   4.0981862174070276E-005
         730   52.878289438561083       -1.1999852798757167E-006   4.0742193492117867E-005
         731   52.821105566884341       -1.2039046191385468E-006   4.0527285359213669E-005
         732   52.871451769760647       -1.1931273977673015E-006   4.0325490162785128E-005
         733   52.766094122900356       -1.1823936845722828E-006   4.0150824031110782E-005
         734   52.415534466940791       -1.1789869766569671E-006   3.9933838330403102E-005
         735   52.338448286710957       -1.1670617755739109E-006   3.9736585072567326E-005
         736   52.402082903353900       -1.1517345206009749E-006   3.9517668428441945E-005
         737   52.321415520773122       -1.1700730397467531E-006   3.9334323503583127E-005
         738   52.028913812517906       -1.1858789392062107E-006   3.9151664069758152E-005
         739   51.945443568571626       -1.1940625162963251E-006   3.8974517461401761E-005
         740   51.957351359020294       -1.1724477851758398E-006   3.8722629535256688E-005
         741   51.853977444419534       -1.1448084468725525E-006   3.8500355261740945E-005
         742   51.509817537372591       -1.1166861943578472E-006   3.8303732451794714E-005
         743   51.423744921199095       -1.1045207952579676E-006   3.8089702998143260E-005
         744   51.462487883917071       -1.0956999157490191E-006   3.7872365767797126E-005
         745   51.364624425719789       -1.0829690795653240E-006   3.7712220163237780E-005
         746   51.081242220373632       -1.1004708526607158E-006   3.7534473094915975E-005
         747   50.985651154288973       -1.1150947191672476E-006   3.7315733266343381E-005
         748   51.019416202119402       -1.1016739097730210E-006   3.7121943974539668E-005
         749   50.932050720770043       -1.0751218778308467E-006   3.6916886121749542E-005
         750   50.670825253915169       -1.0696532827864377E-006   3.6773209677827084E-005
         751   50.590389990576028       -1.0586628248120178E-006   3.6574357810777520E-005
         752   50.633238940228622       -1.0665679455060642E-006   3.6393596497458824E-005
         753   50.534024000448625       -1.0730152076054561E-006   3.6188902267506836E-005
         754   50.261612125330316       -1.0793620183722670E-006   3.5987929309772723E-005
         755   50.170792500713482       -1.0627473644198517E-006   3.5791291172956463E-005
         756   50.205468759604059       -1.0572259716265567E-006   3.5628333758462177E-005
         757   50.135734112441931       -1.0658834835104455E-006   3.5453743274950581E-005
         758   49.856450412516331       -1.0786112634738908E-006   3.5278625831497583E-005
         759   49.765515924005285       -1.0797941675842254E-006   3.5067003345740949E-005
         760   49.808894619859295       -1.0770525352106407E-006   3.4909510476944855E-005
         761   49.734992676195795       -1.0634902256876634E-006   3.4705124462090882E-005
         762   49.488195907340746       -1.0468814891349865E-006   3.4514866591762524E-005
         763   49.402438946531362       -1.0256723952194791E-006   3.4387881321266225E-005
         764   49.447857514404397       -1.0106814981998086E-006   3.4213460536692284E-005
         765   49.387554326618989       -1.0131112337194061E-006   3.4033800688494345E-005
         766   49.139856330796270       -1.0281754993666991E-006   3.3868644074487254E-005
         767   49.052388105076751       -1.0561470709654975E-006   3.3690482551671186E-005
         768   49.085487958443807       -1.0640574266780355E-006   3.3528058806918287E-005
         769   49.002478935489066       -1.0633531182179789E-006   3.3354320382678997E-005
         770   48.765558914406554       -1.0732980124070429E-006   3.3202982723695136E-005
         771   48.655563412837353       -1.0837728809540867E-006   3.3031978559744591E-005
         772   48.689702300378158       -1.0809408862449441E-006   3.2913684978541405E-005
         773   48.618066737063302       -1.0515170806397698E-006   3.2731831927879154E-005
         774   48.413614697500492       -1.0348495728011763E-006   3.2563659425233148E-005
         775   48.309611487241241       -1.0661408087853883E-006   3.2397577888462210E-005
         776   48.298970946370176       -1.1215831267556650E-006   3.2233272682094042E-005
         777   48.230498292132005       -1.1543991357713711E-006   3.2064126631883937E-005
         778   48.038616780899147       -1.1576828758954521E-006   3.1918789888479631E-005
         779   47.937593325489772       -1.1371175778182741E-006   3.1770641482236453E-005
         780   47.980215265253456       -1.1025585357730947E-006   3.1661589467126946E-005
         781   47.930863724758098       -1.0684475124675313E-006   3.1492319574446525E-005
         782   47.739009879597155       -1.0574909731812792E-006   3.1348290464459402E-005
         783   47.623636888884228       -1.0712128100963829E-006   3.1173572725385957E-005
         784   47.654626745939197       -1.1019815120557778E-006   3.1037490282571731E-005
         785   47.621100721210695       -1.1291754598963870E-006   3.0869869823827696E-005
         786   47.449356393213151       -1.1556239388564899E-006   3.0794874434119660E-005
         787   47.335677447698423       -1.1677299334424205E-006   3.0603401727189978E-005
         788   47.349799560390302       -1.1812270820823549E-006   3.0501994491031654E-005
         789   47.295867345398293       -1.1936280263417349E-006   3.0325993402061151E-005
         790   47.116428573907498       -1.2025075692413631E-006   3.0204327390170181E-005
         791   46.981270079914502       -1.2023265532082403E-006   3.0003449659928711E-005
         792   46.993053438696428       -1.2025181422714621E-006   2.9905512954198397E-005
         793   46.930408516655497       -1.1936667635070842E-006   2.9723070008848155E-005
         794   46.762843131940038       -1.1905524552555271E-006   2.9602659580944785E-005
         795   46.622313778230343       -1.1882614638301160E-006   2.9431565416237634E-005
         796   46.637902220081827       -1.1955051720074443E-006   2.9290847210710873E-005
         797   46.580593660347866       -1.2000569080112108E-006   2.9167120189452812E-005
         798   46.447515246070864       -1.1986724132444732E-006   2.9052578056559012E-005
         799   46.340522263639372       -1.1907163117293861E-006   2.8928352435151787E-005
         800   46.380526352020844       -1.1873829142819382E-006   2.8788151469319600E-005
         801   46.356676863557077       -1.2066228030687457E-006   2.8692473064285992E-005
         802   46.199205715599454       -1.2595017204677789E-006   2.8549685297474791E-005
         803   46.056844373084580       -1.3192520667679448E-006   2.8416179518273738E-005
         804   46.054630743632814       -1.3681206920345960E-006   2.8259869736057302E-005
         805   46.001983151429947       -1.3713614103680903E-006   2.8132046548818305E-005
         806   45.861188065978389       -1.3393312751935401E-006   2.8016916204379167E-005
         807   45.733982986852894       -1.2898030197413905E-006   2.7916215132761488E-005
         808   45.742122798753911       -1.2577210699866250E-006   2.7801209697570449E-005
         809   45.721234050082501       -1.2464485069773361E-006   2.7672264840197142E-005
         810   45.604167599196629       -1.2571109564098027E-006   2.7568925868541616E-005
         811   45.484321554464827       -1.2670341979194049E-006   2.7467609073918477E-005
         812   45.496149445622308       -1.2743136507186083E-006   2.7370532504353065E-005
         813   45.461272671023849       -1.2723967475027260E-006   2.7267313184241753E-005
         814   45.350725300577970       -1.2649110235913783E-006   2.7140313713525692E-005
         815   45.228342680463271       -1.2599219462044195E-006   2.7051652116087237E-005
         816   45.235243433403902       -1.2683685854721862E-006   2.6941716691703429E-005
         817   45.182609617769387       -1.2894656949830626E-006   2.6811065317136782E-005
         818   45.074981527811005       -1.3225311843445030E-006   2.6696266367609264E-005
         819   44.974310461198314       -1.3524788834179463E-006   2.6550143562402036E-005
         820   44.972044621419840       -1.3627853264255915E-006   2.6472007243605147E-005
         821   44.925659453351699       -1.3549812546932352E-006   2.6342311845001969E-005
         822   44.801681424467880       -1.3301725555797840E-006   2.6249341908054914E-005
         823   44.683981468834482       -1.3005728995468181E-006   2.6117447379504378E-005
         824   44.692413806447405       -1.2748670257755105E-006   2.5996725749344349E-005
         825   44.663146190818935       -1.2613326409711922E-006   2.5881929237328403E-005
         826   44.558233812439767       -1.2588698991210350E-006   2.5760609461025352E-005
         827   44.453355577082718       -1.2689113792863254E-006   2.5657354936131889E-005
         828   44.448961788234264       -1.2855611821645756E-006   2.5534029129311576E-005
         829   44.409674407787520       -1.3084000120617196E-006   2.5423513935166838E-005
         830   44.303819752198429       -1.3313132152003867E-006   2.5299808146080694E-005
         831   44.200644712879289       -1.3536845293758992E-006   2.5196724046444840E-005
         832   44.187536998618377       -1.3716399311674788E-006   2.5058635777624757E-005
         833   44.162868367507144       -1.3789085096177745E-006   2.4932094712350943E-005
         834   44.053611874812013       -1.3708341907408737E-006   2.4828830951886431E-005
         835   43.968003621592352       -1.3509709057932788E-006   2.4735288438174257E-005
         836   43.964149351995303       -1.3330463819713685E-006   2.4654526903953169E-005
         837   43.956161183887673       -1.3261858646734478E-006   2.4538571098807443E-005
         838   43.874988883219054       -1.3330397840041406E-006   2.4449503679686822E-005
         839   43.772182934513914       -1.3454422469090900E-006   2.4315138521947822E-005
         840   43.748963083348393       -1.3451757805868946E-006   2.4205127102343478E-005
         841   43.709274220671219       -1.3415199246024643E-006   2.4094479095973018E-005
         842   43.623642683331205       -1.3290695196906755E-006   2.3999000646339907E-005
         843   43.540171819785627       -1.3211443926153134E-006   2.3882428774784944E-005
         844   43.511910894957367       -1.3165632686231297E-006   2.3791020670533027E-005
         845   43.479220644404279       -1.3266107562702190E-006   2.3672686907779253E-005
         846   43.386179196397741       -1.3308880729607333E-006   2.3531914558883718E-005
         847   43.284167439206449       -1.3243420120635168E-006   2.3402972759108833E-005
         848   43.267693627542926       -1.3082869320462080E-006   2.3301802153093568E-005
         849   43.263733324752224       -1.2784239330241371E-006   2.3205552943017500E-005
         850   43.179188588869444       -1.2489597652631927E-006   2.3140179592480795E-005
         851   43.093090415565534       -1.2340568524474910E-006   2.3002327555933526E-005
         852   43.074678682264640       -1.2262606953489033E-006   2.2934882078305811E-005
         853   43.057692700048818       -1.2210209976565946E-006   2.2813421043192363E-005
         854   42.983754324184709       -1.2166147446819873E-006   2.2739457212444517E-005
         855   42.891714746917238       -1.2073032022176615E-006   2.2631045510957915E-005
         856   42.865285288378537       -1.2110265862284329E-006   2.2534310523161253E-005
         857   42.863570244210216       -1.2405877248005494E-006   2.2441138611920089E-005
         858   42.792295454672335       -1.2888282044824249E-006   2.2372835765765594E-005
         859   42.696622364026631       -1.3402995054463437E-006   2.2294284872711399E-005
         860   42.671702090106557       -1.3675041348217554E-006   2.2187492327284917E-005
         861   42.673576613996232       -1.3611354227615798E-006   2.2066409905116433E-005
         862   42.595482765575653       -1.3371741597218356E-006   2.1945175831313740E-005
         863   42.490030034434866       -1.3088887958330471E-006   2.1834783183223160E-005
         864   42.447757703902994       -1.2894518966583270E-006   2.1719152457835683E-005
         865   42.444998843655561       -1.2809978517307855E-006   2.1618799242861444E-005
         866   42.377231964402739       -1.2706496594756696E-006   2.1518728360361370E-005
         867   42.285870386946939       -1.2557242935746628E-006   2.1427145243922419E-005
         868   42.262494959734447       -1.2438571070271720E-006   2.1342608158896218E-005
         869   42.267920902930335       -1.2375592000722390E-006   2.1248416112026374E-005
         870   42.212048602543589       -1.2559584294865126E-006   2.1175821300002829E-005
         871   42.126721086672099       -1.2909995707702591E-006   2.1093944794172967E-005
         872   42.087724341349180       -1.3340359099270466E-006   2.1014682270194970E-005
         873   42.066500543810442       -1.3602227417772456E-006   2.0907225543272628E-005
         874   42.009162967582682       -1.3584832920533776E-006   2.0845077377705407E-005
         875   41.930472036794058       -1.3307262323033620E-006   2.0744493356190160E-005
         876   41.899159875414597       -1.2973129522123313E-006   2.0654385738051566E-005
         877   41.887623454796220       -1.2770919522830099E-006   2.0552545558809001E-005
         878   41.828723844669000       -1.2776788240680700E-006   2.0464214159435038E-005
         879   41.753597829808903       -1.2841070199713963E-006   2.0406419054988983E-005
         880   41.717343167219468       -1.2853303646048771E-006   2.0318557444220505E-005
         881   41.702563277981355       -1.2726016336183442E-006   2.0232327347891481E-005
         882   41.657963543856532       -1.2567033515980446E-006   2.0143491066149350E-005
         883   41.573833668901123       -1.2483547693418381E-006   2.0068126148518709E-005
         884   41.549265083334816       -1.2520130634972438E-006   1.9998539139632760E-005
         885   41.546721198440245       -1.2607579589529074E-006   1.9904083201801895E-005
         886   41.494121399329920       -1.2695946799618588E-006   1.9836551648660987E-005
         887   41.426118817298978       -1.2692927392793886E-006   1.9737977187137300E-005
         888   41.402116637306399       -1.2660228742797932E-006   1.9660213751098688E-005
         889   41.395320598338110       -1.2698533631137489E-006   1.9594454107864656E-005
         890   41.351549390176686       -1.2805151539667594E-006   1.9499358397121619E-005
         891   41.284944609316057       -1.3085397722930523E-006   1.9431932499017972E-005
         892   41.244339900084576       -1.3327070440781590E-006   1.9332082130744538E-005
         893   41.237408739737162       -1.3368830496994308E-006   1.9255163125554827E-005
         894   41.182740641909405       -1.3210579203005016E-006   1.9151273397596771E-005
         895   41.102384348101204       -1.2815095810453178E-006   1.9063376982112973E-005
         896   41.054930217397462       -1.2506790778894557E-006   1.8985796493510909E-005
         897   41.041773458984984       -1.2369454475605712E-006   1.8904399849331522E-005
         898   40.995512117854197       -1.2390097859164066E-006   1.8858836902022389E-005
         899   40.920251040617870       -1.2456918338341292E-006   1.8772765884840058E-005
         900   40.874028972418394       -1.2454291189793428E-006   1.8706987455790994E-005
         901   40.859495715318580       -1.2404386761053575E-006   1.8607938188794119E-005
         902   40.811667711335623       -1.2413754605115520E-006   1.8533786290167728E-005
         903   40.745554851755749       -1.2541778343195072E-006   1.8453045011458242E-005
         904   40.714756129052041       -1.2722506423658731E-006   1.8384367197063075E-005
         905   40.699661650296328       -1.2867149645118224E-006   1.8304552586082001E-005
         906   40.661424557263658       -1.2858100522495974E-006   1.8253167449775355E-005
         907   40.603428377199819       -1.2760481890266434E-006   1.8177522452002239E-005
         908   40.558754502548638       -1.2618478093989767E-006   1.8102340549850327E-005
         909   40.556544379871681       -1.2545513468547464E-006   1.8018418866184816E-005
         910   40.521764424922651       -1.2441453165985699E-006   1.7951411327824081E-005
         911   40.468156208607638       -1.2307433481338838E-006   1.7887618954641721E-005
         912   40.430332793463727       -1.2088938726203824E-006   1.7801502216171293E-005
         913   40.422637932368936       -1.1918192533130056E-006   1.7739468830002626E-005
         914   40.388571573657053       -1.1889583392928146E-006   1.7670412441183594E-005
         915   40.330791008240112       -1.2006364698909309E-006   1.7613854220477806E-005
         916   40.280959219612349       -1.2246906552758068E-006   1.7554451900902324E-005
         917   40.273352979409552       -1.2480545132014799E-006   1.7485928998056806E-005
         918   40.232302669106033       -1.2691101766733280E-006   1.7408291963281087E-005
         919   40.184056058794120       -1.2798523607268680E-006   1.7332108843772438E-005
         920   40.132259688702931       -1.2838828422468331E-006   1.7256568145919564E-005
         921   40.122075217295361       -1.2822829937502065E-006   1.7188202739425680E-005
         922   40.085561980628100       -1.2790167122964522E-006   1.7113788777772048E-005
         923   40.032681414456569       -1.2769779113314248E-006   1.7040932250885130E-005
         924   39.995871113013919       -1.2706251041399770E-006   1.6976098498874070E-005
         925   39.995817891952889       -1.2610782411306250E-006   1.6920248648937940E-005
         926   39.968483909615927       -1.2498768406164303E-006   1.6865312672408037E-005
         927   39.932239386376715       -1.2396723807637418E-006   1.6797932220783866E-005
         928   39.899134715262107       -1.2324971266344357E-006   1.6720285952111889E-005
         929   39.883232476987374       -1.2250081639319946E-006   1.6651425765524488E-005
         930   39.865329062656592       -1.2166936140800993E-006   1.6602389546400431E-005
         931   39.829231416949384       -1.2092064456210157E-006   1.6546865458179860E-005
         932   39.791308337844093       -1.2069811105049582E-006   1.6469966629061300E-005
         933   39.777320670754662       -1.2078703508504788E-006   1.6405750692882141E-005
         934   39.749467082764454       -1.2137251621759041E-006   1.6326998464905488E-005
         935   39.704881272114967       -1.2177620656480708E-006   1.6261914457941149E-005
         936   39.667702893856543       -1.2215911920369621E-006   1.6189005036881425E-005
         937   39.650894646885462       -1.2198429630166783E-006   1.6121399834984532E-005
         938   39.626968372617888       -1.2171579439796757E-006   1.6060035294147991E-005
         939   39.579457594556452       -1.2098744354807200E-006   1.5995021164779908E-005
         940   39.546892153845675       -1.2063222666788460E-006   1.5932051996732789E-005
         941   39.543188870357682       -1.2043600933998085E-006   1.5886528197796103E-005
         942   39.521473989532119       -1.2031062246647676E-006   1.5826218595808417E-005
         943   39.474743186511233       -1.1996906797263531E-006   1.5763798868884687E-005
         944   39.440037810552894       -1.1906748089532771E-006   1.5702168024974708E-005
         945   39.429806824663466       -1.1810703571096810E-006   1.5630566801006189E-005
         946   39.403084931885346       -1.1740051885009917E-006   1.5582466996945692E-005
         947   39.356847272146823       -1.1689529372678987E-006   1.5522055243711632E-005
         948   39.328391837657371       -1.1588581587274722E-006   1.5458539730625424E-005
         949   39.326277152300108       -1.1418375135351118E-006   1.5413113518600108E-005
         950   39.299611021391271       -1.1227150522278868E-006   1.5340927115554465E-005
         951   39.256091750418570       -1.1131473459938732E-006   1.5287318934371481E-005
         952   39.212200525557598       -1.1176926852728276E-006   1.5246301187370899E-005
         953   39.201132408509970       -1.1284312060957052E-006   1.5187989082805920E-005
         954   39.171290191504347       -1.1355408312384086E-006   1.5126761966563325E-005
         955   39.135181897506818       -1.1310368551084109E-006   1.5055302659928973E-005
         956   39.092652804641190       -1.1236690158143850E-006   1.5006205605296970E-005
         957   39.084845418279642       -1.1190877011766815E-006   1.4947298848076566E-005
         958   39.070803239566523       -1.1213577643711909E-006   1.4912469360346544E-005
         959   39.033974779032683       -1.1273238453698576E-006   1.4854715223894667E-005
         960   38.999652141677799       -1.1277285101985597E-006   1.4801302544387349E-005
         961   38.972483872441600       -1.1226941907831035E-006   1.4741265830417097E-005
         962   38.954261031619090       -1.1140291597643111E-006   1.4683278500957628E-005
         963   38.916455752682715       -1.1090793829683421E-006   1.4630467117341217E-005
         964   38.884400998205301       -1.1122930193109235E-006   1.4573466923872748E-005
         965   38.870607686855251       -1.1197783457570856E-006   1.4529893618872557E-005
         966   38.858821594411985       -1.1247684396808245E-006   1.4475738500013135E-005
         967   38.814875131940894       -1.1229733082126707E-006   1.4429122944655582E-005
         968   38.778875874572876       -1.1091873947136008E-006   1.4387310188144540E-005
         969   38.758461966495759       -1.0926675645463043E-006   1.4338238290307237E-005
         970   38.738857969486403       -1.0787185410730606E-006   1.4283373858660760E-005
         971   38.705113186297304       -1.0722348389233769E-006   1.4236617028185906E-005
         972   38.679416860650853       -1.0760938787219302E-006   1.4182620693086690E-005
         973   38.673550115737555       -1.0791736476591615E-006   1.4137628887739807E-005
         974   38.654513225490689       -1.0794772451470366E-006   1.4081600255976546E-005
         975   38.624128404309133       -1.0700652815550237E-006   1.4030832539339061E-005
         976   38.596704896612813       -1.0598489558947067E-006   1.3980059093780963E-005
         977   38.590184220795749       -1.0479827369236045E-006   1.3932900434266890E-005
         978   38.576982868230438       -1.0407672022935544E-006   1.3888745204171391E-005
         979   38.546553190776073       -1.0317254098875677E-006   1.3841996925811605E-005
         980   38.515751056115292       -1.0213216719273973E-006   1.3794652899188512E-005
         981   38.502144494885073       -1.0108030219099575E-006   1.3747519595290588E-005
         982   38.481661406562552       -1.0050716664121830E-006   1.3695810204930776E-005
         983   38.455789078323505       -1.0023575791498455E-006   1.3649847024848670E-005
         984   38.427237752874490       -1.0044860557649114E-006   1.3596009181575820E-005
         985   38.410345243394488       -1.0042886980866040E-006   1.3548044485825718E-005
         986   38.387860503570913       -1.0052939500992562E-006   1.3502057547739717E-005
         987   38.354989731952713       -1.0040868637449635E-006   1.3456456545050384E-005
         988   38.324751258505671       -1.0026472031757671E-006   1.3419035957885701E-005
         989   38.306483407445882       -9.9609502953442162E-007   1.3359700456159065E-005
         990   38.285376424492526       -9.9008897596720530E-007   1.3317683903302694E-005
         991   38.254391772893499       -9.8222183923613650E-007   1.3258883072662528E-005
         992   38.222609463006158       -9.8236457547113036E-007   1.3225396404612709E-005
         993   38.203214822395815       -9.8664892428510983E-007   1.3171376458820229E-005
         994   38.184637993674592       -9.9572468918451886E-007   1.3120629595798025E-005
         995   38.155305367137998       -1.0015927310052030E-006   1.3070189349409426E-005
         996   38.128227607950080       -9.9891021224999422E-007   1.3029641394661971E-005
         997   38.107472669929479       -9.8578590193909372E-007   1.2984469114822202E-005
         998   38.089026617378970       -9.6636021500312763E-007   1.2936490122288417E-005
         999   38.056576886945486       -9.5193280275953987E-007   1.2882626479806767E-005
        1000   38.036909112748170       -9.4649898775714527E-007   1.2837688433984913E-005
