 # X Y F 
   0.00000000       0.00000000       1.0396260395911221E-007
   3.22580636E-02   0.00000000       1.3017312289870614E-007
   6.45161271E-02   0.00000000       1.4225701243608519E-006
   9.67741907E-02   0.00000000       3.7020680810853588E-007
  0.129032254       0.00000000       3.0414008248244348E-006
  0.161290318       0.00000000       3.2011184391652208E-006
  0.193548381       0.00000000       5.0400472923523531E-006
  0.225806445       0.00000000       5.9536293705674829E-006
  0.258064508       0.00000000       4.5564444278775969E-006
  0.290322572       0.00000000       2.8248645175601299E-006
  0.322580636       0.00000000       1.7753930611552104E-006
  0.354838699       0.00000000       2.7650832932422447E-007
  0.387096763       0.00000000      -5.3971645982472653E-008
  0.419354826       0.00000000       8.7333442874106338E-008
  0.451612890       0.00000000      -8.9358830369464725E-008
  0.483870953       0.00000000       8.9452605574548176E-008
  0.516129017       0.00000000      -9.6566669821535691E-008
  0.548387110       0.00000000       8.5347968837564291E-008
  0.580645144       0.00000000      -8.9051651289064565E-008
  0.612903237       0.00000000       7.8238769592983652E-008
  0.645161271       0.00000000      -8.1873466780445296E-008
  0.677419364       0.00000000       8.2176902311388671E-008
  0.709677398       0.00000000      -8.0243522844691722E-008
  0.741935492       0.00000000       8.2025723706059769E-008
  0.774193525       0.00000000      -7.8723719489205835E-008
  0.806451619       0.00000000       8.2148214496050774E-008
  0.838709652       0.00000000      -8.7516975770433684E-008
  0.870967746       0.00000000       9.2565655620217193E-008
  0.903225780       0.00000000      -8.4747151597379862E-008
  0.935483873       0.00000000       7.5117668211450352E-008
  0.967741907       0.00000000      -5.9590254600619715E-008
   1.00000000       0.00000000       2.3496043884308387E-008
   0.00000000       3.22580636E-02  -2.3495429430352823E-007
   3.22580636E-02   3.22580636E-02   1.9196583628888302E-006
   6.45161271E-02   3.22580636E-02  -4.1765231348998491E-007
   9.67741907E-02   3.22580636E-02   6.7274597094270340E-006
  0.129032254       3.22580636E-02   2.0633412987299693E-005
  0.161290318       3.22580636E-02   3.2088487513003784E-005
  0.193548381       3.22580636E-02   6.0888686073831858E-005
  0.225806445       3.22580636E-02   7.1717809829412857E-005
  0.258064508       3.22580636E-02   5.3104451331256106E-005
  0.290322572       3.22580636E-02   2.4439758987558916E-005
  0.322580636       3.22580636E-02   9.9639639220009927E-006
  0.354838699       3.22580636E-02   2.5049502711565188E-006
  0.387096763       3.22580636E-02   3.0434601283259065E-007
  0.419354826       3.22580636E-02   9.7677557626159793E-008
  0.451612890       3.22580636E-02   6.9147745009021768E-010
  0.483870953       3.22580636E-02  -1.6541066688623010E-009
  0.516129017       3.22580636E-02  -9.2493980815913156E-009
  0.548387110       3.22580636E-02   1.4646166980684601E-008
  0.580645144       3.22580636E-02  -3.3214450361457761E-009
  0.612903237       3.22580636E-02   1.2472947163779407E-008
  0.645161271       3.22580636E-02  -1.7262983852645952E-008
  0.677419364       3.22580636E-02   2.7064613038583827E-008
  0.709677398       3.22580636E-02  -2.2531158727898980E-008
  0.741935492       3.22580636E-02   1.1855232795085481E-008
  0.774193525       3.22580636E-02  -2.4135940017329549E-008
  0.806451619       3.22580636E-02   3.0442209139109981E-008
  0.838709652       3.22580636E-02  -3.0933396171209337E-008
  0.870967746       3.22580636E-02   3.3074759210771651E-008
  0.903225780       3.22580636E-02  -3.7351468224702070E-008
  0.935483873       3.22580636E-02   2.5526733889963103E-008
  0.967741907       3.22580636E-02   1.0314737189169629E-008
   1.00000000       3.22580636E-02  -1.2561952644266107E-008
   0.00000000       6.45161271E-02   1.0873077730502831E-006
   3.22580636E-02   6.45161271E-02   4.8028283842507373E-007
   6.45161271E-02   6.45161271E-02   6.3809674257535284E-006
   9.67741907E-02   6.45161271E-02   4.6884863160970474E-005
  0.129032254       6.45161271E-02   1.7848452569466393E-004
  0.161290318       6.45161271E-02   2.9839325177272229E-004
  0.193548381       6.45161271E-02   5.0367452774639537E-004
  0.225806445       6.45161271E-02   5.9699667223019396E-004
  0.258064508       6.45161271E-02   4.3786277232784980E-004
  0.290322572       6.45161271E-02   2.1453074440606963E-004
  0.322580636       6.45161271E-02   7.2849158525167229E-005
  0.354838699       6.45161271E-02   1.9342234270179020E-005
  0.387096763       6.45161271E-02   2.0898818640697540E-006
  0.419354826       6.45161271E-02   1.7342408055798942E-007
  0.451612890       6.45161271E-02  -5.5896321887745082E-008
  0.483870953       6.45161271E-02   9.4976092771377942E-008
  0.516129017       6.45161271E-02  -4.5253295622049780E-008
  0.548387110       6.45161271E-02   2.0336649823965315E-008
  0.580645144       6.45161271E-02  -2.2203630034869067E-008
  0.612903237       6.45161271E-02  -4.8376022995075709E-009
  0.645161271       6.45161271E-02   1.5455160206857823E-008
  0.677419364       6.45161271E-02  -4.0634588175074425E-008
  0.709677398       6.45161271E-02   5.1233522394679714E-008
  0.741935492       6.45161271E-02  -4.6181384543455034E-008
  0.774193525       6.45161271E-02   4.8273207058751861E-008
  0.806451619       6.45161271E-02  -3.7714888288113183E-008
  0.838709652       6.45161271E-02   2.7962968723504673E-008
  0.870967746       6.45161271E-02  -2.5780036527522549E-008
  0.903225780       6.45161271E-02   3.8975822999217498E-008
  0.935483873       6.45161271E-02  -2.5241987108202250E-008
  0.967741907       6.45161271E-02  -2.1522983713135671E-008
   1.00000000       6.45161271E-02   3.1448172281208242E-008
   0.00000000       9.67741907E-02   3.8191753577672019E-007
   3.22580636E-02   9.67741907E-02   5.9293827577837108E-006
   6.45161271E-02   9.67741907E-02   4.3491619794655405E-005
   9.67741907E-02   9.67741907E-02   2.6364228661160106E-004
  0.129032254       9.67741907E-02   1.0102052613251600E-003
  0.161290318       9.67741907E-02   1.8511897706835528E-003
  0.193548381       9.67741907E-02   2.8245688592225520E-003
  0.225806445       9.67741907E-02   3.3041768544976500E-003
  0.258064508       9.67741907E-02   2.4518748167184586E-003
  0.290322572       9.67741907E-02   1.2145320918266833E-003
  0.322580636       9.67741907E-02   4.1190745412899389E-004
  0.354838699       9.67741907E-02   9.5500596822501160E-005
  0.387096763       9.67741907E-02   1.3992275194707406E-005
  0.419354826       9.67741907E-02   1.3774071793171609E-006
  0.451612890       9.67741907E-02   4.4264114151261994E-008
  0.483870953       9.67741907E-02  -3.7578541244083043E-008
  0.516129017       9.67741907E-02   4.0583379763327793E-008
  0.548387110       9.67741907E-02  -3.1861692867105159E-008
  0.580645144       9.67741907E-02   6.0890848791203990E-008
  0.612903237       9.67741907E-02  -4.0328551466738317E-008
  0.645161271       9.67741907E-02   3.9503825657065362E-008
  0.677419364       9.67741907E-02  -3.0316185716217431E-008
  0.709677398       9.67741907E-02   3.4786534525355420E-008
  0.741935492       9.67741907E-02  -4.0305724762435897E-008
  0.774193525       9.67741907E-02   3.5187172422707231E-008
  0.806451619       9.67741907E-02  -3.4208718241814448E-008
  0.838709652       9.67741907E-02   3.9315829392880034E-008
  0.870967746       9.67741907E-02  -4.0616816267215502E-008
  0.903225780       9.67741907E-02   2.6769378599141484E-008
  0.935483873       9.67741907E-02  -3.4486580407649338E-008
  0.967741907       9.67741907E-02   7.5310419838359319E-008
   1.00000000       9.67741907E-02  -6.2921655747246833E-008
   0.00000000      0.129032254       2.8385570534052424E-006
   3.22580636E-02  0.129032254       2.6272799697450362E-005
   6.45161271E-02  0.129032254       1.8584220079904292E-004
   9.67741907E-02  0.129032254       1.0056170907057243E-003
  0.129032254      0.129032254       3.8646082549871289E-003
  0.161290318      0.129032254       7.6615159410534112E-003
  0.193548381      0.129032254       1.0757521452533822E-002
  0.225806445      0.129032254       1.2420084052750923E-002
  0.258064508      0.129032254       9.3514614367213294E-003
  0.290322572      0.129032254       4.6443736982337280E-003
  0.322580636      0.129032254       1.5414766163711691E-003
  0.354838699      0.129032254       3.4188580511207423E-004
  0.387096763      0.129032254       5.2948399061806307E-005
  0.419354826      0.129032254       3.6431487759472288E-006
  0.451612890      0.129032254       4.2648020656829817E-007
  0.483870953      0.129032254      -2.4644640185971355E-008
  0.516129017      0.129032254       7.5144006259787847E-008
  0.548387110      0.129032254      -4.7021751333995599E-008
  0.580645144      0.129032254       1.3633272906817243E-008
  0.612903237      0.129032254      -2.4996484269665482E-008
  0.645161271      0.129032254       3.0971820239414805E-008
  0.677419364      0.129032254      -3.4239618601386634E-008
  0.709677398      0.129032254       2.5545072585717649E-008
  0.741935492      0.129032254      -1.4942944322400260E-008
  0.774193525      0.129032254       2.3501159594707137E-008
  0.806451619      0.129032254      -2.6278618552814601E-008
  0.838709652      0.129032254       2.7187727966195154E-008
  0.870967746      0.129032254      -1.7931914405756082E-008
  0.903225780      0.129032254       3.7737682729370206E-008
  0.935483873      0.129032254      -2.1647972244617183E-008
  0.967741907      0.129032254      -5.4688344216525342E-008
   1.00000000      0.129032254       7.0061131912194206E-008
   0.00000000      0.161290318       5.9842174965004823E-006
   3.22580636E-02  0.161290318       6.7981917263289980E-005
   6.45161271E-02  0.161290318       5.0383973445912173E-004
   9.67741907E-02  0.161290318       2.6093214329736022E-003
  0.129032254      0.161290318       9.9184354611804616E-003
  0.161290318      0.161290318       2.0470753995512504E-002
  0.193548381      0.161290318       2.7532708199484248E-002
  0.225806445      0.161290318       3.1328032980013409E-002
  0.258064508      0.161290318       2.3824577987534675E-002
  0.290322572      0.161290318       1.1842273452931906E-002
  0.322580636      0.161290318       3.9072401446238912E-003
  0.354838699      0.161290318       8.6240991508052770E-004
  0.387096763      0.161290318       1.2613264140236687E-004
  0.419354826      0.161290318       1.1702884970205379E-005
  0.451612890      0.161290318       2.9971719520782517E-007
  0.483870953      0.161290318       6.9300761009034466E-008
  0.516129017      0.161290318      -2.4864272542054229E-008
  0.548387110      0.161290318       3.6753491321832775E-008
  0.580645144      0.161290318       1.6763563260609611E-008
  0.612903237      0.161290318       9.3512240955448077E-009
  0.645161271      0.161290318      -9.2450405939493295E-010
  0.677419364      0.161290318       1.2384889929255277E-009
  0.709677398      0.161290318      -6.0195532896064770E-010
  0.741935492      0.161290318       1.0006749646551528E-010
  0.774193525      0.161290318      -1.4587716623691709E-008
  0.806451619      0.161290318       1.1480952821016984E-008
  0.838709652      0.161290318       4.9636667165952559E-010
  0.870967746      0.161290318       1.3348622881929157E-009
  0.903225780      0.161290318      -2.5719755377948473E-008
  0.935483873      0.161290318       1.2855384989120977E-008
  0.967741907      0.161290318       8.5304795126508982E-008
   1.00000000      0.161290318      -8.6322922479758277E-008
   0.00000000      0.193548381       9.8637638349492539E-006
   3.22580636E-02  0.193548381       1.1791504594938889E-004
   6.45161271E-02  0.193548381       8.7173409303554583E-004
   9.67741907E-02  0.193548381       4.4948272646337661E-003
  0.129032254      0.193548381       1.6840157952236926E-002
  0.161290318      0.193548381       3.5247117513014598E-002
  0.193548381      0.193548381       4.6912148688658534E-002
  0.225806445      0.193548381       5.2707932956752052E-002
  0.258064508      0.193548381       4.0274155861799596E-002
  0.290322572      0.193548381       2.0129645571985721E-002
  0.322580636      0.193548381       6.6615342033241086E-003
  0.354838699      0.193548381       1.4685482953536275E-003
  0.387096763      0.193548381       2.1548038990633705E-004
  0.419354826      0.193548381       2.1252098686895274E-005
  0.451612890      0.193548381       1.3378210632812090E-006
  0.483870953      0.193548381       2.3464225384918075E-008
  0.516129017      0.193548381      -1.5429778601871957E-009
  0.548387110      0.193548381       2.3258555581318146E-008
  0.580645144      0.193548381      -3.6193676103695543E-008
  0.612903237      0.193548381       1.0508859479987336E-008
  0.645161271      0.193548381      -2.7520468827753469E-009
  0.677419364      0.193548381       8.1760703215095571E-009
  0.709677398      0.193548381       5.3645159877617970E-010
  0.741935492      0.193548381       1.7545105400123713E-008
  0.774193525      0.193548381      -2.2797696529737893E-009
  0.806451619      0.193548381       2.5242038411675094E-009
  0.838709652      0.193548381      -1.9473901026611106E-008
  0.870967746      0.193548381       1.7280038346128555E-008
  0.903225780      0.193548381       1.9433714218618435E-008
  0.935483873      0.193548381      -1.8814239012308083E-008
  0.967741907      0.193548381      -9.4163890571812904E-008
   1.00000000      0.193548381       9.8699903035476568E-008
   0.00000000      0.225806445       1.0724782796305008E-005
   3.22580636E-02  0.225806445       1.3088908899284830E-004
   6.45161271E-02  0.225806445       9.7982115537718949E-004
   9.67741907E-02  0.225806445       5.0511115393803447E-003
  0.129032254      0.225806445       1.8864041353869650E-002
  0.161290318      0.225806445       3.9819703894217767E-002
  0.193548381      0.225806445       5.2620539373996265E-002
  0.225806445      0.225806445       5.8965513458325181E-002
  0.258064508      0.225806445       4.5347275877121361E-002
  0.290322572      0.225806445       2.2749595302733856E-002
  0.322580636      0.225806445       7.5082299404249176E-003
  0.354838699      0.225806445       1.6498338599741367E-003
  0.387096763      0.225806445       2.4525876397852252E-004
  0.419354826      0.225806445       2.5659082764741207E-005
  0.451612890      0.225806445       1.5331237875691585E-006
  0.483870953      0.225806445       1.0416224994321781E-007
  0.516129017      0.225806445       5.3228482799915323E-008
  0.548387110      0.225806445      -1.4057028903893728E-008
  0.580645144      0.225806445       4.3990899090844056E-008
  0.612903237      0.225806445      -5.9548678825710657E-009
  0.645161271      0.225806445       1.7305640354212765E-008
  0.677419364      0.225806445      -1.1638966643845777E-008
  0.709677398      0.225806445      -6.0031358595694314E-010
  0.741935492      0.225806445      -1.4048703157547764E-008
  0.774193525      0.225806445      -1.8175615719672712E-010
  0.806451619      0.225806445       7.7876127847275003E-009
  0.838709652      0.225806445       1.6462797599843932E-008
  0.870967746      0.225806445      -3.2223731201898104E-009
  0.903225780      0.225806445      -3.1747584508642822E-008
  0.935483873      0.225806445       2.4397177426919885E-008
  0.967741907      0.225806445       1.1398395566751165E-007
   1.00000000      0.225806445      -1.1772533625685936E-007
   0.00000000      0.258064508       8.2270580625535150E-006
   3.22580636E-02  0.258064508       9.8702958657396892E-005
   6.45161271E-02  0.258064508       7.2828069027816252E-004
   9.67741907E-02  0.258064508       3.6947961547099941E-003
  0.129032254      0.258064508       1.4032323768193185E-002
  0.161290318      0.258064508       2.9883850994715005E-002
  0.193548381      0.258064508       3.8223633896021451E-002
  0.225806445      0.258064508       4.3833361736059749E-002
  0.258064508      0.258064508       3.3990934201619805E-002
  0.290322572      0.258064508       1.6944984897405820E-002
  0.322580636      0.258064508       5.5267198879283101E-003
  0.354838699      0.258064508       1.2072467664559479E-003
  0.387096763      0.258064508       1.8056107700128920E-004
  0.419354826      0.258064508       1.8664458158608020E-005
  0.451612890      0.258064508       2.1359072894960867E-006
  0.483870953      0.258064508       6.2860043580125565E-008
  0.516129017      0.258064508       5.6341061328955109E-008
  0.548387110      0.258064508      -2.7610552855675933E-008
  0.580645144      0.258064508       1.1347671853274898E-008
  0.612903237      0.258064508      -8.1017015711270766E-009
  0.645161271      0.258064508       4.5270054156508882E-009
  0.677419364      0.258064508       5.3036164150332334E-009
  0.709677398      0.258064508       6.1000477173738174E-009
  0.741935492      0.258064508       1.5089755804271984E-008
  0.774193525      0.258064508       4.4973402395228083E-010
  0.806451619      0.258064508       1.2421258724056066E-009
  0.838709652      0.258064508      -1.9322081429780870E-008
  0.870967746      0.258064508       1.1741699902458474E-008
  0.903225780      0.258064508       2.0429485170068396E-008
  0.935483873      0.258064508      -7.8210798067846495E-009
  0.967741907      0.258064508      -1.3546814542189396E-007
   1.00000000      0.258064508       1.3674857455625953E-007
   0.00000000      0.290322572       3.9861322444998201E-006
   3.22580636E-02  0.290322572       4.9094974293964599E-005
   6.45161271E-02  0.290322572       3.6161661461774948E-004
   9.67741907E-02  0.290322572       1.7690953774378111E-003
  0.129032254      0.290322572       7.0448912208545987E-003
  0.161290318      0.290322572       1.4795248297832009E-002
  0.193548381      0.290322572       1.8082043150620175E-002
  0.225806445      0.290322572       2.1847960909037522E-002
  0.258064508      0.290322572       1.6914707674337229E-002
  0.290322572      0.290322572       8.3094945710730315E-003
  0.322580636      0.290322572       2.6721943372945947E-003
  0.354838699      0.290322572       5.7973112129435064E-004
  0.387096763      0.290322572       8.6537606913596069E-005
  0.419354826      0.290322572       9.4883204495542003E-006
  0.451612890      0.290322572       3.3687878393011678E-007
  0.483870953      0.290322572      -7.4633948172632764E-009
  0.516129017      0.290322572       8.3578880250128245E-008
  0.548387110      0.290322572      -5.5501392793890095E-008
  0.580645144      0.290322572       5.3567315100079527E-008
  0.612903237      0.290322572      -1.8304650633669340E-008
  0.645161271      0.290322572       1.7950419462512821E-008
  0.677419364      0.290322572      -8.7907457350723562E-009
  0.709677398      0.290322572       3.5801979693968261E-009
  0.741935492      0.290322572      -1.1957958719460169E-008
  0.774193525      0.290322572      -4.6626617632297603E-009
  0.806451619      0.290322572       6.9748418151393421E-009
  0.838709652      0.290322572       8.4848978189799140E-009
  0.870967746      0.290322572       2.6637624594096165E-009
  0.903225780      0.290322572      -2.8388519182451951E-008
  0.935483873      0.290322572       2.1206606493671858E-008
  0.967741907      0.290322572       1.4047916700202215E-007
   1.00000000      0.290322572      -1.3773927179667985E-007
   0.00000000      0.322580636       1.8766092209738111E-006
   3.22580636E-02  0.322580636       1.6707753426130926E-005
   6.45161271E-02  0.322580636       1.1621382097697464E-004
   9.67741907E-02  0.322580636       5.6697430136062909E-004
  0.129032254      0.322580636       2.4211749873056620E-003
  0.161290318      0.322580636       4.7396619489689217E-003
  0.193548381      0.322580636       5.7421841220080781E-003
  0.225806445      0.322580636       7.3050460862753774E-003
  0.258064508      0.322580636       5.6201171493202471E-003
  0.290322572      0.322580636       2.7124291562780779E-003
  0.322580636      0.322580636       8.6239677152055000E-004
  0.354838699      0.322580636       1.8318290072330055E-004
  0.387096763      0.322580636       2.6653133863435856E-005
  0.419354826      0.322580636       3.9948798666759349E-006
  0.451612890      0.322580636       2.3840550792272538E-007
  0.483870953      0.322580636      -8.3496145805633767E-008
  0.516129017      0.322580636       6.2736302812304792E-008
  0.548387110      0.322580636      -2.9131906333343443E-008
  0.580645144      0.322580636       2.4052805297456968E-008
  0.612903237      0.322580636      -9.7902287108935720E-009
  0.645161271      0.322580636       7.6309560735551829E-009
  0.677419364      0.322580636       1.1341395585299461E-008
  0.709677398      0.322580636       7.1470943542049879E-010
  0.741935492      0.322580636       8.2912886816330821E-009
  0.774193525      0.322580636       5.4100265971145264E-009
  0.806451619      0.322580636      -3.7214390785352500E-009
  0.838709652      0.322580636      -8.9636616619082531E-009
  0.870967746      0.322580636       3.5146979908830482E-009
  0.903225780      0.322580636       2.9729694723446450E-008
  0.935483873      0.322580636      -2.6097479825033784E-008
  0.967741907      0.322580636      -1.5228248625959125E-007
   1.00000000      0.322580636       1.3848438439510477E-007
   0.00000000      0.354838699       3.5353672435209921E-007
   3.22580636E-02  0.354838699       3.8991461117702441E-006
   6.45161271E-02  0.354838699       2.3845087866038257E-005
   9.67741907E-02  0.354838699       1.2565361434812929E-004
  0.129032254      0.354838699       5.6665975466593202E-004
  0.161290318      0.354838699       9.7132646426360510E-004
  0.193548381      0.354838699       1.2500983750577536E-003
  0.225806445      0.354838699       1.6394829362933673E-003
  0.258064508      0.354838699       1.2592370254212930E-003
  0.290322572      0.354838699       5.9397751383935288E-004
  0.322580636      0.354838699       1.8363946293792710E-004
  0.354838699      0.354838699       3.8069734198534696E-005
  0.387096763      0.354838699       7.8328738309663758E-006
  0.419354826      0.354838699       1.1489089071413746E-006
  0.451612890      0.354838699      -7.5931673166672261E-008
  0.483870953      0.354838699       8.4249233985525313E-009
  0.516129017      0.354838699      -2.1306206187123357E-010
  0.548387110      0.354838699       1.5202344575118133E-008
  0.580645144      0.354838699      -1.9090745965894977E-008
  0.612903237      0.354838699       3.3963557538662953E-008
  0.645161271      0.354838699      -2.8656525129715096E-008
  0.677419364      0.354838699       1.9065332070923037E-008
  0.709677398      0.354838699      -2.6278439982544004E-008
  0.741935492      0.354838699       2.2755406362555487E-008
  0.774193525      0.354838699      -2.4947908002896244E-008
  0.806451619      0.354838699       2.5056915555304494E-008
  0.838709652      0.354838699      -5.7627439163821072E-009
  0.870967746      0.354838699       1.5438747197528095E-008
  0.903225780      0.354838699      -3.9391382302476817E-008
  0.935483873      0.354838699       3.7643692798952476E-008
  0.967741907      0.354838699       1.6581088549880929E-007
   1.00000000      0.354838699      -1.3390733173083897E-007
   0.00000000      0.387096763       1.8107354153737567E-007
   3.22580636E-02  0.387096763       4.8812265331808855E-007
   6.45161271E-02  0.387096763       3.2229693586165260E-006
   9.67741907E-02  0.387096763       1.5725349566748235E-005
  0.129032254      0.387096763       9.2079087568991890E-005
  0.161290318      0.387096763       1.2730237588440735E-004
  0.193548381      0.387096763       1.8742912234766355E-004
  0.225806445      0.387096763       2.4974709694373335E-004
  0.258064508      0.387096763       1.9308486431995526E-004
  0.290322572      0.387096763       8.8892928703824308E-005
  0.322580636      0.387096763       2.7755024923410457E-005
  0.354838699      0.387096763       7.3070273210080790E-006
  0.387096763      0.387096763       1.7679781531869394E-006
  0.419354826      0.387096763      -1.2839216362775294E-007
  0.451612890      0.387096763      -1.7898529857111337E-009
  0.483870953      0.387096763       5.7135024888660814E-008
  0.516129017      0.387096763      -4.7256177597100209E-008
  0.548387110      0.387096763       4.1169939843359578E-008
  0.580645144      0.387096763      -1.7850309029644522E-008
  0.612903237      0.387096763       1.4096211453178929E-008
  0.645161271      0.387096763      -6.7351193630839628E-009
  0.677419364      0.387096763       2.1052461872264861E-008
  0.709677398      0.387096763      -2.4347487109973117E-009
  0.741935492      0.387096763       6.1427655669679482E-009
  0.774193525      0.387096763       1.1324280153974962E-008
  0.806451619      0.387096763      -1.2459820375473586E-008
  0.838709652      0.387096763      -3.9112866481306560E-009
  0.870967746      0.387096763      -3.2998626501253988E-009
  0.903225780      0.387096763       3.5082241838647272E-008
  0.935483873      0.387096763      -3.9514160133137701E-008
  0.967741907      0.387096763      -1.7422132577961132E-007
   1.00000000      0.387096763       1.3239193295207721E-007
   0.00000000      0.419354826      -9.6524467123504363E-008
   3.22580636E-02  0.419354826      -2.6430422363974691E-008
   6.45161271E-02  0.419354826       2.0640798670275550E-007
   9.67741907E-02  0.419354826       2.4724310039388837E-006
  0.129032254      0.419354826       7.8995337365868658E-006
  0.161290318      0.419354826       8.7204980041965741E-006
  0.193548381      0.419354826       1.4563416173877027E-005
  0.225806445      0.419354826       2.3440271031537832E-005
  0.258064508      0.419354826       1.9252125670084624E-005
  0.290322572      0.419354826       1.1092095908779416E-005
  0.322580636      0.419354826       5.0900597733365129E-006
  0.354838699      0.419354826       2.0540447153694421E-006
  0.387096763      0.419354826      -7.7714568209956743E-009
  0.419354826      0.419354826       3.0462446478613824E-008
  0.451612890      0.419354826       3.0073241319564112E-008
  0.483870953      0.419354826      -2.8844219031995849E-008
  0.516129017      0.419354826       1.6708422809572477E-008
  0.548387110      0.419354826      -7.8174722535480396E-009
  0.580645144      0.419354826       4.7540858713506806E-009
  0.612903237      0.419354826       2.7442185805060091E-010
  0.645161271      0.419354826       5.8680011334866820E-009
  0.677419364      0.419354826      -1.6021586955937452E-008
  0.709677398      0.419354826       6.0141008234188414E-009
  0.741935492      0.419354826      -6.2464023541203059E-009
  0.774193525      0.419354826      -1.1237208623046240E-008
  0.806451619      0.419354826       2.1973888898333173E-008
  0.838709652      0.419354826      -7.7599673223061437E-009
  0.870967746      0.419354826       2.1717450574909766E-008
  0.903225780      0.419354826      -4.2881008127338203E-008
  0.935483873      0.419354826       5.4436329038222237E-008
  0.967741907      0.419354826       1.7892541177218719E-007
   1.00000000      0.419354826      -1.2486543176629311E-007
   0.00000000      0.451612890       1.6906473764641143E-007
   3.22580636E-02  0.451612890       1.5639794193496298E-007
   6.45161271E-02  0.451612890      -2.2046984925360430E-008
   9.67741907E-02  0.451612890       3.3622652503205811E-007
  0.129032254      0.451612890       2.6399093983450114E-007
  0.161290318      0.451612890       2.1292607936297064E-006
  0.193548381      0.451612890       2.3111681061533313E-006
  0.225806445      0.451612890       3.4736062501604345E-006
  0.258064508      0.451612890       3.4230651566027886E-006
  0.290322572      0.451612890       2.3286817719089420E-006
  0.322580636      0.451612890       9.7515925429865513E-007
  0.354838699      0.451612890       3.6293857295276828E-007
  0.387096763      0.451612890      -2.5927917548591763E-008
  0.419354826      0.451612890      -3.8591007467802564E-009
  0.451612890      0.451612890      -6.6845956975091691E-009
  0.483870953      0.451612890      -2.1040544659749849E-009
  0.516129017      0.451612890      -2.2416488965640907E-009
  0.548387110      0.451612890       8.7418386740218449E-009
  0.580645144      0.451612890      -1.7446629164766507E-009
  0.612903237      0.451612890      -7.1895704280310819E-009
  0.645161271      0.451612890       9.9107731514977791E-009
  0.677419364      0.451612890       2.0276938597856629E-010
  0.709677398      0.451612890       1.0189010226323198E-008
  0.741935492      0.451612890      -3.3197229712147366E-009
  0.774193525      0.451612890       1.0832491968834146E-008
  0.806451619      0.451612890      -9.4011171681719432E-009
  0.838709652      0.451612890      -8.4025411836658747E-009
  0.870967746      0.451612890      -1.0059874138988542E-009
  0.903225780      0.451612890       2.0069496055753087E-008
  0.935483873      0.451612890      -3.7748758087622241E-008
  0.967741907      0.451612890      -2.0068391532369158E-007
   1.00000000      0.451612890       1.2653494962338172E-007
   0.00000000      0.483870953      -1.4986973325050863E-007
   3.22580636E-02  0.483870953      -1.5577431829249841E-007
   6.45161271E-02  0.483870953       6.9298115370356060E-008
   9.67741907E-02  0.483870953      -1.2230160460974460E-009
  0.129032254      0.483870953      -9.8271385314273153E-008
  0.161290318      0.483870953       1.0336094666753056E-007
  0.193548381      0.483870953       1.4098254270964110E-007
  0.225806445      0.483870953       8.2353399720200472E-008
  0.258064508      0.483870953       1.2387096981113951E-007
  0.290322572      0.483870953       2.9579481105066332E-008
  0.322580636      0.483870953       9.9218565056713826E-008
  0.354838699      0.483870953      -8.0219015590660281E-008
  0.387096763      0.483870953      -5.3057684360124068E-008
  0.419354826      0.483870953       5.2164484845469320E-009
  0.451612890      0.483870953      -2.6208807551714068E-008
  0.483870953      0.483870953       2.9127640080914929E-008
  0.516129017      0.483870953      -1.3658028323888223E-008
  0.548387110      0.483870953       1.6514705473378145E-008
  0.580645144      0.483870953      -8.2159889888397193E-009
  0.612903237      0.483870953       2.4521390755798317E-008
  0.645161271      0.483870953      -1.5045654240013959E-008
  0.677419364      0.483870953       3.7657529651797389E-009
  0.709677398      0.483870953      -3.2899451633029625E-009
  0.741935492      0.483870953       5.3003143863699938E-009
  0.774193525      0.483870953      -2.7152376811363342E-009
  0.806451619      0.483870953       9.6733848214904553E-009
  0.838709652      0.483870953       1.0985773399496322E-009
  0.870967746      0.483870953       2.1979706503826411E-008
  0.903225780      0.483870953      -3.7131966921744165E-008
  0.935483873      0.483870953       5.6159622143876249E-008
  0.967741907      0.483870953       2.0031854393244046E-007
   1.00000000      0.483870953      -1.1677677678773827E-007
   0.00000000      0.516129017       1.8992463876137921E-007
   3.22580636E-02  0.516129017       1.6195180361355861E-007
   6.45161271E-02  0.516129017       2.0906244873488223E-009
   9.67741907E-02  0.516129017      -1.2698353723746376E-008
  0.129032254      0.516129017       9.3653607412197933E-008
  0.161290318      0.516129017       1.0836617059946879E-007
  0.193548381      0.516129017      -6.6383992811919439E-008
  0.225806445      0.516129017       3.3524170812380554E-009
  0.258064508      0.516129017      -8.4029747649520164E-008
  0.290322572      0.516129017       5.7991890992853281E-008
  0.322580636      0.516129017      -7.2495180957986739E-008
  0.354838699      0.516129017      -2.3757105806395035E-008
  0.387096763      0.516129017       4.2708487422411930E-008
  0.419354826      0.516129017       1.0283194060986656E-008
  0.451612890      0.516129017      -6.4228442789483434E-009
  0.483870953      0.516129017       1.5702156232437881E-009
  0.516129017      0.516129017      -7.2277860118572220E-009
  0.548387110      0.516129017      -3.7192369028437770E-009
  0.580645144      0.516129017      -2.5149592520407546E-009
  0.612903237      0.516129017      -2.0030796640977466E-008
  0.645161271      0.516129017       1.0601162809500345E-008
  0.677419364      0.516129017      -2.0301167725821509E-009
  0.709677398      0.516129017       2.9366840681875732E-009
  0.741935492      0.516129017      -4.1605560130641315E-009
  0.774193525      0.516129017      -1.8964752203109073E-009
  0.806451619      0.516129017       1.5347035434218184E-010
  0.838709652      0.516129017      -3.1604578260356762E-009
  0.870967746      0.516129017      -1.3936448164944256E-008
  0.903225780      0.516129017       3.2634448041863707E-008
  0.935483873      0.516129017      -5.3576808623890319E-008
  0.967741907      0.516129017      -1.9406196987934861E-007
   1.00000000      0.516129017       1.1810734177032208E-007
   0.00000000      0.548387110      -1.8428022586943094E-007
   3.22580636E-02  0.548387110      -1.8745193795799819E-007
   6.45161271E-02  0.548387110       1.8264670872556329E-008
   9.67741907E-02  0.548387110       2.0722378264036736E-008
  0.129032254      0.548387110      -2.8563354730445677E-008
  0.161290318      0.548387110      -7.8749125950488734E-008
  0.193548381      0.548387110      -1.0621121076052604E-008
  0.225806445      0.548387110       4.9101305820225074E-008
  0.258064508      0.548387110       2.6247016955319745E-008
  0.290322572      0.548387110       3.3338459163337269E-008
  0.322580636      0.548387110       1.5506017381398636E-008
  0.354838699      0.548387110       3.3933330732522791E-008
  0.387096763      0.548387110      -4.0159628198458487E-008
  0.419354826      0.548387110      -3.2469826978723776E-008
  0.451612890      0.548387110       1.1947282513489789E-008
  0.483870953      0.548387110       2.0387656184434355E-011
  0.516129017      0.548387110       3.7973177677020212E-009
  0.548387110      0.548387110       4.6191272980952668E-009
  0.580645144      0.548387110       6.5714275526694777E-009
  0.612903237      0.548387110       2.2651741496859088E-008
  0.645161271      0.548387110      -1.3965792046887586E-008
  0.677419364      0.548387110       1.4641082162013749E-008
  0.709677398      0.548387110      -8.5678020275298884E-009
  0.741935492      0.548387110       1.4259617674431699E-008
  0.774193525      0.548387110      -1.0193494453278122E-008
  0.806451619      0.548387110       1.5080960261099354E-008
  0.838709652      0.548387110      -1.7006695539045991E-008
  0.870967746      0.548387110       3.0415542815750669E-008
  0.903225780      0.548387110      -4.2012929233041562E-008
  0.935483873      0.548387110       5.8338680468071586E-008
  0.967741907      0.548387110       1.8755694030723601E-007
   1.00000000      0.548387110      -1.2222202437128803E-007
   0.00000000      0.580645144       1.9897173168135907E-007
   3.22580636E-02  0.580645144       2.0259749303630271E-007
   6.45161271E-02  0.580645144       2.1922728637546195E-008
   9.67741907E-02  0.580645144      -1.9079560569764912E-008
  0.129032254      0.580645144       4.4514169271569941E-008
  0.161290318      0.580645144       6.1990935142902020E-008
  0.193548381      0.580645144       6.4456958441577651E-008
  0.225806445      0.580645144      -8.3897496045449445E-009
  0.258064508      0.580645144      -7.4336431716425382E-009
  0.290322572      0.580645144      -2.1791117478130095E-008
  0.322580636      0.580645144      -4.3241941876677719E-008
  0.354838699      0.580645144      -2.9793850324586950E-008
  0.387096763      0.580645144      -1.7392589696664260E-009
  0.419354826      0.580645144       2.5872734654547695E-008
  0.451612890      0.580645144      -2.4567187211906035E-008
  0.483870953      0.580645144       1.4393812775294821E-008
  0.516129017      0.580645144      -2.0288256140652456E-008
  0.548387110      0.580645144       1.3665820069191827E-008
  0.580645144      0.580645144      -2.7283411442795594E-008
  0.612903237      0.580645144       4.6011515397705895E-009
  0.645161271      0.580645144      -1.0691064187884519E-008
  0.677419364      0.580645144       5.1718273603091531E-009
  0.709677398      0.580645144      -1.1405936471616106E-008
  0.741935492      0.580645144       9.3486957442935966E-009
  0.774193525      0.580645144      -8.8411747645540409E-009
  0.806451619      0.580645144       6.7530448007373450E-009
  0.838709652      0.580645144      -6.1051736778915317E-010
  0.870967746      0.580645144      -4.2544258121100305E-009
  0.903225780      0.580645144       3.1288493401461380E-008
  0.935483873      0.580645144      -4.9719608507727078E-008
  0.967741907      0.580645144      -1.7503431196002817E-007
   1.00000000      0.580645144       1.2779418549816810E-007
   0.00000000      0.612903237      -1.9176038938261690E-007
   3.22580636E-02  0.612903237      -2.1829941534646248E-007
   6.45161271E-02  0.612903237      -1.8201199424608497E-008
   9.67741907E-02  0.612903237       1.2752889755043048E-008
  0.129032254      0.612903237      -1.0432550612001988E-008
  0.161290318      0.612903237      -4.9138104576484496E-008
  0.193548381      0.612903237      -3.7549816375011194E-008
  0.225806445      0.612903237       3.2186008646753600E-010
  0.258064508      0.612903237      -1.2395484773599606E-008
  0.290322572      0.612903237       3.6065972817578526E-008
  0.322580636      0.612903237       1.3828216643838264E-008
  0.354838699      0.612903237       5.8806609049885969E-008
  0.387096763      0.612903237      -2.9199993453899702E-008
  0.419354826      0.612903237       1.2436815325871372E-008
  0.451612890      0.612903237      -2.0646152729345432E-008
  0.483870953      0.612903237       2.0209306628118001E-008
  0.516129017      0.612903237      -1.3434256872064569E-008
  0.548387110      0.612903237       7.9919931824019748E-009
  0.580645144      0.612903237       7.9957741665241248E-009
  0.612903237      0.612903237       9.4956108461129512E-009
  0.645161271      0.612903237       4.5227305662232844E-009
  0.677419364      0.612903237       3.8294960044177732E-009
  0.709677398      0.612903237       5.2311197240456432E-009
  0.741935492      0.612903237       3.0472294311628030E-010
  0.774193525      0.612903237      -3.9566898174235354E-009
  0.806451619      0.612903237       1.2071953111230944E-008
  0.838709652      0.612903237      -4.9991351623423833E-009
  0.870967746      0.612903237      -6.6004993675353515E-010
  0.903225780      0.612903237      -2.6559729749313414E-008
  0.935483873      0.612903237       4.1263773782667445E-008
  0.967741907      0.612903237       1.7868524602939983E-007
   1.00000000      0.612903237      -1.3482260052006435E-007
   0.00000000      0.645161271       1.9246344847030412E-007
   3.22580636E-02  0.645161271       2.4035065601095187E-007
   6.45161271E-02  0.645161271       3.6851887779907285E-008
   9.67741907E-02  0.645161271      -4.0839785682617567E-009
  0.129032254      0.645161271       1.6631293055219133E-008
  0.161290318      0.645161271       4.2987785327344547E-008
  0.193548381      0.645161271       4.0542852921497368E-008
  0.225806445      0.645161271       1.4509915992968747E-008
  0.258064508      0.645161271       2.3825624921545225E-008
  0.290322572      0.645161271      -1.0895106668509130E-008
  0.322580636      0.645161271      -2.5180476112484715E-008
  0.354838699      0.645161271      -3.6428402686046093E-008
  0.387096763      0.645161271       3.2824187060041557E-009
  0.419354826      0.645161271      -5.1755790426589939E-009
  0.451612890      0.645161271       1.0867061735044458E-008
  0.483870953      0.645161271      -1.8693218969657167E-008
  0.516129017      0.645161271       1.8580134207890937E-008
  0.548387110      0.645161271      -1.6318769311415473E-008
  0.580645144      0.645161271      -2.2548171523557399E-009
  0.612903237      0.645161271      -1.0700336451347833E-008
  0.645161271      0.645161271      -5.1473007460141885E-009
  0.677419364      0.645161271      -4.8531706424826441E-009
  0.709677398      0.645161271      -8.0013013462920646E-009
  0.741935492      0.645161271       5.9890093459407828E-009
  0.774193525      0.645161271      -2.0389993495943083E-009
  0.806451619      0.645161271      -8.8094805792661313E-009
  0.838709652      0.645161271       1.7441915859353991E-009
  0.870967746      0.645161271      -5.9360058076097597E-010
  0.903225780      0.645161271       3.8854362688265212E-008
  0.935483873      0.645161271      -4.5981105451285420E-008
  0.967741907      0.645161271      -1.6548327191872309E-007
   1.00000000      0.645161271       1.3442965388550659E-007
   0.00000000      0.677419364      -1.9145978729900410E-007
   3.22580636E-02  0.677419364      -2.4050538047646387E-007
   6.45161271E-02  0.677419364      -5.3781706462979603E-008
   9.67741907E-02  0.677419364       1.7350599483828580E-008
  0.129032254      0.677419364      -2.1107545966277461E-008
  0.161290318      0.677419364      -1.5477257317910414E-008
  0.193548381      0.677419364      -3.6169291085524673E-008
  0.225806445      0.677419364       1.5486912570311291E-010
  0.258064508      0.677419364      -2.8823562311598014E-008
  0.290322572      0.677419364       1.0497954872784593E-008
  0.322580636      0.677419364       2.3467107499598146E-008
  0.354838699      0.677419364       2.9127275621350893E-008
  0.387096763      0.677419364       1.9586864533495311E-009
  0.419354826      0.677419364      -4.2113165305971193E-009
  0.451612890      0.677419364       3.5304443371393220E-009
  0.483870953      0.677419364      -2.1724962714710020E-009
  0.516129017      0.677419364       1.5343060630445655E-009
  0.548387110      0.677419364      -6.6527551639261239E-009
  0.580645144      0.677419364       2.9147022293052214E-008
  0.612903237      0.677419364      -7.8678170388741942E-009
  0.645161271      0.677419364       1.8674253726747929E-008
  0.677419364      0.677419364      -1.8325098220751827E-009
  0.709677398      0.677419364       1.1985553288267332E-008
  0.741935492      0.677419364      -6.6068517695066811E-010
  0.774193525      0.677419364       1.7196503050056364E-009
  0.806451619      0.677419364       1.3335700284381673E-008
  0.838709652      0.677419364       1.6674190733928935E-009
  0.870967746      0.677419364      -3.2619547981885880E-009
  0.903225780      0.677419364      -3.2729594870327073E-008
  0.935483873      0.677419364       4.3013630988506791E-008
  0.967741907      0.677419364       1.6321281201653212E-007
   1.00000000      0.677419364      -1.2737909913217987E-007
   0.00000000      0.709677398       1.9020749904589443E-007
   3.22580636E-02  0.709677398       2.6168558646988098E-007
   6.45161271E-02  0.709677398       4.8719593380230954E-008
   9.67741907E-02  0.709677398       1.3724035159280625E-008
  0.129032254      0.709677398       2.1085470225298282E-009
  0.161290318      0.709677398       4.1104321153875375E-008
  0.193548381      0.709677398       6.3462526631905857E-009
  0.225806445      0.709677398       3.6794963420572939E-008
  0.258064508      0.709677398       3.6211963984259290E-009
  0.290322572      0.709677398       1.8168544966389907E-008
  0.322580636      0.709677398      -2.9844850211986968E-008
  0.354838699      0.709677398      -1.5476949501408853E-008
  0.387096763      0.709677398      -9.6583373330549309E-009
  0.419354826      0.709677398       8.0996859897435896E-009
  0.451612890      0.709677398      -8.5850500068654997E-009
  0.483870953      0.709677398       1.3844402991090509E-009
  0.516129017      0.709677398       8.8903231165531117E-010
  0.548387110      0.709677398       2.6122731379726052E-009
  0.580645144      0.709677398      -2.0014779483355649E-008
  0.612903237      0.709677398      -8.2273879275305885E-009
  0.645161271      0.709677398      -5.1226732609129705E-009
  0.677419364      0.709677398      -9.4446887939685493E-009
  0.709677398      0.709677398      -3.9481287015167652E-009
  0.741935492      0.709677398      -1.7096144363004169E-009
  0.774193525      0.709677398       1.1371407147038047E-009
  0.806451619      0.709677398      -1.9894320297825204E-008
  0.838709652      0.709677398       1.4121446054227439E-008
  0.870967746      0.709677398      -5.8558019584620595E-009
  0.903225780      0.709677398       3.5114257239070224E-008
  0.935483873      0.709677398      -4.3260921775533107E-008
  0.967741907      0.709677398      -1.5220099779130021E-007
   1.00000000      0.709677398       1.1530542523127135E-007
   0.00000000      0.741935492      -1.8469824064387032E-007
   3.22580636E-02  0.741935492      -2.5826066890051368E-007
   6.45161271E-02  0.741935492      -4.4073186778474809E-008
   9.67741907E-02  0.741935492      -1.4756636483967871E-008
  0.129032254      0.741935492      -1.1853762849172145E-009
  0.161290318      0.741935492      -2.3853163739872537E-008
  0.193548381      0.741935492      -6.9647372845760905E-009
  0.225806445      0.741935492      -2.4156550327077711E-008
  0.258064508      0.741935492      -6.3445219470088600E-009
  0.290322572      0.741935492      -1.5016958951124113E-008
  0.322580636      0.741935492       3.1291355677945758E-008
  0.354838699      0.741935492       9.7902748663155844E-009
  0.387096763      0.741935492       1.9915477044247075E-008
  0.419354826      0.741935492      -1.9554213227169951E-008
  0.451612890      0.741935492       1.5250247059499800E-008
  0.483870953      0.741935492      -1.8493291151922849E-009
  0.516129017      0.741935492      -6.6252392346648655E-009
  0.548387110      0.741935492       3.5201434820255895E-009
  0.580645144      0.741935492       1.4950957170573376E-008
  0.612903237      0.741935492       9.9184199779183488E-009
  0.645161271      0.741935492       6.7734148888729877E-009
  0.677419364      0.741935492       1.3453578702008463E-008
  0.709677398      0.741935492       4.2790970658875415E-009
  0.741935492      0.741935492      -1.2473305313181768E-009
  0.774193525      0.741935492       8.1315210772177792E-009
  0.806451619      0.741935492       8.6432362531218757E-009
  0.838709652      0.741935492      -5.0199635644802578E-009
  0.870967746      0.741935492       3.9377186229953661E-009
  0.903225780      0.741935492      -2.9282221017622148E-008
  0.935483873      0.741935492       4.5175970558293554E-008
  0.967741907      0.741935492       1.5092887750822291E-007
   1.00000000      0.741935492      -9.8486472337432321E-008
   0.00000000      0.774193525       1.8463322056842792E-007
   3.22580636E-02  0.774193525       2.5158771998304646E-007
   6.45161271E-02  0.774193525       5.1965856322195118E-008
   9.67741907E-02  0.774193525       7.2369338500795418E-009
  0.129032254      0.774193525       1.9269814790510406E-008
  0.161290318      0.774193525       6.9731809808120357E-009
  0.193548381      0.774193525       2.1766647499845440E-008
  0.225806445      0.774193525       4.3171692144147124E-009
  0.258064508      0.774193525       2.9534529127558978E-008
  0.290322572      0.774193525       2.1382970328458083E-009
  0.322580636      0.774193525      -1.7923959756394852E-008
  0.354838699      0.774193525      -1.3966947701184615E-008
  0.387096763      0.774193525      -8.6428015539566369E-009
  0.419354826      0.774193525       1.3838790737846868E-008
  0.451612890      0.774193525      -1.0454084797358287E-008
  0.483870953      0.774193525       1.6777386638789467E-009
  0.516129017      0.774193525       8.5981792808968903E-009
  0.548387110      0.774193525       8.2240213720232617E-010
  0.580645144      0.774193525      -1.0819131414442181E-008
  0.612903237      0.774193525      -7.6767951003272830E-009
  0.645161271      0.774193525      -8.6600811053740854E-009
  0.677419364      0.774193525      -1.0855119721676002E-008
  0.709677398      0.774193525      -7.3099712461655196E-009
  0.741935492      0.774193525       3.2636654710002157E-009
  0.774193525      0.774193525      -4.9913009937767660E-009
  0.806451619      0.774193525      -8.6377064358686872E-010
  0.838709652      0.774193525       3.5680951175642235E-009
  0.870967746      0.774193525      -5.1152703390966064E-009
  0.903225780      0.774193525       2.7535340662479537E-008
  0.935483873      0.774193525      -3.7568319272004608E-008
  0.967741907      0.774193525      -1.4727554949458824E-007
   1.00000000      0.774193525       8.3599776348769895E-008
   0.00000000      0.806451619      -1.7522196431491164E-007
   3.22580636E-02  0.806451619      -2.4908658958070485E-007
   6.45161271E-02  0.806451619      -4.4866856955985585E-008
   9.67741907E-02  0.806451619      -6.7955595012199982E-009
  0.129032254      0.806451619      -7.5057338101908460E-009
  0.161290318      0.806451619      -1.2107997345383230E-008
  0.193548381      0.806451619      -2.3566743921899902E-009
  0.225806445      0.806451619      -1.4653371654399599E-008
  0.258064508      0.806451619      -6.6176440872533080E-009
  0.290322572      0.806451619      -1.3434689403917747E-008
  0.322580636      0.806451619       2.7044916854416409E-008
  0.354838699      0.806451619       4.6806281773914023E-009
  0.387096763      0.806451619       1.6328375013362139E-008
  0.419354826      0.806451619      -2.1859319239787407E-008
  0.451612890      0.806451619       1.9549442612746354E-008
  0.483870953      0.806451619      -1.2089859094229713E-008
  0.516129017      0.806451619      -5.9791352937317513E-009
  0.548387110      0.806451619      -9.6318844718877832E-009
  0.580645144      0.806451619       2.1946014201748248E-008
  0.612903237      0.806451619      -1.4353926161994654E-008
  0.645161271      0.806451619       3.3769670975102732E-008
  0.677419364      0.806451619      -8.7379865047712994E-009
  0.709677398      0.806451619       2.4754549190866511E-008
  0.741935492      0.806451619      -1.8113691729282665E-008
  0.774193525      0.806451619       1.8678495703982816E-008
  0.806451619      0.806451619      -1.6835547084528495E-008
  0.838709652      0.806451619       1.6698174404056098E-008
  0.870967746      0.806451619      -4.8428120554580392E-009
  0.903225780      0.806451619      -1.5677743736596537E-008
  0.935483873      0.806451619       2.5105675747051970E-008
  0.967741907      0.806451619       1.4160737611534963E-007
   1.00000000      0.806451619      -7.5356432267876878E-008
   0.00000000      0.838709652       1.7179907885898152E-007
   3.22580636E-02  0.838709652       2.4489472093954534E-007
   6.45161271E-02  0.838709652       4.9172312209299054E-008
   9.67741907E-02  0.838709652      -2.6140571412232165E-009
  0.129032254      0.838709652       8.7359120537027703E-009
  0.161290318      0.838709652       2.9769695641099486E-009
  0.193548381      0.838709652       1.6057552360405620E-008
  0.225806445      0.838709652       6.2238135729452078E-009
  0.258064508      0.838709652       2.3146807296191914E-008
  0.290322572      0.838709652      -5.1104774710760036E-010
  0.322580636      0.838709652       1.0818512459974611E-009
  0.354838699      0.838709652      -1.9825233983176406E-008
  0.387096763      0.838709652       4.2489290122335292E-009
  0.419354826      0.838709652       1.6585410215114920E-009
  0.451612890      0.838709652       8.1928293140910973E-009
  0.483870953      0.838709652      -8.2328223173796416E-009
  0.516129017      0.838709652       2.9872047607687935E-008
  0.548387110      0.838709652      -9.2638265714815095E-009
  0.580645144      0.838709652       5.7388925213557477E-009
  0.612903237      0.838709652      -6.3761474348015606E-009
  0.645161271      0.838709652      -6.5501223249924706E-009
  0.677419364      0.838709652      -1.5434033716354708E-008
  0.709677398      0.838709652       4.1684980341341370E-009
  0.741935492      0.838709652      -3.9662478406039729E-009
  0.774193525      0.838709652       8.6409140860926456E-009
  0.806451619      0.838709652       6.1959148237985829E-010
  0.838709652      0.838709652       5.3677644496052535E-010
  0.870967746      0.838709652      -1.0938438492818515E-008
  0.903225780      0.838709652       3.4966101808873093E-008
  0.935483873      0.838709652      -2.6392700490573624E-008
  0.967741907      0.838709652      -1.1283537452126361E-007
   1.00000000      0.838709652       7.0123176556362357E-008
   0.00000000      0.870967746      -1.5761081217848578E-007
   3.22580636E-02  0.870967746      -2.3613890861672276E-007
   6.45161271E-02  0.870967746      -3.5851411965587487E-008
   9.67741907E-02  0.870967746       4.0443258790207064E-010
  0.129032254      0.870967746       2.4072157041792717E-008
  0.161290318      0.870967746      -2.2987530072329562E-008
  0.193548381      0.870967746       1.7457857646297439E-008
  0.225806445      0.870967746      -3.3317544228221495E-008
  0.258064508      0.870967746       2.9681661569422354E-009
  0.290322572      0.870967746      -1.9384485981210608E-008
  0.322580636      0.870967746       1.8102179301274988E-008
  0.354838699      0.870967746      -8.0002837648379567E-009
  0.387096763      0.870967746       2.0219646389892430E-008
  0.419354826      0.870967746      -2.6349006203237851E-008
  0.451612890      0.870967746       1.7735522662151066E-008
  0.483870953      0.870967746      -1.1038189114912632E-008
  0.516129017      0.870967746      -1.8950410552371233E-009
  0.548387110      0.870967746      -1.7115755391696341E-008
  0.580645144      0.870967746       2.2220468697809575E-008
  0.612903237      0.870967746      -2.1217916438245974E-008
  0.645161271      0.870967746       2.4278413799090198E-008
  0.677419364      0.870967746       4.4865858881636537E-009
  0.709677398      0.870967746       1.0675598817608043E-011
  0.741935492      0.870967746       4.8538687382107220E-009
  0.774193525      0.870967746      -1.2510406445672792E-008
  0.806451619      0.870967746       9.2994057712651432E-009
  0.838709652      0.870967746      -1.5129987136122621E-008
  0.870967746      0.870967746       2.6355582681239384E-008
  0.903225780      0.870967746      -4.7014859258666107E-008
  0.935483873      0.870967746       2.5777458936998646E-008
  0.967741907      0.870967746       8.4275258531819087E-008
   1.00000000      0.870967746      -6.2686490214141100E-008
   0.00000000      0.903225780       1.4117916174313297E-007
   3.22580636E-02  0.903225780       2.0979780123427825E-007
   6.45161271E-02  0.903225780       3.6169676173335917E-008
   9.67741907E-02  0.903225780      -1.4056447261817473E-008
  0.129032254      0.903225780      -1.0672814792466914E-008
  0.161290318      0.903225780       1.3846297433047812E-008
  0.193548381      0.903225780      -1.1466470999894499E-008
  0.225806445      0.903225780       2.4577854252102535E-008
  0.258064508      0.903225780       1.5319858355858390E-009
  0.290322572      0.903225780       1.7386157305179381E-008
  0.322580636      0.903225780      -8.7267473950859829E-009
  0.354838699      0.903225780       2.6815182679218171E-009
  0.387096763      0.903225780       3.5553167503186410E-009
  0.419354826      0.903225780       2.1706369460684175E-008
  0.451612890      0.903225780      -1.5876590492328043E-008
  0.483870953      0.903225780       1.4792610594207663E-008
  0.516129017      0.903225780      -1.0104024820336840E-008
  0.548387110      0.903225780       2.2990633889170225E-008
  0.580645144      0.903225780      -2.2308724790896454E-008
  0.612903237      0.903225780       2.7374243726561597E-008
  0.645161271      0.903225780      -2.0654283405590098E-008
  0.677419364      0.903225780       2.1115285525468581E-009
  0.709677398      0.903225780      -3.4262288806148492E-009
  0.741935492      0.903225780       4.6463236220580272E-009
  0.774193525      0.903225780       4.8487564231060151E-009
  0.806451619      0.903225780       6.3542513817910764E-009
  0.838709652      0.903225780       1.2922569215526754E-010
  0.870967746      0.903225780      -8.5922942906027316E-009
  0.903225780      0.903225780       2.7255206842347562E-008
  0.935483873      0.903225780      -2.1643486643162347E-009
  0.967741907      0.903225780      -6.4612226834863660E-008
   1.00000000      0.903225780       5.8914458231290553E-008
   0.00000000      0.935483873      -1.0569695455644294E-007
   3.22580636E-02  0.935483873      -1.7295601645289849E-007
   6.45161271E-02  0.935483873      -1.3886273838673475E-008
   9.67741907E-02  0.935483873       7.2351795196904506E-009
  0.129032254      0.935483873       1.5222534999001825E-008
  0.161290318      0.935483873      -1.2370990781616284E-008
  0.193548381      0.935483873       1.7547673644762506E-008
  0.225806445      0.935483873      -1.8578756018930649E-008
  0.258064508      0.935483873       5.2526523350559044E-009
  0.290322572      0.935483873      -1.5822339825455117E-008
  0.322580636      0.935483873       2.1487931260701195E-008
  0.354838699      0.935483873      -2.3901722147720804E-008
  0.387096763      0.935483873       2.2668474220870082E-008
  0.419354826      0.935483873      -4.6806652371878988E-008
  0.451612890      0.935483873       3.3168292637576949E-008
  0.483870953      0.935483873      -1.9758134606051902E-008
  0.516129017      0.935483873       1.9593795352187092E-008
  0.548387110      0.935483873      -1.8853531951962714E-008
  0.580645144      0.935483873       2.1642975971401980E-008
  0.612903237      0.935483873      -2.0576447283803830E-008
  0.645161271      0.935483873       1.7885537452941201E-008
  0.677419364      0.935483873      -7.5938448684659579E-009
  0.709677398      0.935483873       1.1042360175697192E-008
  0.741935492      0.935483873      -9.0995133633066527E-009
  0.774193525      0.935483873       2.3134227525903030E-009
  0.806451619      0.935483873      -4.9593824255601905E-009
  0.838709652      0.935483873       4.0030081538023049E-009
  0.870967746      0.935483873       7.3216297774020184E-009
  0.903225780      0.935483873      -1.3856515039677009E-008
  0.935483873      0.935483873      -7.0693089812298859E-009
  0.967741907      0.935483873       4.9636344868290681E-008
   1.00000000      0.935483873      -4.7659918318314887E-008
   0.00000000      0.967741907       8.3589209720245891E-008
   3.22580636E-02  0.967741907       8.9017488216661160E-008
   6.45161271E-02  0.967741907       4.2990899109061761E-008
   9.67741907E-02  0.967741907      -4.0819469827394902E-008
  0.129032254      0.967741907       3.8237520787091126E-008
  0.161290318      0.967741907      -4.0712515825865153E-008
  0.193548381      0.967741907       3.4494329499350109E-008
  0.225806445      0.967741907      -3.7929753530013185E-008
  0.258064508      0.967741907       5.9949631846827809E-008
  0.290322572      0.967741907      -5.9440494276124145E-008
  0.322580636      0.967741907       6.6191719345610791E-008
  0.354838699      0.967741907      -6.8852793961207818E-008
  0.387096763      0.967741907       8.1461416203884315E-008
  0.419354826      0.967741907      -6.1765658264308825E-008
  0.451612890      0.967741907       8.2295269908349920E-008
  0.483870953      0.967741907      -9.4788840373915195E-008
  0.516129017      0.967741907       9.9032494255109795E-008
  0.548387110      0.967741907      -9.1686815773600534E-008
  0.580645144      0.967741907       7.7042426765735710E-008
  0.612903237      0.967741907      -6.8601590283047404E-008
  0.645161271      0.967741907       6.4914066429326401E-008
  0.677419364      0.967741907      -5.3985069922385014E-008
  0.709677398      0.967741907       3.9330318486067876E-008
  0.741935492      0.967741907      -2.2325241101917036E-008
  0.774193525      0.967741907       2.1905277172560132E-008
  0.806451619      0.967741907      -2.5328032072897456E-008
  0.838709652      0.967741907       2.2036215974207703E-008
  0.870967746      0.967741907      -2.2702722450376159E-008
  0.903225780      0.967741907       1.9078433592728305E-008
  0.935483873      0.967741907      -1.1817402479480323E-009
  0.967741907      0.967741907      -1.8999576544817960E-008
   1.00000000      0.967741907       2.9164765089600831E-008
   0.00000000       1.00000000      -1.7304770819303902E-008
   3.22580636E-02   1.00000000      -6.0697845065699262E-008
   6.45161271E-02   1.00000000       2.4828907758781855E-008
   9.67741907E-02   1.00000000      -3.1447855376986143E-008
  0.129032254       1.00000000       3.7160221026594708E-008
  0.161290318       1.00000000      -3.2536908497692134E-008
  0.193548381       1.00000000       3.5216816355858094E-008
  0.225806445       1.00000000      -3.1878686245734670E-008
  0.258064508       1.00000000       3.5136057254605854E-008
  0.290322572       1.00000000      -3.9576792035690690E-008
  0.322580636       1.00000000       3.7430014817957029E-008
  0.354838699       1.00000000      -2.8447251466450946E-008
  0.387096763       1.00000000       1.9855490024896934E-008
  0.419354826       1.00000000      -2.1273818215633479E-008
  0.451612890       1.00000000       1.4715413338877959E-008
  0.483870953       1.00000000      -7.0754857229355601E-009
  0.516129017       1.00000000       9.2762251317764520E-010
  0.548387110       1.00000000       1.4380911633407203E-008
  0.580645144       1.00000000      -2.6868512991985924E-008
  0.612903237       1.00000000       4.4097722008713136E-008
  0.645161271       1.00000000      -5.2731455872537295E-008
  0.677419364       1.00000000       6.0205950342139511E-008
  0.709677398       1.00000000      -6.5441747400398714E-008
  0.741935492       1.00000000       6.7203901584573564E-008
  0.774193525       1.00000000      -6.2052229205116786E-008
  0.806451619       1.00000000       5.9053962656759140E-008
  0.838709652       1.00000000      -5.0222503350458350E-008
  0.870967746       1.00000000       5.4226726991052879E-008
  0.903225780       1.00000000      -4.7125623345935955E-008
  0.935483873       1.00000000       3.1973714626776780E-008
  0.967741907       1.00000000      -9.5309725399502186E-009
   1.00000000       1.00000000      -5.4453102512018833E-009
