 # X Y F 
   0.00000000       0.00000000       6.4827903555396084E-008
   3.22580636E-02   0.00000000      -4.5723566960706083E-007
   6.45161271E-02   0.00000000       4.5463606707563001E-007
   9.67741907E-02   0.00000000      -5.8385262526029219E-007
  0.129032254       0.00000000       7.3760075081203398E-007
  0.161290318       0.00000000      -7.0249754998267262E-007
  0.193548381       0.00000000       8.9323063704999140E-007
  0.225806445       0.00000000      -8.1050419162312113E-007
  0.258064508       0.00000000       9.2248561909408470E-007
  0.290322572       0.00000000      -8.7589742333100578E-007
  0.322580636       0.00000000       9.1449766105490624E-007
  0.354838699       0.00000000      -9.5323555758889008E-007
  0.387096763       0.00000000       1.2786840508266263E-006
  0.419354826       0.00000000      -9.6113103651981049E-007
  0.451612890       0.00000000       1.3825326515314461E-006
  0.483870953       0.00000000      -1.0125066266715524E-006
  0.516129017       0.00000000       9.6741708270130238E-007
  0.548387110       0.00000000      -8.2387917853761300E-007
  0.580645144       0.00000000       7.4872995164125110E-007
  0.612903237       0.00000000      -6.6005244621669995E-007
  0.645161271       0.00000000       5.9374699986821994E-007
  0.677419364       0.00000000      -5.3681190101868816E-007
  0.709677398       0.00000000       5.0155303121948707E-007
  0.741935492       0.00000000      -4.7471336711394036E-007
  0.774193525       0.00000000       4.6250208846945903E-007
  0.806451619       0.00000000      -4.4593505755838508E-007
  0.838709652       0.00000000       4.4636718487402317E-007
  0.870967746       0.00000000      -4.1699244165668319E-007
  0.903225780       0.00000000       3.6576274179649235E-007
  0.935483873       0.00000000      -2.8157135725964408E-007
  0.967741907       0.00000000       2.6194050925270060E-007
   1.00000000       0.00000000      -1.3335381244833160E-007
   0.00000000       3.22580636E-02   3.2698656740477151E-007
   3.22580636E-02   3.22580636E-02   2.3139604648174959E-007
   6.45161271E-02   3.22580636E-02   5.0241661901068774E-007
   9.67741907E-02   3.22580636E-02  -3.1649840231960563E-007
  0.129032254       3.22580636E-02   3.4977701348004143E-007
  0.161290318       3.22580636E-02  -5.1892055633672201E-007
  0.193548381       3.22580636E-02   3.0699349838370037E-007
  0.225806445       3.22580636E-02  -4.4870059010883030E-007
  0.258064508       3.22580636E-02   3.3657408902528453E-007
  0.290322572       3.22580636E-02  -4.0940563430193024E-007
  0.322580636       3.22580636E-02   6.3961453254913323E-007
  0.354838699       3.22580636E-02   2.2118024441034083E-007
  0.387096763       3.22580636E-02   9.8627014911130501E-007
  0.419354826       3.22580636E-02  -3.3495467282473626E-007
  0.451612890       3.22580636E-02   4.6017826172584755E-007
  0.483870953       3.22580636E-02  -2.8752174671176650E-007
  0.516129017       3.22580636E-02   3.1441076449217880E-007
  0.548387110       3.22580636E-02  -3.0587522598506356E-007
  0.580645144       3.22580636E-02   2.7215007289881669E-007
  0.612903237       3.22580636E-02  -2.3511427664247708E-007
  0.645161271       3.22580636E-02   2.2189071774486314E-007
  0.677419364       3.22580636E-02  -2.1524030060075536E-007
  0.709677398       3.22580636E-02   2.0368232648137677E-007
  0.741935492       3.22580636E-02  -1.8855957766087617E-007
  0.774193525       3.22580636E-02   2.0420529643027700E-007
  0.806451619       3.22580636E-02  -2.1532033165879050E-007
  0.838709652       3.22580636E-02   2.0778570840269802E-007
  0.870967746       3.22580636E-02  -2.1603327270777617E-007
  0.903225780       3.22580636E-02   2.5443461698374475E-007
  0.935483873       3.22580636E-02  -2.1760508715666644E-007
  0.967741907       3.22580636E-02  -3.8734111413022219E-008
   1.00000000       3.22580636E-02   1.3648661387745940E-007
   0.00000000       6.45161271E-02  -3.8707079577619967E-007
   3.22580636E-02   6.45161271E-02  -4.2153591922750338E-007
   6.45161271E-02   6.45161271E-02  -4.3108213055570022E-007
   9.67741907E-02   6.45161271E-02   1.3274470415323700E-007
  0.129032254       6.45161271E-02   3.8034045294724068E-007
  0.161290318       6.45161271E-02   9.4037533488668713E-007
  0.193548381       6.45161271E-02   6.8260976495223951E-008
  0.225806445       6.45161271E-02   2.3473384316514877E-007
  0.258064508       6.45161271E-02  -7.1088077910269485E-008
  0.290322572       6.45161271E-02   1.9216781154150158E-007
  0.322580636       6.45161271E-02  -4.6793998184438542E-007
  0.354838699       6.45161271E-02   3.1864536573524692E-007
  0.387096763       6.45161271E-02  -1.0425034081165936E-008
  0.419354826       6.45161271E-02   7.0345416115732988E-007
  0.451612890       6.45161271E-02   6.7271347714566712E-007
  0.483870953       6.45161271E-02   4.1762063869943607E-007
  0.516129017       6.45161271E-02   9.4021622466791445E-009
  0.548387110       6.45161271E-02   9.6347570189288979E-008
  0.580645144       6.45161271E-02  -9.3935707015521942E-008
  0.612903237       6.45161271E-02   1.0214102501901795E-007
  0.645161271       6.45161271E-02  -1.1938346614431438E-007
  0.677419364       6.45161271E-02   1.5379094359763602E-007
  0.709677398       6.45161271E-02  -1.6187466440030450E-007
  0.741935492       6.45161271E-02   1.6647843747375809E-007
  0.774193525       6.45161271E-02  -1.7345736917312107E-007
  0.806451619       6.45161271E-02   1.7938413200952000E-007
  0.838709652       6.45161271E-02  -1.1533588310398315E-007
  0.870967746       6.45161271E-02   1.0139233651034937E-007
  0.903225780       6.45161271E-02  -1.2193792571498978E-007
  0.935483873       6.45161271E-02   9.2345400856347404E-008
  0.967741907       6.45161271E-02   2.3273738641452612E-007
   1.00000000       6.45161271E-02  -2.5800127161341434E-007
   0.00000000       9.67741907E-02   4.7444657484671322E-007
   3.22580636E-02   9.67741907E-02   7.7303295440487852E-007
   6.45161271E-02   9.67741907E-02   2.7907700498374684E-007
   9.67741907E-02   9.67741907E-02   7.3179894496190026E-007
  0.129032254       9.67741907E-02   2.2841615074460407E-007
  0.161290318       9.67741907E-02   5.5608208008481189E-007
  0.193548381       9.67741907E-02  -7.2272567115216471E-008
  0.225806445       9.67741907E-02   3.7968552119234873E-007
  0.258064508       9.67741907E-02  -2.4248406101721737E-007
  0.290322572       9.67741907E-02   9.5711854115971400E-008
  0.322580636       9.67741907E-02   1.7063125943147412E-006
  0.354838699       9.67741907E-02   1.6800928384736848E-006
  0.387096763       9.67741907E-02   3.3367085077409585E-007
  0.419354826       9.67741907E-02   2.5680855023426218E-008
  0.451612890       9.67741907E-02  -5.3335400621552507E-007
  0.483870953       9.67741907E-02   3.3324415942121375E-007
  0.516129017       9.67741907E-02  -3.2419378328113749E-007
  0.548387110       9.67741907E-02   1.3997224295715875E-007
  0.580645144       9.67741907E-02  -1.6809352118175864E-007
  0.612903237       9.67741907E-02   1.6321427319904806E-007
  0.645161271       9.67741907E-02  -1.6782936316988708E-007
  0.677419364       9.67741907E-02   1.5363910513661757E-007
  0.709677398       9.67741907E-02  -1.7424229578085431E-007
  0.741935492       9.67741907E-02   1.9572420456768925E-007
  0.774193525       9.67741907E-02  -1.8051238454335698E-007
  0.806451619       9.67741907E-02   1.7320807523674066E-007
  0.838709652       9.67741907E-02  -2.1342226404622674E-007
  0.870967746       9.67741907E-02   1.8387995312332182E-007
  0.903225780       9.67741907E-02  -7.2636064205167457E-008
  0.935483873       9.67741907E-02   6.4448916728355343E-008
  0.967741907       9.67741907E-02  -4.0590618397552788E-007
   1.00000000       9.67741907E-02   3.8121597465307530E-007
   0.00000000      0.129032254      -5.8565217559767249E-007
   3.22580636E-02  0.129032254      -6.9127773160746615E-007
   6.45161271E-02  0.129032254      -6.2485352505891370E-007
   9.67741907E-02  0.129032254       6.4592010953187012E-007
  0.129032254      0.129032254      -5.2168105177334955E-007
  0.161290318      0.129032254       1.2704647554902007E-006
  0.193548381      0.129032254       5.5937221771984333E-006
  0.225806445      0.129032254       5.8940038067292965E-006
  0.258064508      0.129032254       1.1121324800264122E-006
  0.290322572      0.129032254       2.2970162257869487E-006
  0.322580636      0.129032254       1.1408533314443116E-005
  0.354838699      0.129032254       1.4890683339321131E-005
  0.387096763      0.129032254       1.0707061459373041E-005
  0.419354826      0.129032254       3.6723964970707722E-006
  0.451612890      0.129032254       1.9681204837894488E-006
  0.483870953      0.129032254       6.9173003839225269E-007
  0.516129017      0.129032254       6.3148251536941839E-007
  0.548387110      0.129032254      -3.7156639819133403E-008
  0.580645144      0.129032254       2.5840377468177877E-008
  0.612903237      0.129032254      -4.6742071983462031E-008
  0.645161271      0.129032254       2.3464981185653938E-008
  0.677419364      0.129032254       3.2062906736831351E-008
  0.709677398      0.129032254      -3.6840682179966519E-008
  0.741935492      0.129032254       4.5798534549778297E-008
  0.774193525      0.129032254      -6.7396663818710045E-008
  0.806451619      0.129032254       1.0130045720988423E-007
  0.838709652      0.129032254      -4.3556551227215632E-008
  0.870967746      0.129032254       7.8086231168378695E-008
  0.903225780      0.129032254      -1.3563477966582889E-007
  0.935483873      0.129032254       1.0490414165009055E-007
  0.967741907      0.129032254       3.8746665533293552E-007
   1.00000000      0.129032254      -4.1435700992492489E-007
   0.00000000      0.161290318       6.7085092155242563E-007
   3.22580636E-02  0.161290318       8.8365217610554926E-007
   6.45161271E-02  0.161290318       4.8810197413901991E-007
   9.67741907E-02  0.161290318      -1.8515710962971735E-008
  0.129032254      0.161290318       9.1032633631659902E-007
  0.161290318      0.161290318       5.0899906445294201E-006
  0.193548381      0.161290318       3.3334867976245900E-005
  0.225806445      0.161290318       5.0713995689202929E-005
  0.258064508      0.161290318       1.0536248009608222E-005
  0.290322572      0.161290318       2.3386036629286263E-005
  0.322580636      0.161290318       8.0338904847648227E-005
  0.354838699      0.161290318       1.1466999056043680E-004
  0.387096763      0.161290318       7.5107065900580766E-005
  0.419354826      0.161290318       3.1658911781520857E-005
  0.451612890      0.161290318       1.4524432743825490E-005
  0.483870953      0.161290318       9.1734745072175861E-006
  0.516129017      0.161290318       4.0942006730686384E-006
  0.548387110      0.161290318       2.2043439150979643E-007
  0.580645144      0.161290318       3.9949747259531126E-008
  0.612903237      0.161290318      -2.4779306648114255E-009
  0.645161271      0.161290318      -7.2821360101483321E-009
  0.677419364      0.161290318      -3.6656174816310133E-008
  0.709677398      0.161290318       2.5938041852420421E-008
  0.741935492      0.161290318      -1.7173370228367652E-009
  0.774193525      0.161290318       1.8957949568931871E-008
  0.806451619      0.161290318      -3.9536818361916062E-008
  0.838709652      0.161290318      -1.0849485691536143E-008
  0.870967746      0.161290318      -2.4900531518524892E-008
  0.903225780      0.161290318       1.0364982497826116E-007
  0.935483873      0.161290318      -8.1288540607187369E-008
  0.967741907      0.161290318      -4.7762902212709763E-007
   1.00000000      0.161290318       5.0717126718623094E-007
   0.00000000      0.193548381      -7.5019263687995193E-007
   3.22580636E-02  0.193548381      -7.9995563904332370E-007
   6.45161271E-02  0.193548381      -7.5861313632711791E-007
   9.67741907E-02  0.193548381       1.7230638189066432E-006
  0.129032254      0.193548381       5.2940582313293896E-006
  0.161290318      0.193548381       2.8298342486809054E-005
  0.193548381      0.193548381       1.9089466609296374E-004
  0.225806445      0.193548381       3.4628278076609745E-004
  0.258064508      0.193548381       1.4270086747140943E-004
  0.290322572      0.193548381       2.0294996208239171E-004
  0.322580636      0.193548381       4.9886134940114318E-004
  0.354838699      0.193548381       6.3130958025889316E-004
  0.387096763      0.193548381       4.4616019909004851E-004
  0.419354826      0.193548381       2.2299519545693341E-004
  0.451612890      0.193548381       1.0056499274902087E-004
  0.483870953      0.193548381       3.9718047926107644E-005
  0.516129017      0.193548381       1.2262528960507200E-005
  0.548387110      0.193548381       2.2078595675512309E-006
  0.580645144      0.193548381      -3.1609162800619394E-008
  0.612903237      0.193548381      -1.6348551707642111E-008
  0.645161271      0.193548381       3.9584517969001372E-008
  0.677419364      0.193548381       1.9818460266587907E-008
  0.709677398      0.193548381       7.3911597234824369E-009
  0.741935492      0.193548381      -2.0726761293651937E-008
  0.774193525      0.193548381       1.7002018410850265E-008
  0.806451619      0.193548381       2.2710476044018607E-008
  0.838709652      0.193548381       4.1039882571496588E-008
  0.870967746      0.193548381       1.7650120443148865E-008
  0.903225780      0.193548381      -7.7872933694080033E-008
  0.935483873      0.193548381       1.0497155646758600E-007
  0.967741907      0.193548381       5.6004826486590822E-007
   1.00000000      0.193548381      -5.7056970575437834E-007
   0.00000000      0.225806445       8.2023183264463660E-007
   3.22580636E-02  0.225806445       8.2447824849609129E-007
   6.45161271E-02  0.225806445       1.2708374768585278E-006
   9.67741907E-02  0.225806445       5.5868936602080221E-006
  0.129032254      0.225806445       2.7601557937148711E-005
  0.161290318      0.225806445       1.6810285495450584E-004
  0.193548381      0.225806445       8.6009731562979085E-004
  0.225806445      0.225806445       1.7962980357398388E-003
  0.258064508      0.225806445       1.2027426706798254E-003
  0.290322572      0.225806445       1.1353667963576388E-003
  0.322580636      0.225806445       2.0903496796403917E-003
  0.354838699      0.225806445       2.7171538955779988E-003
  0.387096763      0.225806445       2.1458587519830835E-003
  0.419354826      0.225806445       1.1347669838663254E-003
  0.451612890      0.225806445       4.5079519856079745E-004
  0.483870953      0.225806445       1.4190231463821176E-004
  0.516129017      0.225806445       3.4899515858994870E-005
  0.548387110      0.225806445       5.8762817227689724E-006
  0.580645144      0.225806445       5.4177500886800879E-007
  0.612903237      0.225806445       8.6377786219677173E-008
  0.645161271      0.225806445      -4.5078537404423316E-008
  0.677419364      0.225806445      -1.3990075711412264E-008
  0.709677398      0.225806445       1.0122927960871153E-008
  0.741935492      0.225806445       2.6411056249260179E-008
  0.774193525      0.225806445      -1.6761106600404486E-008
  0.806451619      0.225806445      -4.6347982723528488E-009
  0.838709652      0.225806445      -2.4201528849624990E-008
  0.870967746      0.225806445      -2.9191592749509385E-008
  0.903225780      0.225806445       9.9702006452395728E-008
  0.935483873      0.225806445      -1.4297106591779931E-007
  0.967741907      0.225806445      -5.9570324199551144E-007
   1.00000000      0.225806445       6.3091631245432979E-007
   0.00000000      0.258064508      -8.3540297869899486E-007
   3.22580636E-02  0.258064508      -7.9167635772551641E-007
   6.45161271E-02  0.258064508       3.4409557149946317E-006
   9.67741907E-02  0.258064508       2.1656956992593729E-005
  0.129032254      0.258064508       1.3523591521783548E-004
  0.161290318      0.258064508       7.1109100310732187E-004
  0.193548381      0.258064508       3.0018027404784113E-003
  0.225806445      0.258064508       6.9420737761619940E-003
  0.258064508      0.258064508       5.9670835063960733E-003
  0.290322572      0.258064508       4.0270174848081033E-003
  0.322580636      0.258064508       6.6081429925534448E-003
  0.354838699      0.258064508       9.0680840394396622E-003
  0.387096763      0.258064508       7.5676909526575823E-003
  0.419354826      0.258064508       4.0095195439685755E-003
  0.451612890      0.258064508       1.4983954982574280E-003
  0.483870953      0.258064508       4.1904888957608260E-004
  0.516129017      0.258064508       8.3213488492585349E-005
  0.548387110      0.258064508       1.0019447877325843E-005
  0.580645144      0.258064508       5.7574482129003224E-007
  0.612903237      0.258064508      -8.9931891727622970E-008
  0.645161271      0.258064508       4.8469857819549680E-008
  0.677419364      0.258064508       4.2007121334366411E-008
  0.709677398      0.258064508      -1.0474740672844223E-008
  0.741935492      0.258064508       1.0854433561087363E-008
  0.774193525      0.258064508      -1.4610914213460561E-008
  0.806451619      0.258064508       4.8465848642394489E-008
  0.838709652      0.258064508       3.4908908602617504E-009
  0.870967746      0.258064508       6.8286122717810990E-008
  0.903225780      0.258064508      -9.8684586480192765E-008
  0.935483873      0.258064508       1.7593425584918660E-007
  0.967741907      0.258064508       6.7733721178521283E-007
   1.00000000      0.258064508      -6.8505299002856952E-007
   0.00000000      0.290322572       9.7619728532477516E-007
   3.22580636E-02  0.290322572       1.8754934759632262E-006
   6.45161271E-02  0.290322572       7.6957172728836390E-006
   9.67741907E-02  0.290322572       6.6220378228336562E-005
  0.129032254      0.290322572       4.2233612335152305E-004
  0.161290318      0.290322572       2.0530737572151490E-003
  0.193548381      0.290322572       7.9666770677942738E-003
  0.225806445      0.290322572       1.8433365267750051E-002
  0.258064508      0.290322572       1.7266940865925610E-002
  0.290322572      0.290322572       1.0649911880335473E-002
  0.322580636      0.290322572       1.5603742354797005E-002
  0.354838699      0.290322572       2.1448219523893398E-002
  0.387096763      0.290322572       1.8425503384513292E-002
  0.419354826      0.290322572       9.9923299675328363E-003
  0.451612890      0.290322572       3.6718223409038281E-003
  0.483870953      0.290322572       9.6380046537975861E-004
  0.516129017      0.290322572       1.7339181038175081E-004
  0.548387110      0.290322572       1.9852086932574385E-005
  0.580645144      0.290322572       1.5554922767628740E-006
  0.612903237      0.290322572      -4.0528322554715571E-008
  0.645161271      0.290322572       3.1713171238371455E-008
  0.677419364      0.290322572      -3.6005293164837450E-008
  0.709677398      0.290322572       2.8213182797438812E-008
  0.741935492      0.290322572       1.3666186060532613E-008
  0.774193525      0.290322572       1.0578354553338301E-008
  0.806451619      0.290322572      -1.5072018098550368E-008
  0.838709652      0.290322572      -9.1556293084218852E-009
  0.870967746      0.290322572      -4.9673793534527125E-008
  0.903225780      0.290322572       9.4182848529497059E-008
  0.935483873      0.290322572      -1.6606530905850222E-007
  0.967741907      0.290322572      -7.2672813475436029E-007
   1.00000000      0.290322572       7.4684216193258416E-007
   0.00000000      0.322580636      -1.0962208364796148E-006
   3.22580636E-02  0.322580636       5.2104458288746046E-007
   6.45161271E-02  0.322580636       1.4222032079026471E-005
   9.67741907E-02  0.322580636       1.2454901139010200E-004
  0.129032254      0.322580636       8.0222773641975046E-004
  0.161290318      0.322580636       3.9071742841099415E-003
  0.193548381      0.322580636       1.4393203337013185E-002
  0.225806445      0.322580636       3.1582653253875555E-002
  0.258064508      0.322580636       3.0665420502618848E-002
  0.290322572      0.322580636       1.9652921543032893E-002
  0.322580636      0.322580636       2.5846543643323935E-002
  0.354838699      0.322580636       3.4229133918426621E-002
  0.387096763      0.322580636       3.0516500008452931E-002
  0.419354826      0.322580636       1.7309163663543951E-002
  0.451612890      0.322580636       6.3988122654710638E-003
  0.483870953      0.322580636       1.6361211829729206E-003
  0.516129017      0.322580636       2.9360683680187076E-004
  0.548387110      0.322580636       3.8921658928315153E-005
  0.580645144      0.322580636       3.9538729957862820E-006
  0.612903237      0.322580636       5.6102145007644610E-008
  0.645161271      0.322580636       6.9584140377136087E-008
  0.677419364      0.322580636      -4.1342717582088095E-009
  0.709677398      0.322580636       9.6322622918674323E-009
  0.741935492      0.322580636      -5.5888286651008931E-009
  0.774193525      0.322580636       2.6147509763700561E-009
  0.806451619      0.322580636       3.5586367979455140E-008
  0.838709652      0.322580636       9.3555662885412914E-010
  0.870967746      0.322580636       7.8992240598484093E-008
  0.903225780      0.322580636      -8.9825549521586827E-008
  0.935483873      0.322580636       1.9634393195956883E-007
  0.967741907      0.322580636       7.7864344339874403E-007
   1.00000000      0.322580636      -7.6603135739761006E-007
   0.00000000      0.354838699       1.1529104292687433E-006
   3.22580636E-02  0.354838699       2.4751625097973632E-006
   6.45161271E-02  0.354838699       1.6088471476671732E-005
   9.67741907E-02  0.354838699       1.3996890590712742E-004
  0.129032254      0.354838699       9.4470147195097423E-004
  0.161290318      0.354838699       4.6569711221781523E-003
  0.193548381      0.354838699       1.6390711702178387E-002
  0.225806445      0.354838699       3.6152378732632343E-002
  0.258064508      0.354838699       3.5954048882695107E-002
  0.290322572      0.354838699       2.2469007471721716E-002
  0.322580636      0.354838699       2.8811324004298720E-002
  0.354838699      0.354838699       3.8238519738568844E-002
  0.387096763      0.354838699       3.5262458148430834E-002
  0.419354826      0.354838699       2.0433091310671676E-002
  0.451612890      0.354838699       7.4459478610437247E-003
  0.483870953      0.354838699       1.8774820320794081E-003
  0.516129017      0.354838699       3.5908490795363238E-004
  0.548387110      0.354838699       5.4972582211553092E-005
  0.580645144      0.354838699       6.8101242147483284E-006
  0.612903237      0.354838699       3.7211812136088404E-007
  0.645161271      0.354838699       1.4599807111212908E-007
  0.677419364      0.354838699      -9.4522190385915548E-008
  0.709677398      0.354838699       1.0751646142693256E-007
  0.741935492      0.354838699      -3.8531049259497955E-008
  0.774193525      0.354838699       5.2414624026936457E-008
  0.806451619      0.354838699      -4.6317633705030207E-008
  0.838709652      0.354838699       3.7180994857404626E-008
  0.870967746      0.354838699      -7.3615403757410251E-008
  0.903225780      0.354838699       9.9404808576915756E-008
  0.935483873      0.354838699      -1.9938932862999133E-007
  0.967741907      0.354838699      -8.1221043792433920E-007
   1.00000000      0.354838699       8.0029823449844791E-007
   0.00000000      0.387096763      -8.7395786257144765E-007
   3.22580636E-02  0.387096763      -7.6984837736919367E-007
   6.45161271E-02  0.387096763       1.1227590883518971E-005
   9.67741907E-02  0.387096763       1.0246574798948234E-004
  0.129032254      0.387096763       7.3817244120946430E-004
  0.161290318      0.387096763       3.4612157510838177E-003
  0.193548381      0.387096763       1.1969326029585201E-002
  0.225806445      0.387096763       2.9127029893754198E-002
  0.258064508      0.387096763       2.8669191903960705E-002
  0.290322572      0.387096763       1.4332076237581568E-002
  0.322580636      0.387096763       2.1573421310479981E-002
  0.354838699      0.387096763       3.0822976915698762E-002
  0.387096763      0.387096763       2.8542629277936861E-002
  0.419354826      0.387096763       1.5888416851209761E-002
  0.451612890      0.387096763       5.4716545459506782E-003
  0.483870953      0.387096763       1.3662096213535669E-003
  0.516129017      0.387096763       2.7534798459291865E-004
  0.548387110      0.387096763       4.6288024149236791E-005
  0.580645144      0.387096763       6.9960847743643960E-006
  0.612903237      0.387096763       9.8910772558526012E-007
  0.645161271      0.387096763      -1.2110451378938598E-007
  0.677419364      0.387096763       8.5385699181257865E-008
  0.709677398      0.387096763      -4.5940906759260969E-008
  0.741935492      0.387096763       2.7191485717581746E-008
  0.774193525      0.387096763      -1.5290453954719980E-008
  0.806451619      0.387096763       4.4924779960013219E-008
  0.838709652      0.387096763      -2.7393795585699882E-008
  0.870967746      0.387096763       8.1946425241311538E-008
  0.903225780      0.387096763      -7.6375462237056480E-008
  0.935483873      0.387096763       2.2581073578200636E-007
  0.967741907      0.387096763       8.8394616621340877E-007
   1.00000000      0.387096763      -8.0557424329506945E-007
   0.00000000      0.419354826       1.3587262101695968E-006
   3.22580636E-02  0.419354826       8.9365185974473591E-007
   6.45161271E-02  0.419354826       6.5555456256962153E-006
   9.67741907E-02  0.419354826       5.8942539023875758E-005
  0.129032254      0.419354826       3.9696411261312957E-004
  0.161290318      0.419354826       1.6636140158635222E-003
  0.193548381      0.419354826       6.0764210561305666E-003
  0.225806445      0.419354826       1.6612940927359689E-002
  0.258064508      0.419354826       1.4105886705458971E-002
  0.290322572      0.419354826       5.0852994721794133E-003
  0.322580636      0.419354826       1.1264035033599809E-002
  0.354838699      0.419354826       1.7277786701899219E-002
  0.387096763      0.419354826       1.5674329991581845E-002
  0.419354826      0.419354826       8.0392897031210699E-003
  0.451612890      0.419354826       2.5802250553997822E-003
  0.483870953      0.419354826       6.2694317393803079E-004
  0.516129017      0.419354826       1.2310423426554329E-004
  0.548387110      0.419354826       2.1394811434695093E-005
  0.580645144      0.419354826       4.0351424303783185E-006
  0.612903237      0.419354826       6.5409940690456923E-007
  0.645161271      0.419354826      -1.6946158650168101E-007
  0.677419364      0.419354826       1.4085424169468909E-007
  0.709677398      0.419354826      -5.8188953545469896E-008
  0.741935492      0.419354826       8.3114611861676776E-008
  0.774193525      0.419354826      -4.6071161004791246E-008
  0.806451619      0.419354826       2.9851276782953259E-008
  0.838709652      0.419354826       8.0969598075232723E-009
  0.870967746      0.419354826      -3.3951152365587989E-008
  0.903225780      0.419354826       6.2334260145671771E-008
  0.935483873      0.419354826      -2.2303940926890460E-007
  0.967741907      0.419354826      -9.1091141382474458E-007
   1.00000000      0.419354826       8.2811801492416957E-007
   0.00000000      0.451612890      -9.7320549769355205E-007
   3.22580636E-02  0.451612890      -9.1419127948368958E-007
   6.45161271E-02  0.451612890       3.1838956746146527E-006
   9.67741907E-02  0.451612890       2.7040375028391011E-005
  0.129032254      0.451612890       1.3679474482729427E-004
  0.161290318      0.451612890       5.6541468159139474E-004
  0.193548381      0.451612890       2.3402167917412403E-003
  0.225806445      0.451612890       6.4750381236371073E-003
  0.258064508      0.451612890       4.0656540893753033E-003
  0.290322572      0.451612890       1.3187388485761654E-003
  0.322580636      0.451612890       4.1661633494187523E-003
  0.354838699      0.451612890       6.6795766107625668E-003
  0.387096763      0.451612890       5.8969813759053111E-003
  0.419354826      0.451612890       2.8019198233815001E-003
  0.451612890      0.451612890       8.3556982578795970E-004
  0.483870953      0.451612890       1.8588665729862681E-004
  0.516129017      0.451612890       3.3325193502026993E-005
  0.548387110      0.451612890       7.0441373667744442E-006
  0.580645144      0.451612890       1.4352602261630589E-006
  0.612903237      0.451612890       7.1889286019595414E-008
  0.645161271      0.451612890      -4.1389512282389719E-008
  0.677419364      0.451612890       3.2448172732630377E-008
  0.709677398      0.451612890      -1.2487192087888742E-008
  0.741935492      0.451612890      -1.3242893094131104E-008
  0.774193525      0.451612890       3.2295275045473464E-008
  0.806451619      0.451612890       8.3258944146785158E-009
  0.838709652      0.451612890      -1.5026509837749501E-008
  0.870967746      0.451612890       5.8648778746770392E-008
  0.903225780      0.451612890      -5.6675588122541122E-008
  0.935483873      0.451612890       2.5257034365545471E-007
  0.967741907      0.451612890       9.7233665458368233E-007
   1.00000000      0.451612890      -8.1766126479368322E-007
   0.00000000      0.483870953       1.0224350773917456E-006
   3.22580636E-02  0.483870953       8.9429211407567322E-007
   6.45161271E-02  0.483870953       1.1627515772360881E-006
   9.67741907E-02  0.483870953       6.8180512797622229E-006
  0.129032254      0.483870953       3.2406230842514213E-005
  0.161290318      0.483870953       1.5699544491439458E-004
  0.193548381      0.483870953       6.6611170769058283E-004
  0.225806445      0.483870953       1.7240285633247580E-003
  0.258064508      0.483870953       7.3471586763154022E-004
  0.290322572      0.483870953       3.0362314370867082E-004
  0.322580636      0.483870953       1.1072643196044863E-003
  0.354838699      0.483870953       1.8554836115726265E-003
  0.387096763      0.483870953       1.6162921056494259E-003
  0.419354826      0.483870953       7.2473626152503808E-004
  0.451612890      0.483870953       1.9283496607600242E-004
  0.483870953      0.483870953       3.6860606409343092E-005
  0.516129017      0.483870953       8.5975909532337686E-006
  0.548387110      0.483870953       2.7430568018907051E-006
  0.580645144      0.483870953       2.9373866103489166E-007
  0.612903237      0.483870953      -7.1678587146626049E-008
  0.645161271      0.483870953       9.9266825444643605E-008
  0.677419364      0.483870953      -8.1475047218874894E-008
  0.709677398      0.483870953       9.9281705957475036E-008
  0.741935492      0.483870953      -5.3121181920114557E-008
  0.774193525      0.483870953       4.5774748790504943E-008
  0.806451619      0.483870953      -5.5297337816885457E-008
  0.838709652      0.483870953       7.5468528368139690E-008
  0.870967746      0.483870953      -6.7491327027148690E-008
  0.903225780      0.483870953       9.3003550665497891E-008
  0.935483873      0.483870953      -2.6200013617505927E-007
  0.967741907      0.483870953      -9.8026624992877102E-007
   1.00000000      0.483870953       8.2310062085737165E-007
   0.00000000      0.516129017      -9.4887654145623181E-007
   3.22580636E-02  0.516129017      -8.5881180881902580E-007
   6.45161271E-02  0.516129017       6.7645884394387433E-008
   9.67741907E-02  0.516129017       1.0170160280555186E-006
  0.129032254      0.516129017       8.3206143975364785E-006
  0.161290318      0.516129017       3.0405777506651141E-005
  0.193548381      0.516129017       1.3455848810394320E-004
  0.225806445      0.516129017       3.2568362051054096E-004
  0.258064508      0.516129017       7.8255924062847916E-005
  0.290322572      0.516129017       5.8927412055209079E-005
  0.322580636      0.516129017       2.0984341014524725E-004
  0.354838699      0.516129017       3.8294072339565123E-004
  0.387096763      0.516129017       3.4335697998909563E-004
  0.419354826      0.516129017       1.4483251530347121E-004
  0.451612890      0.516129017       3.4048974165694845E-005
  0.483870953      0.516129017       8.5312853584660354E-006
  0.516129017      0.516129017       3.6872096454119055E-006
  0.548387110      0.516129017       6.7113870186530632E-007
  0.580645144      0.516129017       3.1270154965001551E-007
  0.612903237      0.516129017       2.6404641340953269E-008
  0.645161271      0.516129017      -1.8062058551486398E-008
  0.677419364      0.516129017       2.7311064720011538E-008
  0.709677398      0.516129017      -3.6102791188691669E-008
  0.741935492      0.516129017       2.0020333133823030E-008
  0.774193525      0.516129017       1.3823789081186946E-008
  0.806451619      0.516129017       2.5714214974118674E-008
  0.838709652      0.516129017      -2.2010884531049467E-008
  0.870967746      0.516129017       3.2512615798461836E-008
  0.903225780      0.516129017      -4.6618879682691251E-008
  0.935483873      0.516129017       2.5150830003609433E-007
  0.967741907      0.516129017       1.0301049381432879E-006
   1.00000000      0.516129017      -7.9617867228946761E-007
   0.00000000      0.548387110       9.5433978888427088E-007
   3.22580636E-02  0.548387110       8.9677724417498226E-007
   6.45161271E-02  0.548387110      -4.5250991053828824E-008
   9.67741907E-02  0.548387110       5.2605656982284923E-008
  0.129032254      0.548387110       1.1742574375773019E-006
  0.161290318      0.548387110       3.4530948223337421E-006
  0.193548381      0.548387110       2.1733607737661604E-005
  0.225806445      0.548387110       4.1260820542891684E-005
  0.258064508      0.548387110       4.9576123044724237E-006
  0.290322572      0.548387110       8.5129754997746563E-006
  0.322580636      0.548387110       2.7344642029126438E-005
  0.354838699      0.548387110       5.8456568424976201E-005
  0.387096763      0.548387110       5.9533292389844881E-005
  0.419354826      0.548387110       2.6959598979132238E-005
  0.451612890      0.548387110       7.1245941230057356E-006
  0.483870953      0.548387110       3.3468655580990765E-006
  0.516129017      0.548387110       1.1076046627427831E-006
  0.548387110      0.548387110       3.5541309638486327E-007
  0.580645144      0.548387110       2.6794433345309492E-008
  0.612903237      0.548387110      -8.1601777291666998E-008
  0.645161271      0.548387110       4.2801876279952835E-008
  0.677419364      0.548387110      -5.0110445128690162E-008
  0.709677398      0.548387110       5.7174667936855528E-008
  0.741935492      0.548387110      -2.9806285759050540E-008
  0.774193525      0.548387110       2.9749542606442283E-008
  0.806451619      0.548387110      -6.2875008071864182E-008
  0.838709652      0.548387110       9.0917441585903772E-008
  0.870967746      0.548387110      -7.7548588733116733E-008
  0.903225780      0.548387110       1.3094786183858627E-007
  0.935483873      0.548387110      -2.7840749070093392E-007
  0.967741907      0.548387110      -1.0000273653148074E-006
   1.00000000      0.548387110       7.8146362590472768E-007
   0.00000000      0.580645144      -9.4219123614138942E-007
   3.22580636E-02  0.580645144      -9.1422506334252418E-007
   6.45161271E-02  0.580645144       2.2211452579265869E-008
   9.67741907E-02  0.580645144       5.4987537001247227E-008
  0.129032254      0.580645144      -2.2955102366293792E-008
  0.161290318      0.580645144       9.9982973063863125E-009
  0.193548381      0.580645144       2.0653861908885336E-006
  0.225806445      0.580645144       2.8412143369958930E-006
  0.258064508      0.580645144      -3.9167192386485426E-007
  0.290322572      0.580645144       6.1842647794468948E-007
  0.322580636      0.580645144       1.4776116602870052E-006
  0.354838699      0.580645144       6.1285391392334487E-006
  0.387096763      0.580645144       9.4714589212408287E-006
  0.419354826      0.580645144       4.3429487706959952E-006
  0.451612890      0.580645144       6.3890047951720369E-007
  0.483870953      0.580645144       9.7284946508332729E-007
  0.516129017      0.580645144       1.5269509210484140E-008
  0.548387110      0.580645144      -1.0627925453999608E-008
  0.580645144      0.580645144       1.0963969875745046E-008
  0.612903237      0.580645144       2.5278912859241401E-008
  0.645161271      0.580645144       1.5960055244449043E-008
  0.677419364      0.580645144       3.2656733059393976E-010
  0.709677398      0.580645144       1.0189679060063043E-008
  0.741935492      0.580645144      -7.9727431789183183E-009
  0.774193525      0.580645144       1.0505489796195165E-008
  0.806451619      0.580645144       3.8040180383304577E-008
  0.838709652      0.580645144      -3.0207828185260379E-008
  0.870967746      0.580645144       3.4810553462272353E-008
  0.903225780      0.580645144      -8.1240664941757824E-008
  0.935483873      0.580645144       2.4866276606979052E-007
  0.967741907      0.580645144       1.0417818077676781E-006
   1.00000000      0.580645144      -7.5229574369629644E-007
   0.00000000      0.612903237       9.5552216113462405E-007
   3.22580636E-02  0.612903237       1.0286943978502302E-006
   6.45161271E-02  0.612903237      -3.4062216588295632E-009
   9.67741907E-02  0.612903237      -2.9645015340130997E-008
  0.129032254      0.612903237       4.6566396426163123E-008
  0.161290318      0.612903237       1.0199355276912718E-007
  0.193548381      0.612903237      -8.3926283913817525E-009
  0.225806445      0.612903237       2.3535804374144670E-007
  0.258064508      0.612903237       2.4381473069844046E-007
  0.290322572      0.612903237       3.5014421516511385E-007
  0.322580636      0.612903237      -9.1382722132329855E-008
  0.354838699      0.612903237      -7.1702881692079470E-007
  0.387096763      0.612903237       6.6849639662979079E-007
  0.419354826      0.612903237       1.3546616664509425E-006
  0.451612890      0.612903237       1.1969518772900507E-006
  0.483870953      0.612903237       7.8112435651185226E-008
  0.516129017      0.612903237      -1.9262047273472491E-008
  0.548387110      0.612903237      -3.4974846231754340E-009
  0.580645144      0.612903237      -1.9187102264002105E-008
  0.612903237      0.612903237      -1.6173442345959467E-008
  0.645161271      0.612903237      -2.6841392072640766E-008
  0.677419364      0.612903237       1.1399226571345884E-008
  0.709677398      0.612903237      -1.8192950743261273E-008
  0.741935492      0.612903237       2.1713303820557901E-008
  0.774193525      0.612903237      -8.0223777915176122E-009
  0.806451619      0.612903237      -1.5160701621282494E-008
  0.838709652      0.612903237       1.6684437680260299E-008
  0.870967746      0.612903237      -2.1138596121126859E-010
  0.903225780      0.612903237       7.1896722725218647E-008
  0.935483873      0.612903237      -2.0992943877497739E-007
  0.967741907      0.612903237      -1.0267502296635354E-006
   1.00000000      0.612903237       7.3042377840241222E-007
   0.00000000      0.645161271      -9.4782529068860327E-007
   3.22580636E-02  0.645161271      -1.1167197100252269E-006
   6.45161271E-02  0.645161271       2.6682347347639352E-009
   9.67741907E-02  0.645161271       4.7045474522474712E-008
  0.129032254      0.645161271      -1.5709155626505453E-008
  0.161290318      0.645161271      -6.7051817780824546E-008
  0.193548381      0.645161271      -6.3047087688225010E-008
  0.225806445      0.645161271      -3.5974784723253912E-008
  0.258064508      0.645161271      -2.9942825847761859E-007
  0.290322572      0.645161271      -7.0835432524457553E-008
  0.322580636      0.645161271      -4.3412820825750750E-008
  0.354838699      0.645161271       7.6150944068958411E-007
  0.387096763      0.645161271       5.8499314873433377E-007
  0.419354826      0.645161271       1.0295323328085465E-006
  0.451612890      0.645161271       4.8765833419839594E-008
  0.483870953      0.645161271       4.7647367925402405E-008
  0.516129017      0.645161271      -7.0980055028662369E-008
  0.548387110      0.645161271       9.5706801424283784E-008
  0.580645144      0.645161271      -4.2959614222277451E-008
  0.612903237      0.645161271       6.2738658099783281E-008
  0.645161271      0.645161271      -2.3742616891565863E-008
  0.677419364      0.645161271       2.4441405529956742E-008
  0.709677398      0.645161271       4.0855043191362628E-009
  0.741935492      0.645161271      -1.2676474227164394E-008
  0.774193525      0.645161271       2.4151877088098600E-008
  0.806451619      0.645161271       1.2670423018506442E-008
  0.838709652      0.645161271       3.7634138056979790E-009
  0.870967746      0.645161271       1.2783196964384679E-008
  0.903225780      0.645161271      -4.6245332762953553E-008
  0.935483873      0.645161271       2.0742543552840920E-007
  0.967741907      0.645161271       1.0278836191951502E-006
   1.00000000      0.645161271      -6.7662758725555940E-007
   0.00000000      0.677419364       9.7677264882405570E-007
   3.22580636E-02  0.677419364       1.1945371850738361E-006
   6.45161271E-02  0.677419364       8.4978699196990948E-008
   9.67741907E-02  0.677419364      -8.8757857332842447E-008
  0.129032254      0.677419364       8.1074378690345097E-008
  0.161290318      0.677419364       5.1427706903001332E-008
  0.193548381      0.677419364       1.1192143739295264E-007
  0.225806445      0.677419364       6.7460565874059685E-008
  0.258064508      0.677419364       2.8935211788518700E-007
  0.290322572      0.677419364       9.3209004410637059E-008
  0.322580636      0.677419364       1.5612385004945022E-007
  0.354838699      0.677419364      -9.8140727749291917E-008
  0.387096763      0.677419364       4.5039004845036330E-007
  0.419354826      0.677419364       1.2471555618267199E-007
  0.451612890      0.677419364      -4.7467503068248511E-008
  0.483870953      0.677419364      -1.8005337430948377E-008
  0.516129017      0.677419364       4.1713156019961054E-008
  0.548387110      0.677419364      -2.9536500517990791E-008
  0.580645144      0.677419364      -2.3309461726159902E-008
  0.612903237      0.677419364       1.8356212836240874E-008
  0.645161271      0.677419364      -3.1589821816478199E-008
  0.677419364      0.677419364       3.6976767296801982E-008
  0.709677398      0.677419364      -4.0591999021568225E-008
  0.741935492      0.677419364       5.0958405514905411E-008
  0.774193525      0.677419364      -3.6280840972402090E-008
  0.806451619      0.677419364       9.3267862757723392E-009
  0.838709652      0.677419364      -1.8083106049100728E-008
  0.870967746      0.677419364       1.4982514848542582E-009
  0.903225780      0.677419364       4.4073988295904605E-008
  0.935483873      0.677419364      -1.8363099450195222E-007
  0.967741907      0.677419364      -1.0016534050976328E-006
   1.00000000      0.677419364       6.5103671009429876E-007
   0.00000000      0.709677398      -9.5062612156824936E-007
   3.22580636E-02  0.709677398      -1.2860264276631646E-006
   6.45161271E-02  0.709677398      -6.0910348513274887E-008
   9.67741907E-02  0.709677398       6.0470446656794391E-008
  0.129032254      0.709677398      -5.5043391630556296E-009
  0.161290318      0.709677398      -7.2050809431676097E-008
  0.193548381      0.709677398      -1.2935751722961081E-008
  0.225806445      0.709677398      -1.1191793195784109E-007
  0.258064508      0.709677398      -1.2788043576234468E-007
  0.290322572      0.709677398      -1.1809150476630059E-007
  0.322580636      0.709677398       1.7525883669762438E-008
  0.354838699      0.709677398       5.9676199968872646E-008
  0.387096763      0.709677398       5.1478479987107696E-008
  0.419354826      0.709677398      -1.1753542395454819E-007
  0.451612890      0.709677398       6.8176148181273596E-008
  0.483870953      0.709677398       1.0873441148224503E-008
  0.516129017      0.709677398      -1.8461048711517719E-008
  0.548387110      0.709677398       1.2089911033532814E-008
  0.580645144      0.709677398       3.0314823362227728E-008
  0.612903237      0.709677398      -7.5286255724802955E-009
  0.645161271      0.709677398       1.0272119010087111E-008
  0.677419364      0.709677398       2.0641987049922918E-009
  0.709677398      0.709677398       1.9771250377453939E-009
  0.741935492      0.709677398       1.1799250554974318E-008
  0.774193525      0.709677398      -7.5074207555320499E-009
  0.806451619      0.709677398       4.6379948547731955E-008
  0.838709652      0.709677398       1.5444870325642542E-009
  0.870967746      0.709677398       4.5585171568383955E-008
  0.903225780      0.709677398      -5.6595311171895385E-008
  0.935483873      0.709677398       2.0069719866405722E-007
  0.967741907      0.709677398       9.6421877900118209E-007
   1.00000000      0.709677398      -5.9076732145698503E-007
   0.00000000      0.741935492       9.5804959481667030E-007
   3.22580636E-02  0.741935492       1.3414285565015107E-006
   6.45161271E-02  0.741935492       1.1349081613964177E-007
   9.67741907E-02  0.741935492      -5.5413753545751712E-008
  0.129032254      0.741935492       2.5595679119882029E-008
  0.161290318      0.741935492       7.3954409467065617E-008
  0.193548381      0.741935492       3.1134859997245848E-008
  0.225806445      0.741935492       1.2182475736895240E-007
  0.258064508      0.741935492       1.1915489523223596E-007
  0.290322572      0.741935492       1.2656051380351409E-007
  0.322580636      0.741935492       6.8534181166152869E-009
  0.354838699      0.741935492      -4.4087513642308218E-008
  0.387096763      0.741935492      -3.4022147386783608E-008
  0.419354826      0.741935492       7.3647760520964770E-008
  0.451612890      0.741935492      -1.4745828875754134E-008
  0.483870953      0.741935492      -3.6852098162169417E-008
  0.516129017      0.741935492       6.4525950087720700E-008
  0.548387110      0.741935492      -2.9449132802358587E-008
  0.580645144      0.741935492       1.2042879816338072E-008
  0.612903237      0.741935492      -1.6933852522711818E-008
  0.645161271      0.741935492       2.5986255066383418E-008
  0.677419364      0.741935492      -1.3113174319652742E-008
  0.709677398      0.741935492      -5.5732482916017753E-009
  0.741935492      0.741935492       1.3660794654705747E-009
  0.774193525      0.741935492      -1.0977389471121844E-008
  0.806451619      0.741935492      -7.1768094059548070E-009
  0.838709652      0.741935492      -2.7293465505366572E-008
  0.870967746      0.741935492      -2.5547206547244555E-008
  0.903225780      0.741935492       6.5191944258134139E-008
  0.935483873      0.741935492      -1.6160248539055043E-007
  0.967741907      0.741935492      -9.1558236127385384E-007
   1.00000000      0.741935492       5.5556279829471449E-007
   0.00000000      0.774193525      -9.3989591202913125E-007
   3.22580636E-02  0.774193525      -1.2971157931028059E-006
   6.45161271E-02  0.774193525      -1.8185731256784330E-007
   9.67741907E-02  0.774193525       1.4208981207000955E-007
  0.129032254      0.774193525      -7.8662603044726791E-008
  0.161290318      0.774193525       2.9031721788399886E-008
  0.193548381      0.774193525      -7.6150980353590898E-008
  0.225806445      0.774193525      -1.7788877658080264E-008
  0.258064508      0.774193525      -1.3256187393692427E-007
  0.290322572      0.774193525      -3.1715835637314116E-008
  0.322580636      0.774193525      -1.9759268583600153E-008
  0.354838699      0.774193525       7.5318011052475081E-008
  0.387096763      0.774193525       4.5060857311293019E-008
  0.419354826      0.774193525      -4.7070964874154883E-008
  0.451612890      0.774193525       4.0150202598017163E-008
  0.483870953      0.774193525       1.4940137496441488E-008
  0.516129017      0.774193525      -1.8126603665962019E-008
  0.548387110      0.774193525      -1.0703857869346454E-008
  0.580645144      0.774193525       5.1920111776391673E-008
  0.612903237      0.774193525      -3.0588928240670152E-008
  0.645161271      0.774193525       2.8587816357772422E-008
  0.677419364      0.774193525      -1.0468258295906243E-008
  0.709677398      0.774193525       3.8395572836004775E-008
  0.741935492      0.774193525       1.1330358389170280E-008
  0.774193525      0.774193525       1.2506183080892333E-008
  0.806451619      0.774193525       2.9810232428339123E-008
  0.838709652      0.774193525       2.7135586454488702E-008
  0.870967746      0.774193525       5.1440735793171487E-008
  0.903225780      0.774193525      -8.2127898479334866E-008
  0.935483873      0.774193525       1.5294041165539669E-007
  0.967741907      0.774193525       8.6400057651324022E-007
   1.00000000      0.774193525      -4.8314362587654902E-007
   0.00000000      0.806451619       8.8476711412154797E-007
   3.22580636E-02  0.806451619       1.3268258728611051E-006
   6.45161271E-02  0.806451619       1.5255521401073947E-007
   9.67741907E-02  0.806451619      -6.2777785613805465E-008
  0.129032254      0.806451619       2.0932267977413930E-008
  0.161290318      0.806451619       4.9899095782116821E-008
  0.193548381      0.806451619       1.7204697138632520E-008
  0.225806445      0.806451619       9.7104579571566044E-008
  0.258064508      0.806451619       5.9336594060189361E-008
  0.290322572      0.806451619       1.0680955972657163E-007
  0.322580636      0.806451619      -2.1428373984460494E-008
  0.354838699      0.806451619       9.6047286225294036E-010
  0.387096763      0.806451619      -6.3213073851328819E-008
  0.419354826      0.806451619       8.3563459559776033E-008
  0.451612890      0.806451619      -4.5030302124791654E-008
  0.483870953      0.806451619       1.7400146843733377E-008
  0.516129017      0.806451619       1.6459648110161449E-008
  0.548387110      0.806451619       2.2714651835605073E-008
  0.580645144      0.806451619      -4.2875944805142498E-008
  0.612903237      0.806451619       4.2042667264469664E-008
  0.645161271      0.806451619      -2.9657201836800018E-008
  0.677419364      0.806451619       2.8694934341093417E-008
  0.709677398      0.806451619      -5.5085521214493257E-008
  0.741935492      0.806451619       2.3534719867370031E-008
  0.774193525      0.806451619      -3.1256988302896841E-008
  0.806451619      0.806451619       4.8071358732317033E-009
  0.838709652      0.806451619      -5.1460118024589443E-008
  0.870967746      0.806451619      -1.5541629278009060E-008
  0.903225780      0.806451619       8.5599083739093032E-008
  0.935483873      0.806451619      -9.3346822706842481E-008
  0.967741907      0.806451619      -7.9243823637535527E-007
   1.00000000      0.806451619       4.3362117470481623E-007
   0.00000000      0.838709652      -8.0709711368166456E-007
   3.22580636E-02  0.838709652      -1.2093491844899621E-006
   6.45161271E-02  0.838709652      -1.7433753891168388E-007
   9.67741907E-02  0.838709652       9.5442114117441137E-008
  0.129032254      0.838709652      -2.3941323273253811E-008
  0.161290318      0.838709652      -7.1488080721128845E-009
  0.193548381      0.838709652      -2.6059373530297922E-008
  0.225806445      0.838709652      -2.6549683556675288E-008
  0.258064508      0.838709652      -7.3992764462413732E-008
  0.290322572      0.838709652      -3.5197733749443528E-008
  0.322580636      0.838709652      -3.7001332856612848E-009
  0.354838699      0.838709652       5.6966159618247955E-008
  0.387096763      0.838709652       3.6177584697969953E-008
  0.419354826      0.838709652      -1.4823028717565310E-008
  0.451612890      0.838709652       2.0502151809177217E-008
  0.483870953      0.838709652       2.3537297759580289E-008
  0.516129017      0.838709652      -1.6803169052376384E-008
  0.548387110      0.838709652       5.5305736688114567E-009
  0.580645144      0.838709652       3.4574006814732177E-008
  0.612903237      0.838709652      -5.9246597986059757E-009
  0.645161271      0.838709652       1.2994588699265329E-008
  0.677419364      0.838709652       7.1733804436075627E-009
  0.709677398      0.838709652       4.1881095014463779E-008
  0.741935492      0.838709652      -2.1372617609394920E-009
  0.774193525      0.838709652       2.6046153522043270E-008
  0.806451619      0.838709652       1.3238407202705137E-008
  0.838709652      0.838709652       4.6091568862130504E-008
  0.870967746      0.838709652       4.6280406126484835E-008
  0.903225780      0.838709652      -1.0916996683453799E-007
  0.935483873      0.838709652       9.1159463534717859E-008
  0.967741907      0.838709652       7.0742105679810465E-007
   1.00000000      0.838709652      -3.6130111788533828E-007
   0.00000000      0.870967746       6.8727103173354728E-007
   3.22580636E-02  0.870967746       1.1549822777246415E-006
   6.45161271E-02  0.870967746       8.3070722669094129E-008
   9.67741907E-02  0.870967746       3.8993197354085663E-008
  0.129032254      0.870967746      -8.7315188878598389E-008
  0.161290318      0.870967746       1.3786962727959806E-007
  0.193548381      0.870967746      -9.0995632308356658E-008
  0.225806445      0.870967746       1.5951210360952254E-007
  0.258064508      0.870967746      -4.6361117185014642E-008
  0.290322572      0.870967746       1.6060096550306372E-007
  0.322580636      0.870967746      -8.5960872819141618E-008
  0.354838699      0.870967746       5.1429731611673165E-008
  0.387096763      0.870967746      -8.9281574281187431E-008
  0.419354826      0.870967746       8.5662913112231316E-008
  0.451612890      0.870967746      -6.4386279175619667E-008
  0.483870953      0.870967746       2.9042273740479634E-008
  0.516129017      0.870967746       3.2456627208121456E-009
  0.548387110      0.870967746       1.9509989497721341E-008
  0.580645144      0.870967746      -2.8842594838710907E-008
  0.612903237      0.870967746       6.4048145747854229E-009
  0.645161271      0.870967746       1.5378123560788638E-008
  0.677419364      0.870967746      -2.6516660208628340E-008
  0.709677398      0.870967746       1.2813566626873252E-008
  0.741935492      0.870967746      -3.8921957129176957E-008
  0.774193525      0.870967746       3.8932195379955058E-008
  0.806451619      0.870967746      -4.8905462108845708E-008
  0.838709652      0.870967746       6.4714127501663706E-009
  0.870967746      0.870967746      -4.9043073767319164E-008
  0.903225780      0.870967746       1.1895091360040244E-007
  0.935483873      0.870967746      -5.6663963751133454E-008
  0.967741907      0.870967746      -6.0836262534843105E-007
   1.00000000      0.870967746       3.2022316190603162E-007
   0.00000000      0.903225780      -5.6075396747760332E-007
   3.22580636E-02  0.903225780      -9.2421864362771595E-007
   6.45161271E-02  0.903225780      -1.0856216265625893E-007
   9.67741907E-02  0.903225780       1.7980735108403904E-008
  0.129032254      0.903225780       4.4493272495129795E-008
  0.161290318      0.903225780      -6.5366634706542899E-008
  0.193548381      0.903225780       4.0351611186124771E-008
  0.225806445      0.903225780      -5.3313758915033797E-008
  0.258064508      0.903225780      -1.7390155361125339E-008
  0.290322572      0.903225780      -4.7769871616738763E-008
  0.322580636      0.903225780       1.3031987030075091E-008
  0.354838699      0.903225780       4.3993873098650856E-008
  0.387096763      0.903225780       2.2201870072848735E-008
  0.419354826      0.903225780      -3.0291402477854351E-009
  0.451612890      0.903225780       3.9119381181516335E-008
  0.483870953      0.903225780       8.5737468954854549E-009
  0.516129017      0.903225780       2.1242655495119051E-009
  0.548387110      0.903225780      -9.4055317476536030E-010
  0.580645144      0.903225780       4.3446190106534085E-008
  0.612903237      0.903225780      -1.4085677846798219E-009
  0.645161271      0.903225780      -1.2652831233460056E-009
  0.677419364      0.903225780       4.1785746415991016E-008
  0.709677398      0.903225780      -1.9720419846787677E-008
  0.741935492      0.903225780       4.8173898412493848E-008
  0.774193525      0.903225780      -1.9303867815316347E-008
  0.806451619      0.903225780       4.4636610699799251E-008
  0.838709652      0.903225780      -1.4413432557591268E-008
  0.870967746      0.903225780       7.0643399631176074E-008
  0.903225780      0.903225780      -1.1497360545821410E-007
  0.935483873      0.903225780       7.0645929103565967E-008
  0.967741907      0.903225780       4.9899563178261243E-007
   1.00000000      0.903225780      -2.4818236658266311E-007
   0.00000000      0.935483873       4.3292908318332668E-007
   3.22580636E-02  0.935483873       7.0836540263275609E-007
   6.45161271E-02  0.935483873       1.0776267895898260E-007
   9.67741907E-02  0.935483873      -1.4416750613049442E-008
  0.129032254      0.935483873      -3.5914774869924324E-009
  0.161290318      0.935483873       6.3704689572916830E-008
  0.193548381      0.935483873      -2.9943707465999367E-008
  0.225806445      0.935483873       6.8042818127638625E-008
  0.258064508      0.935483873       6.1668329598224989E-009
  0.290322572      0.935483873       7.4353148941154717E-008
  0.322580636      0.935483873      -2.3425086691236702E-008
  0.354838699      0.935483873       2.7545460870648988E-009
  0.387096763      0.935483873      -2.6709680892780280E-008
  0.419354826      0.935483873       2.8701863150206358E-008
  0.451612890      0.935483873      -2.6502230948790521E-008
  0.483870953      0.935483873       3.5581560536513643E-009
  0.516129017      0.935483873       1.1383880985100905E-008
  0.548387110      0.935483873       3.4234347253288410E-009
  0.580645144      0.935483873      -2.6532566392492050E-008
  0.612903237      0.935483873       1.7970296826315319E-008
  0.645161271      0.935483873      -4.0467960333950516E-009
  0.677419364      0.935483873       2.6986267999196167E-009
  0.709677398      0.935483873      -5.4269380168570720E-009
  0.741935492      0.935483873       9.0686409233881791E-009
  0.774193525      0.935483873      -1.2230004395010461E-008
  0.806451619      0.935483873       1.9649779484286763E-008
  0.838709652      0.935483873      -2.0812275561992480E-008
  0.870967746      0.935483873      -2.0813126502006981E-009
  0.903225780      0.935483873       6.0278062238653285E-008
  0.935483873      0.935483873      -2.3879350166812797E-008
  0.967741907      0.935483873      -3.7979656481609875E-007
   1.00000000      0.935483873       1.9736076452710938E-007
   0.00000000      0.967741907      -2.9234247955901096E-007
   3.22580636E-02  0.967741907      -3.9473063941372946E-007
   6.45161271E-02  0.967741907      -1.5685912349016866E-007
   9.67741907E-02  0.967741907       1.4691089345911406E-007
  0.129032254      0.967741907      -1.6040412181377359E-007
  0.161290318      0.967741907       1.8014140617797416E-007
  0.193548381      0.967741907      -2.2885361918452744E-007
  0.225806445      0.967741907       2.6116425325654406E-007
  0.258064508      0.967741907      -3.1779745563243046E-007
  0.290322572      0.967741907       3.2213704758431099E-007
  0.322580636      0.967741907      -3.6640875983359515E-007
  0.354838699      0.967741907       4.3029184417133125E-007
  0.387096763      0.967741907      -4.1006212559740984E-007
  0.419354826      0.967741907       4.4839449714482010E-007
  0.451612890      0.967741907      -4.4263009826014195E-007
  0.483870953      0.967741907       4.9848456247216463E-007
  0.516129017      0.967741907      -4.8852130497174823E-007
  0.548387110      0.967741907       4.9759405182991444E-007
  0.580645144      0.967741907      -4.4097999573166320E-007
  0.612903237      0.967741907       4.4787275226479179E-007
  0.645161271      0.967741907      -4.2504013296794272E-007
  0.677419364      0.967741907       4.3371554340927608E-007
  0.709677398      0.967741907      -4.0788395398168791E-007
  0.741935492      0.967741907       4.1616110138068219E-007
  0.774193525      0.967741907      -3.7827450503668409E-007
  0.806451619      0.967741907       3.4028848564196013E-007
  0.838709652      0.967741907      -2.8488314647312086E-007
  0.870967746      0.967741907       2.7193026060531178E-007
  0.903225780      0.967741907      -2.4192535690530795E-007
  0.935483873      0.967741907       1.8701957509063103E-007
  0.967741907      0.967741907       1.4404034294492161E-007
   1.00000000      0.967741907      -7.5106249196580929E-008
   0.00000000       1.00000000       1.0105834027919789E-007
   3.22580636E-02   1.00000000       1.8719735338856465E-007
   6.45161271E-02   1.00000000      -3.7143758015695418E-009
   9.67741907E-02   1.00000000       6.5487980452362926E-008
  0.129032254       1.00000000      -8.9968338853895328E-008
  0.161290318       1.00000000       1.3866463342414388E-007
  0.193548381       1.00000000      -1.3005588482412172E-007
  0.225806445       1.00000000       1.5113077497081875E-007
  0.258064508       1.00000000      -1.2711200161759532E-007
  0.290322572       1.00000000       1.5075907997221568E-007
  0.322580636       1.00000000      -1.1389457591704711E-007
  0.354838699       1.00000000       9.3654636860417593E-008
  0.387096763       1.00000000      -5.1491101919103034E-008
  0.419354826       1.00000000       1.4770724068342271E-008
  0.451612890       1.00000000       4.4531285653155872E-008
  0.483870953       1.00000000      -8.9769932141302414E-008
  0.516129017       1.00000000       1.5093007875153338E-007
  0.548387110       1.00000000      -1.9043358572921755E-007
  0.580645144       1.00000000       2.3811436751720260E-007
  0.612903237       1.00000000      -2.6670740386983215E-007
  0.645161271       1.00000000       3.0611446785829778E-007
  0.677419364       1.00000000      -3.0814440155044238E-007
  0.709677398       1.00000000       3.1363791490864697E-007
  0.741935492       1.00000000      -2.9806940124218479E-007
  0.774193525       1.00000000       2.9276762075604153E-007
  0.806451619       1.00000000      -2.5565954357226248E-007
  0.838709652       1.00000000       2.4143806567256919E-007
  0.870967746       1.00000000      -2.0769068025746083E-007
  0.903225780       1.00000000       1.9196843752832808E-007
  0.935483873       1.00000000      -1.3727107716962081E-007
  0.967741907       1.00000000       4.4183764937841508E-009
   1.00000000       1.00000000       1.5911358712783345E-008
