 # X Y F 
   0.00000000       0.00000000      -4.1531462833689758E-009
   3.22580636E-02   0.00000000       4.5272185117726868E-007
   6.45161271E-02   0.00000000      -3.4792739048134889E-007
   9.67741907E-02   0.00000000       5.9329037239108592E-007
  0.129032254       0.00000000      -6.2523748430203965E-007
  0.161290318       0.00000000       7.4845994682027357E-007
  0.193548381       0.00000000      -7.4370853591614238E-007
  0.225806445       0.00000000       8.3106372895049749E-007
  0.258064508       0.00000000      -8.3473984060275661E-007
  0.290322572       0.00000000       9.2514090143476303E-007
  0.322580636       0.00000000      -9.3559496920388925E-007
  0.354838699       0.00000000       1.0370202202784776E-006
  0.387096763       0.00000000      -1.0805919840775253E-006
  0.419354826       0.00000000       1.1873815367665591E-006
  0.451612890       0.00000000      -1.1637037751788584E-006
  0.483870953       0.00000000       1.2416694584130284E-006
  0.516129017       0.00000000      -1.1437571558962245E-006
  0.548387110       0.00000000       1.0865946225761794E-006
  0.580645144       0.00000000      -9.7107417087189465E-007
  0.612903237       0.00000000       8.8205614310269293E-007
  0.645161271       0.00000000      -7.6527798397347037E-007
  0.677419364       0.00000000       6.8523200251023948E-007
  0.709677398       0.00000000      -6.1170542107256889E-007
  0.741935492       0.00000000       5.7483509187007596E-007
  0.774193525       0.00000000      -5.4369452254884994E-007
  0.806451619       0.00000000       5.3216347468597728E-007
  0.838709652       0.00000000      -5.0610653374071146E-007
  0.870967746       0.00000000       4.7495929202955143E-007
  0.903225780       0.00000000      -3.8265407274231951E-007
  0.935483873       0.00000000       2.9838619299949958E-007
  0.967741907       0.00000000      -2.7337055847403164E-007
   1.00000000       0.00000000       1.5559909153149097E-007
   0.00000000       3.22580636E-02  -2.5972981005375378E-007
   3.22580636E-02   3.22580636E-02  -1.6319670728446715E-007
   6.45161271E-02   3.22580636E-02  -4.3759330388096732E-007
   9.67741907E-02   3.22580636E-02   3.5915794124883879E-007
  0.129032254       3.22580636E-02  -3.8184523109406529E-007
  0.161290318       3.22580636E-02   4.5078630784637620E-007
  0.193548381       3.22580636E-02  -4.4190585714647600E-007
  0.225806445       3.22580636E-02   4.8717620817656376E-007
  0.258064508       3.22580636E-02  -4.4517378206521515E-007
  0.290322572       3.22580636E-02   5.0266034250823268E-007
  0.322580636       3.22580636E-02  -5.2483740334889751E-007
  0.354838699       3.22580636E-02   6.4286845335194784E-007
  0.387096763       3.22580636E-02  -5.2189705903273862E-007
  0.419354826       3.22580636E-02   6.5713676058180360E-007
  0.451612890       3.22580636E-02  -5.4279241727560307E-007
  0.483870953       3.22580636E-02   5.4278176235042169E-007
  0.516129017       3.22580636E-02  -3.7830194509220997E-007
  0.548387110       3.22580636E-02   4.7886949024028996E-007
  0.580645144       3.22580636E-02  -4.1473815229261657E-007
  0.612903237       3.22580636E-02   3.8270148777408562E-007
  0.645161271       3.22580636E-02  -3.2945188267323309E-007
  0.677419364       3.22580636E-02   3.1222781479115434E-007
  0.709677398       3.22580636E-02  -2.7713674735997705E-007
  0.741935492       3.22580636E-02   2.6668287020950130E-007
  0.774193525       3.22580636E-02  -2.5010380483021276E-007
  0.806451619       3.22580636E-02   2.5824323828623383E-007
  0.838709652       3.22580636E-02  -2.4366968300173840E-007
  0.870967746       3.22580636E-02   2.5425239296934888E-007
  0.903225780       3.22580636E-02  -2.8639863519772491E-007
  0.935483873       3.22580636E-02   2.4928682983423292E-007
  0.967741907       3.22580636E-02   7.3752889387677563E-008
   1.00000000       3.22580636E-02  -1.6983764104082078E-007
   0.00000000       6.45161271E-02   3.7311202836595363E-007
   3.22580636E-02   6.45161271E-02   5.0481992114408779E-007
   6.45161271E-02   6.45161271E-02   4.1336346928381774E-007
   9.67741907E-02   6.45161271E-02  -7.7174083189486521E-008
  0.129032254       6.45161271E-02   2.1688842627058151E-007
  0.161290318       6.45161271E-02  -1.1255925707846755E-007
  0.193548381       6.45161271E-02   2.4279053199599527E-007
  0.225806445       6.45161271E-02  -1.7314303521105679E-007
  0.258064508       6.45161271E-02   1.8810177431473042E-007
  0.290322572       6.45161271E-02  -1.5907932401786223E-007
  0.322580636       6.45161271E-02   2.0983891375328231E-007
  0.354838699       6.45161271E-02  -2.9433154180413385E-007
  0.387096763       6.45161271E-02   2.2670220800013947E-007
  0.419354826       6.45161271E-02  -4.8388901577833987E-008
  0.451612890       6.45161271E-02   1.0188913486525119E-007
  0.483870953       6.45161271E-02  -6.9469702406326516E-009
  0.516129017       6.45161271E-02   6.7107484705929688E-008
  0.548387110       6.45161271E-02  -7.5673152803655663E-008
  0.580645144       6.45161271E-02   1.2916618438916790E-007
  0.612903237       6.45161271E-02  -1.2710470101577138E-007
  0.645161271       6.45161271E-02   1.2986717258012225E-007
  0.677419364       6.45161271E-02  -1.4693271783579871E-007
  0.709677398       6.45161271E-02   1.5932862454981766E-007
  0.741935492       6.45161271E-02  -1.6003360379645582E-007
  0.774193525       6.45161271E-02   1.6765560848347959E-007
  0.806451619       6.45161271E-02  -1.6098508092866104E-007
  0.838709652       6.45161271E-02   1.3652267988187042E-007
  0.870967746       6.45161271E-02  -1.2362237980166967E-007
  0.903225780       6.45161271E-02   1.7082439383170699E-007
  0.935483873       6.45161271E-02  -1.0451183891000910E-007
  0.967741907       6.45161271E-02  -2.7905202668727548E-007
   1.00000000       6.45161271E-02   3.3297126046856154E-007
   0.00000000       9.67741907E-02  -3.6657005471663431E-007
   3.22580636E-02   9.67741907E-02  -7.9741607777821381E-007
   6.45161271E-02   9.67741907E-02  -1.4487350233523208E-007
   9.67741907E-02   9.67741907E-02  -2.4608999332917990E-007
  0.129032254       9.67741907E-02   2.7373053702763333E-007
  0.161290318       9.67741907E-02  -3.0289192294462021E-007
  0.193548381       9.67741907E-02   2.4323562460625447E-007
  0.225806445       9.67741907E-02  -1.5008744601493990E-007
  0.258064508       9.67741907E-02   2.0336839154408914E-007
  0.290322572       9.67741907E-02  -1.4573312207972895E-007
  0.322580636       9.67741907E-02   1.2307718853666370E-007
  0.354838699       9.67741907E-02   3.4626250226768645E-007
  0.387096763       9.67741907E-02   9.7796125128545165E-008
  0.419354826       9.67741907E-02   7.5565039977492904E-007
  0.451612890       9.67741907E-02   3.7002709264643736E-007
  0.483870953       9.67741907E-02   1.7900938378236092E-007
  0.516129017       9.67741907E-02   6.2960013177692011E-008
  0.548387110       9.67741907E-02  -4.2292850949072266E-008
  0.580645144       9.67741907E-02   7.4376178039204630E-008
  0.612903237       9.67741907E-02  -9.2914951532908664E-008
  0.645161271       9.67741907E-02   1.3560473474569532E-007
  0.677419364       9.67741907E-02  -1.3408280232511453E-007
  0.709677398       9.67741907E-02   1.6453666534190060E-007
  0.741935492       9.67741907E-02  -1.8724470485916375E-007
  0.774193525       9.67741907E-02   2.1066188952124110E-007
  0.806451619       9.67741907E-02  -2.0922411870210397E-007
  0.838709652       9.67741907E-02   2.4776537211791561E-007
  0.870967746       9.67741907E-02  -1.8682296632407032E-007
  0.903225780       9.67741907E-02   6.6468509118429000E-008
  0.935483873       9.67741907E-02  -5.1756292638707203E-008
  0.967741907       9.67741907E-02   4.8950257849044157E-007
   1.00000000       9.67741907E-02  -4.6447848053188288E-007
   0.00000000      0.129032254       5.6370589941379583E-007
   3.22580636E-02  0.129032254       7.7759669839979517E-007
   6.45161271E-02  0.129032254       4.8245855806644937E-007
   9.67741907E-02  0.129032254       1.1545728042233283E-008
  0.129032254      0.129032254       6.4051639237980548E-008
  0.161290318      0.129032254       1.4524428499555459E-007
  0.193548381      0.129032254       1.3106762592361498E-007
  0.225806445      0.129032254      -2.3415398985458875E-007
  0.258064508      0.129032254      -2.4105881632426073E-009
  0.290322572      0.129032254       3.5415970886179178E-008
  0.322580636      0.129032254      -3.2163251275330149E-008
  0.354838699      0.129032254      -1.6185334993845500E-007
  0.387096763      0.129032254       2.5277307010629460E-008
  0.419354826      0.129032254      -9.2747442729683393E-008
  0.451612890      0.129032254      -3.0712912005722709E-007
  0.483870953      0.129032254       5.0178956178854875E-007
  0.516129017      0.129032254      -1.8937849755103868E-007
  0.548387110      0.129032254       2.0021287819959042E-007
  0.580645144      0.129032254      -9.7651753274177270E-008
  0.612903237      0.129032254       8.1417221038413422E-008
  0.645161271      0.129032254      -6.8879976525468599E-008
  0.677419364      0.129032254      -6.9867563292876804E-009
  0.709677398      0.129032254       4.5183950325570573E-008
  0.741935492      0.129032254      -5.6613740497548308E-008
  0.774193525      0.129032254       8.0620947979906143E-008
  0.806451619      0.129032254      -8.9703726485711171E-008
  0.838709652      0.129032254       5.9104915581968970E-008
  0.870967746      0.129032254      -9.5019479005282060E-008
  0.903225780      0.129032254       1.9576215081434784E-007
  0.935483873      0.129032254      -1.4133445924676985E-007
  0.967741907      0.129032254      -4.4972157971050007E-007
   1.00000000      0.129032254       5.1617193642051658E-007
   0.00000000      0.161290318      -5.9988940149933371E-007
   3.22580636E-02  0.161290318      -8.5158646840837096E-007
   6.45161271E-02  0.161290318      -3.8208427300899637E-007
   9.67741907E-02  0.161290318      -3.1418722433096491E-008
  0.129032254      0.161290318       4.6989451161087051E-008
  0.161290318      0.161290318       7.6148627350555120E-008
  0.193548381      0.161290318       8.5021775592284701E-008
  0.225806445      0.161290318       1.3017654721194588E-006
  0.258064508      0.161290318       1.3544953582725767E-006
  0.290322572      0.161290318      -5.5921237502999889E-008
  0.322580636      0.161290318       7.4422504156980409E-008
  0.354838699      0.161290318       1.1138388967952357E-006
  0.387096763      0.161290318       4.2722244773264754E-006
  0.419354826      0.161290318       3.1514345528250300E-006
  0.451612890      0.161290318       1.9635989820527846E-006
  0.483870953      0.161290318      -1.9915417091601594E-007
  0.516129017      0.161290318       3.8895861586188119E-007
  0.548387110      0.161290318      -1.7131837054668199E-007
  0.580645144      0.161290318      -4.9072578470460988E-008
  0.612903237      0.161290318      -5.8912162803880943E-009
  0.645161271      0.161290318       1.9723930380599497E-008
  0.677419364      0.161290318       2.2096005766986656E-008
  0.709677398      0.161290318      -3.1971819356695754E-008
  0.741935492      0.161290318       9.3729021955580062E-009
  0.774193525      0.161290318      -1.0152812661586599E-008
  0.806451619      0.161290318       2.1634941830115257E-008
  0.838709652      0.161290318       2.3525248778733111E-008
  0.870967746      0.161290318       3.6543462280507024E-008
  0.903225780      0.161290318      -1.2182714363307215E-007
  0.935483873      0.161290318       1.1104301290997843E-007
  0.967741907      0.161290318       6.0136664845265558E-007
   1.00000000      0.161290318      -6.1293263538660955E-007
   0.00000000      0.193548381       7.1987223774400162E-007
   3.22580636E-02  0.193548381       8.5442819034199867E-007
   6.45161271E-02  0.193548381       4.5827482118932087E-007
   9.67741907E-02  0.193548381       1.5539478138385670E-008
  0.129032254      0.193548381       2.3112162054255955E-008
  0.161290318      0.193548381      -1.7576814979284456E-008
  0.193548381      0.193548381       1.9807103624492773E-006
  0.225806445      0.193548381       9.8117856619385508E-006
  0.258064508      0.193548381       1.4253789669959921E-005
  0.290322572      0.193548381       2.0562375869851693E-006
  0.322580636      0.193548381       1.9177131867983523E-007
  0.354838699      0.193548381       8.3274205759455944E-006
  0.387096763      0.193548381       2.5452152546609563E-005
  0.419354826      0.193548381       2.9247444253064863E-005
  0.451612890      0.193548381       1.4819122697324950E-005
  0.483870953      0.193548381       5.2661338364059564E-006
  0.516129017      0.193548381       2.3330397948898370E-006
  0.548387110      0.193548381       2.1939055786281164E-006
  0.580645144      0.193548381       1.0099608941442947E-006
  0.612903237      0.193548381      -2.9039485716324208E-008
  0.645161271      0.193548381      -9.5111778763249412E-008
  0.677419364      0.193548381      -7.9494028636273415E-009
  0.709677398      0.193548381       7.0988938274477276E-009
  0.741935492      0.193548381       1.8602034859857901E-008
  0.774193525      0.193548381       4.1705539057202979E-009
  0.806451619      0.193548381      -5.3940887659925788E-009
  0.838709652      0.193548381      -1.4932286163368836E-008
  0.870967746      0.193548381      -3.0250049715794889E-008
  0.903225780      0.193548381       1.3325476140664442E-007
  0.935483873      0.193548381      -1.5337572476872215E-007
  0.967741907      0.193548381      -6.5642830647188974E-007
   1.00000000      0.193548381       7.0580196079093046E-007
   0.00000000      0.225806445      -7.4823061934104764E-007
   3.22580636E-02  0.225806445      -8.5517051536197759E-007
   6.45161271E-02  0.225806445      -3.5592457982376692E-007
   9.67741907E-02  0.225806445      -4.0511773624678583E-008
  0.129032254      0.225806445       4.1918277063844882E-007
  0.161290318      0.225806445       2.4141130884524680E-006
  0.193548381      0.225806445       8.8291226866847315E-006
  0.225806445      0.225806445       5.7449728813593967E-005
  0.258064508      0.225806445       1.0806206747728579E-004
  0.290322572      0.225806445       2.8944109024875593E-005
  0.322580636      0.225806445       1.0133154528865177E-005
  0.354838699      0.225806445       7.1310733593001456E-005
  0.387096763      0.225806445       1.7374436626144360E-004
  0.419354826      0.225806445       1.7770342213531735E-004
  0.451612890      0.225806445       9.8617530851402530E-005
  0.483870953      0.225806445       4.4125535742509961E-005
  0.516129017      0.225806445       2.3032654570958555E-005
  0.548387110      0.225806445       1.1989013838912543E-005
  0.580645144      0.225806445       5.0619767864186505E-006
  0.612903237      0.225806445       1.2092797351936744E-006
  0.645161271      0.225806445      -1.4686164637260888E-008
  0.677419364      0.225806445       6.9015346521010625E-008
  0.709677398      0.225806445      -3.8263808589419228E-008
  0.741935492      0.225806445      -1.0664178715447134E-009
  0.774193525      0.225806445      -1.2767905942244633E-009
  0.806451619      0.225806445       1.0286656882253258E-008
  0.838709652      0.225806445       1.5578477346220411E-008
  0.870967746      0.225806445       4.6468868504161801E-008
  0.903225780      0.225806445      -1.0446556466058144E-007
  0.935483873      0.225806445       1.8674290171717690E-007
  0.967741907      0.225806445       7.5596448414623554E-007
   1.00000000      0.225806445      -7.9002984818662054E-007
   0.00000000      0.258064508       8.2387788752335773E-007
   3.22580636E-02  0.258064508       8.4991539795270757E-007
   6.45161271E-02  0.258064508       2.8862038001902293E-007
   9.67741907E-02  0.258064508       1.1143193849352039E-007
  0.129032254      0.258064508       2.7521399154965400E-006
  0.161290318      0.258064508       1.0197274144012429E-005
  0.193548381      0.258064508       5.4129530052861394E-005
  0.225806445      0.258064508       2.9799715018936224E-004
  0.258064508      0.258064508       6.1652758010092125E-004
  0.290322572      0.258064508       3.0217308737939374E-004
  0.322580636      0.258064508       1.6927978080771966E-004
  0.354838699      0.258064508       4.5181493996888103E-004
  0.387096763      0.258064508       8.2786206625369671E-004
  0.419354826      0.258064508       8.8086021668977769E-004
  0.451612890      0.258064508       5.8283064317041125E-004
  0.483870953      0.258064508       2.8772906720353220E-004
  0.516129017      0.258064508       1.2112241926174712E-004
  0.548387110      0.258064508       4.5363410003045457E-005
  0.580645144      0.258064508       1.3797422031888925E-005
  0.612903237      0.258064508       2.7208834546384701E-006
  0.645161271      0.258064508       5.7326270857377092E-008
  0.677419364      0.258064508      -4.4559748728651572E-008
  0.709677398      0.258064508       3.6287685625589917E-008
  0.741935492      0.258064508      -9.8345092466154234E-009
  0.774193525      0.258064508       3.9374761551131854E-008
  0.806451619      0.258064508      -2.7610127678173122E-008
  0.838709652      0.258064508       2.6902961335256809E-008
  0.870967746      0.258064508      -5.6212981673506547E-008
  0.903225780      0.258064508       1.1578753042135802E-007
  0.935483873      0.258064508      -2.1915151087954829E-007
  0.967741907      0.258064508      -8.0378418078402760E-007
   1.00000000      0.258064508       8.8047023161982831E-007
   0.00000000      0.290322572      -8.3600053843857001E-007
   3.22580636E-02  0.290322572      -8.0528910291537538E-007
   6.45161271E-02  0.290322572      -1.4590271725275613E-007
   9.67741907E-02  0.290322572       1.7205557639839110E-006
  0.129032254      0.290322572       9.8257782261749797E-006
  0.161290318      0.290322572       5.3980043790811914E-005
  0.193548381      0.290322572       2.9090452706515544E-004
  0.225806445      0.290322572       1.2456720287902026E-003
  0.258064508      0.290322572       2.7270733072453338E-003
  0.290322572      0.290322572       2.1026733295178004E-003
  0.322580636      0.290322572       1.0649814684406786E-003
  0.354838699      0.290322572       1.6920095681452912E-003
  0.387096763      0.290322572       3.1048037118215181E-003
  0.419354826      0.290322572       3.6025410803745381E-003
  0.451612890      0.290322572       2.5847899579667221E-003
  0.483870953      0.290322572       1.2626771191090421E-003
  0.516129017      0.290322572       4.7160381107904168E-004
  0.548387110      0.290322572       1.4192356958896865E-004
  0.580645144      0.290322572       3.2828954566703627E-005
  0.612903237      0.290322572       4.2888146469600503E-006
  0.645161271      0.290322572       2.1668169933848660E-007
  0.677419364      0.290322572       8.9082810100049153E-008
  0.709677398      0.290322572      -1.6159725826514757E-008
  0.741935492      0.290322572      -5.8134511603812097E-009
  0.774193525      0.290322572      -9.9560917329238528E-010
  0.806451619      0.290322572       2.0453438998943739E-008
  0.838709652      0.290322572      -1.5352454373046846E-008
  0.870967746      0.290322572       7.3935593061264332E-008
  0.903225780      0.290322572      -8.8357725329608033E-008
  0.935483873      0.290322572       2.5432841807953539E-007
  0.967741907      0.290322572       8.9375900973681711E-007
   1.00000000      0.290322572      -9.3403857812399445E-007
   0.00000000      0.322580636       8.8129749738601913E-007
   3.22580636E-02  0.322580636       8.2499191636241156E-007
   6.45161271E-02  0.322580636       7.7336002067728871E-007
   9.67741907E-02  0.322580636       5.4817381984418355E-006
  0.129032254      0.322580636       3.6411091736353141E-005
  0.161290318      0.322580636       2.2950719890366155E-004
  0.193548381      0.322580636       1.1110556714704197E-003
  0.225806445      0.322580636       4.0962087088582426E-003
  0.258064508      0.322580636       9.2620511362033631E-003
  0.290322572      0.322580636       8.7289555940042122E-003
  0.322580636      0.322580636       3.8534694857444204E-003
  0.354838699      0.322580636       4.8255058447030149E-003
  0.387096763      0.322580636       9.1754686899707047E-003
  0.419354826      0.322580636       1.1052359677348291E-002
  0.451612890      0.322580636       8.1931503190681744E-003
  0.483870953      0.322580636       3.9901311646936008E-003
  0.516129017      0.322580636       1.3951317681317828E-003
  0.548387110      0.322580636       3.6516068887837725E-004
  0.580645144      0.322580636       6.5913687395395288E-005
  0.612903237      0.322580636       7.0357108347610476E-006
  0.645161271      0.322580636       6.1371037445798117E-007
  0.677419364      0.322580636      -1.9734032605781787E-007
  0.709677398      0.322580636       8.2068404010916521E-008
  0.741935492      0.322580636      -9.1512900092273124E-009
  0.774193525      0.322580636       2.8763330727628536E-008
  0.806451619      0.322580636      -1.3134053686760079E-008
  0.838709652      0.322580636       5.3445326681028391E-008
  0.870967746      0.322580636      -8.4489898920586401E-008
  0.903225780      0.322580636       1.1777801962846013E-007
  0.935483873      0.322580636      -2.8269023862557387E-007
  0.967741907      0.322580636      -9.1044370097801581E-007
   1.00000000      0.322580636       9.8857369268043789E-007
   0.00000000      0.354838699      -9.2776917895122270E-007
   3.22580636E-02  0.354838699      -7.0497951728495443E-007
   6.45161271E-02  0.354838699       1.0773458690366161E-006
   9.67741907E-02  0.354838699       1.3277193676457840E-005
  0.129032254      0.354838699       1.0329535036728315E-004
  0.161290318      0.354838699       6.3232398030277598E-004
  0.193548381      0.354838699       2.9172100483876753E-003
  0.225806445      0.354838699       1.0063013705875475E-002
  0.258064508      0.354838699       2.1646295236837945E-002
  0.290322572      0.354838699       2.1575348887777065E-002
  0.322580636      0.354838699       1.0032649676877803E-002
  0.354838699      0.354838699       1.0693545442806464E-002
  0.387096763      0.354838699       1.9482020143352249E-002
  0.419354826      0.354838699       2.3430706780480866E-002
  0.451612890      0.354838699       1.8081542998785685E-002
  0.483870953      0.354838699       9.0479161284254869E-003
  0.516129017      0.354838699       3.0929203546112604E-003
  0.548387110      0.354838699       7.4653273450746901E-004
  0.580645144      0.354838699       1.2223713886956816E-004
  0.612903237      0.354838699       1.3969992946582124E-005
  0.645161271      0.354838699       1.1946875442709011E-006
  0.677419364      0.354838699       9.8164046086264535E-008
  0.709677398      0.354838699      -6.1575435367780895E-008
  0.741935492      0.354838699       4.3911003480808458E-008
  0.774193525      0.354838699      -2.2778359976975563E-008
  0.806451619      0.354838699       3.6522478822922136E-008
  0.838709652      0.354838699      -6.0396892098718712E-008
  0.870967746      0.354838699       1.0889975962088791E-007
  0.903225780      0.354838699      -8.2802630944027469E-008
  0.935483873      0.354838699       2.9937783387826850E-007
  0.967741907      0.354838699       1.0005970125923703E-006
   1.00000000      0.354838699      -1.0048075160147357E-006
   0.00000000      0.387096763       9.6760050750675048E-007
   3.22580636E-02  0.387096763       6.5633660696346269E-007
   6.45161271E-02  0.387096763       1.9892169537684007E-006
   9.67741907E-02  0.387096763       2.1223226999134106E-005
  0.129032254      0.387096763       1.7186520408041801E-004
  0.161290318      0.387096763       1.0676952176771409E-003
  0.193548381      0.387096763       5.0374897874055522E-003
  0.225806445      0.387096763       1.6228778885541105E-002
  0.258064508      0.387096763       3.2733680386579631E-002
  0.290322572      0.387096763       3.4127467167670858E-002
  0.322580636      0.387096763       1.6829165351843527E-002
  0.354838699      0.387096763       1.6578169925662065E-002
  0.387096763      0.387096763       2.8068170810630910E-002
  0.419354826      0.387096763       3.3881286979117735E-002
  0.451612890      0.387096763       2.7500398167487797E-002
  0.483870953      0.387096763       1.4329013420669619E-002
  0.516129017      0.387096763       4.8492667815863725E-003
  0.548387110      0.387096763       1.1397746117568861E-003
  0.580645144      0.387096763       2.0073151386274110E-004
  0.612903237      0.387096763       2.7880955020410248E-005
  0.645161271      0.387096763       2.8603480841570411E-006
  0.677419364      0.387096763      -2.3771444422821772E-008
  0.709677398      0.387096763       6.2913763572374193E-008
  0.741935492      0.387096763      -1.8377578199395452E-008
  0.774193525      0.387096763       3.7913645383996637E-008
  0.806451619      0.387096763      -5.6788581372853921E-009
  0.838709652      0.387096763       8.9162437240119069E-008
  0.870967746      0.387096763      -8.7154418400440737E-008
  0.903225780      0.387096763       1.0044161323408544E-007
  0.935483873      0.387096763      -2.8803941340143609E-007
  0.967741907      0.387096763      -1.0390632700518015E-006
   1.00000000      0.387096763       1.0454269577401516E-006
   0.00000000      0.419354826      -9.7591591418451043E-007
   3.22580636E-02  0.419354826      -6.9947151515064856E-007
   6.45161271E-02  0.419354826       2.3312880665262939E-006
   9.67741907E-02  0.419354826       2.1542619461468687E-005
  0.129032254      0.419354826       1.7106438134939191E-004
  0.161290318      0.419354826       1.1285674433654884E-003
  0.193548381      0.419354826       5.3955975364077613E-003
  0.225806445      0.419354826       1.6292427510576836E-002
  0.258064508      0.419354826       3.3565300037495020E-002
  0.290322572      0.419354826       3.7210692335685351E-002
  0.322580636      0.419354826       1.6392779012765438E-002
  0.354838699      0.419354826       1.6013954157568087E-002
  0.387096763      0.419354826       2.8514649547189398E-002
  0.419354826      0.419354826       3.5064400251846650E-002
  0.451612890      0.419354826       2.9271588906195838E-002
  0.483870953      0.419354826       1.5168749200554775E-002
  0.516129017      0.419354826       4.9597282456736586E-003
  0.548387110      0.419354826       1.1817666324737751E-003
  0.580645144      0.419354826       2.3134093041907511E-004
  0.612903237      0.419354826       3.8087529982723807E-005
  0.645161271      0.419354826       5.2332700068494319E-006
  0.677419364      0.419354826       4.8704616433388664E-007
  0.709677398      0.419354826       3.9637147953075460E-008
  0.741935492      0.419354826      -1.6594478486483533E-008
  0.774193525      0.419354826       3.9289020203049211E-008
  0.806451619      0.419354826      -2.4137933641437212E-008
  0.838709652      0.419354826      -3.1109459363377685E-008
  0.870967746      0.419354826       5.5495639416293536E-008
  0.903225780      0.419354826      -3.5484845959739982E-008
  0.935483873      0.419354826       2.9904111315507762E-007
  0.967741907      0.419354826       1.1370068026466296E-006
   1.00000000      0.419354826      -1.0326983376531800E-006
   0.00000000      0.451612890       1.0139224483806759E-006
   3.22580636E-02  0.451612890       6.8333254381489406E-007
   6.45161271E-02  0.451612890       8.3935775552119857E-007
   9.67741907E-02  0.451612890       1.3479586744066413E-005
  0.129032254      0.451612890       1.1481759519209427E-004
  0.161290318      0.451612890       7.9496257862858490E-004
  0.193548381      0.451612890       3.5991687844703323E-003
  0.225806445      0.451612890       1.0687281668412799E-002
  0.258064508      0.451612890       2.4534259339069105E-002
  0.290322572      0.451612890       2.7906596872708949E-002
  0.322580636      0.451612890       8.1888766167838092E-003
  0.354838699      0.451612890       9.8228147135189115E-003
  0.387096763      0.451612890       2.0725400242869819E-002
  0.419354826      0.451612890       2.6294798403531206E-002
  0.451612890      0.451612890       2.1392107640690498E-002
  0.483870953      0.451612890       1.0289806107916034E-002
  0.516129017      0.451612890       3.1797962583545764E-003
  0.548387110      0.451612890       7.6677049144162866E-004
  0.580645144      0.451612890       1.5740938443248594E-004
  0.612903237      0.451612890       2.8390464737858871E-005
  0.645161271      0.451612890       4.8549171494657438E-006
  0.677419364      0.451612890       7.2074095344968455E-007
  0.709677398      0.451612890      -7.3053005650492283E-008
  0.741935492      0.451612890       4.4647664901798904E-008
  0.774193525      0.451612890      -2.2938865517607796E-010
  0.806451619      0.451612890       1.4868440767741868E-008
  0.838709652      0.451612890       8.2760005253574532E-008
  0.870967746      0.451612890      -5.1366709790075013E-008
  0.903225780      0.451612890       7.4268843536448003E-008
  0.935483873      0.451612890      -3.0597713815932069E-007
  0.967741907      0.451612890      -1.1506057473152291E-006
   1.00000000      0.451612890       1.0535516930812810E-006
   0.00000000      0.483870953      -1.0083979027550165E-006
   3.22580636E-02  0.483870953      -7.3331264013375427E-007
   6.45161271E-02  0.483870953       7.9489438868525514E-007
   9.67741907E-02  0.483870953       6.6960236637346680E-006
  0.129032254      0.483870953       6.3094099349041759E-005
  0.161290318      0.483870953       3.7856149760574325E-004
  0.193548381      0.483870953       1.5932885470235335E-003
  0.225806445      0.483870953       5.0389363777579837E-003
  0.258064508      0.483870953       1.2744913482034142E-002
  0.290322572      0.483870953       1.2959729349764455E-002
  0.322580636      0.483870953       1.7918649241653079E-003
  0.354838699      0.483870953       4.3338898534538862E-003
  0.387096763      0.483870953       1.0373324134121719E-002
  0.419354826      0.483870953       1.3681930202420058E-002
  0.451612890      0.483870953       1.0455872346558065E-002
  0.483870953      0.483870953       4.5665217922284083E-003
  0.516129017      0.483870953       1.3221529076685317E-003
  0.548387110      0.483870953       3.0260830710437763E-004
  0.580645144      0.483870953       5.8917547705996562E-005
  0.612903237      0.483870953       1.1935739092087042E-005
  0.645161271      0.483870953       2.1008883987502181E-006
  0.677419364      0.483870953       1.4649148096644072E-007
  0.709677398      0.483870953      -1.2395121542388507E-007
  0.741935492      0.483870953       8.9869676038344599E-008
  0.774193525      0.483870953      -5.3616091235642734E-008
  0.806451619      0.483870953       6.2644963442894815E-008
  0.838709652      0.483870953      -9.9274764490858635E-008
  0.870967746      0.483870953       1.0535386612416391E-007
  0.903225780      0.483870953      -6.4696125516930314E-008
  0.935483873      0.483870953       3.4606562664204186E-007
  0.967741907      0.483870953       1.2191786344314101E-006
   1.00000000      0.483870953      -1.0091151824563481E-006
   0.00000000      0.516129017       1.0221354683793715E-006
   3.22580636E-02  0.516129017       8.0138973665880200E-007
   6.45161271E-02  0.516129017      -2.3255076561269956E-007
   9.67741907E-02  0.516129017       4.6911790017022026E-006
  0.129032254      0.516129017       2.5467823619256982E-005
  0.161290318      0.516129017       1.1655001827622961E-004
  0.193548381      0.516129017       5.3291842706493947E-004
  0.225806445      0.516129017       1.8222948437320956E-003
  0.258064508      0.516129017       4.5251420727383373E-003
  0.290322572      0.516129017       3.7014504272304726E-003
  0.322580636      0.516129017       1.3943441292576898E-004
  0.354838699      0.516129017       1.4305499751497584E-003
  0.387096763      0.516129017       3.6269722639337646E-003
  0.419354826      0.516129017       4.9392005706264397E-003
  0.451612890      0.516129017       3.5857053738900554E-003
  0.483870953      0.516129017       1.4441403200573513E-003
  0.516129017      0.516129017       3.7504474600186396E-004
  0.548387110      0.516129017       7.4448855339942797E-005
  0.580645144      0.516129017       1.4440939919416584E-005
  0.612903237      0.516129017       3.8492366792912592E-006
  0.645161271      0.516129017       5.5145142863012244E-007
  0.677419364      0.516129017      -5.3233188064349475E-008
  0.709677398      0.516129017       1.1545264324683753E-007
  0.741935492      0.516129017      -5.5365129323289743E-008
  0.774193525      0.516129017       4.9526703263643113E-008
  0.806451619      0.516129017      -2.3356563509447514E-008
  0.838709652      0.516129017       7.8604743194813438E-008
  0.870967746      0.516129017      -4.3952434496910093E-008
  0.903225780      0.516129017       5.2317012833748614E-008
  0.935483873      0.516129017      -2.8946041226303683E-007
  0.967741907      0.516129017      -1.2554972243625652E-006
   1.00000000      0.516129017       1.0167737451450958E-006
   0.00000000      0.548387110      -1.0192960944348899E-006
   3.22580636E-02  0.548387110      -8.5771268240941614E-007
   6.45161271E-02  0.548387110       1.8399032694462442E-007
   9.67741907E-02  0.548387110       1.2572767457022448E-006
  0.129032254      0.548387110       4.9764119455775095E-006
  0.161290318      0.548387110       2.9709016913414933E-005
  0.193548381      0.548387110       1.4766067835988723E-004
  0.225806445      0.548387110       4.7609441165873101E-004
  0.258064508      0.548387110       1.1280746571317977E-003
  0.290322572      0.548387110       7.2593879840907440E-004
  0.322580636      0.548387110      -1.4984586926114588E-005
  0.354838699      0.548387110       3.4968589538696799E-004
  0.387096763      0.548387110       9.3082417065446454E-004
  0.419354826      0.548387110       1.3100640338584563E-003
  0.451612890      0.548387110       9.3810400384625224E-004
  0.483870953      0.548387110       3.4678847417227333E-004
  0.516129017      0.548387110       7.5582122734180887E-005
  0.548387110      0.548387110       1.3453210755040904E-005
  0.580645144      0.548387110       4.5669120578348122E-006
  0.612903237      0.548387110       1.0275800606585342E-006
  0.645161271      0.548387110       4.9101045933100536E-009
  0.677419364      0.548387110       1.7701035376991471E-008
  0.709677398      0.548387110      -6.7760123903883749E-008
  0.741935492      0.548387110       6.4169368359720833E-008
  0.774193525      0.548387110      -4.9417560734583379E-008
  0.806451619      0.548387110       8.3001940073131698E-008
  0.838709652      0.548387110      -1.0330126778015348E-007
  0.870967746      0.548387110       1.2095247557476899E-007
  0.903225780      0.548387110      -1.0333651098988978E-007
  0.935483873      0.548387110       3.5745980968641308E-007
  0.967741907      0.548387110       1.2666290402544665E-006
   1.00000000      0.548387110      -9.4055558571096470E-007
   0.00000000      0.580645144       1.0329032080350247E-006
   3.22580636E-02  0.580645144       9.7145703043157527E-007
   6.45161271E-02  0.580645144      -1.8963215307408003E-007
   9.67741907E-02  0.580645144      -9.7523715554010428E-008
  0.129032254      0.580645144       9.7785630189567463E-007
  0.161290318      0.580645144       8.4782236849794279E-006
  0.193548381      0.580645144       2.6830533317773951E-005
  0.225806445      0.580645144       8.9754556951176687E-005
  0.258064508      0.580645144       2.1223905019770230E-004
  0.290322572      0.580645144       9.1262980394935084E-005
  0.322580636      0.580645144       2.5695389476324564E-007
  0.354838699      0.580645144       6.0644788146695562E-005
  0.387096763      0.580645144       1.7585599617206136E-004
  0.419354826      0.580645144       2.6866096813524921E-004
  0.451612890      0.580645144       1.9900367909299877E-004
  0.483870953      0.580645144       6.7702694008364960E-005
  0.516129017      0.580645144       1.3659333588405062E-005
  0.548387110      0.580645144       5.0421032898249651E-006
  0.580645144      0.580645144       1.6486715432121421E-006
  0.612903237      0.580645144       6.5290060862733302E-008
  0.645161271      0.580645144       5.6353336537328323E-008
  0.677419364      0.580645144      -3.8386425791128101E-008
  0.709677398      0.580645144       5.2280267095768839E-008
  0.741935492      0.580645144      -4.2415252874684338E-008
  0.774193525      0.580645144       2.6059754456227646E-008
  0.806451619      0.580645144      -2.9517198441684549E-008
  0.838709652      0.580645144       6.5454358121983743E-008
  0.870967746      0.580645144      -5.4162205065311509E-008
  0.903225780      0.580645144       8.7369615751379304E-008
  0.935483873      0.580645144      -2.7912563027813345E-007
  0.967741907      0.580645144      -1.2837345665211045E-006
   1.00000000      0.580645144       9.3739303299512294E-007
   0.00000000      0.612903237      -1.0434505465560879E-006
   3.22580636E-02  0.612903237      -1.0701501643446490E-006
   6.45161271E-02  0.612903237       1.4289968208227043E-007
   9.67741907E-02  0.612903237       5.8782529681701139E-008
  0.129032254      0.612903237      -1.4306404886065682E-008
  0.161290318      0.612903237       8.4742532365050446E-007
  0.193548381      0.612903237       3.2786938592208519E-006
  0.225806445      0.612903237       1.3737115755046938E-005
  0.258064508      0.612903237       2.7990406731616409E-005
  0.290322572      0.612903237       6.5311475800820701E-006
  0.322580636      0.612903237       1.4241633701517929E-006
  0.354838699      0.612903237       7.5030002252097443E-006
  0.387096763      0.612903237       2.2827927751586608E-005
  0.419354826      0.612903237       4.3467413783067417E-005
  0.451612890      0.612903237       3.8135390806463810E-005
  0.483870953      0.612903237       1.3041318957677237E-005
  0.516129017      0.612903237       3.3391873221937377E-006
  0.548387110      0.612903237       1.6704639335571277E-006
  0.580645144      0.612903237       4.3267093396295165E-007
  0.612903237      0.612903237       3.4799189008951871E-008
  0.645161271      0.612903237       5.7113943789540278E-008
  0.677419364      0.612903237      -5.3580270797652330E-008
  0.709677398      0.612903237       4.4096498934520955E-008
  0.741935492      0.612903237      -1.8511879855508182E-008
  0.774193525      0.612903237       4.5207886314053195E-008
  0.806451619      0.612903237       6.1018140814912582E-009
  0.838709652      0.612903237      -1.3258021735534624E-008
  0.870967746      0.612903237       5.3536010850972901E-008
  0.903225780      0.612903237      -5.5263500809137571E-008
  0.935483873      0.612903237       2.6712160088960758E-007
  0.967741907      0.612903237       1.3032749348433346E-006
   1.00000000      0.612903237      -8.7999611209975139E-007
   0.00000000      0.645161271       1.0655945932041533E-006
   3.22580636E-02  0.645161271       1.2086761621632286E-006
   6.45161271E-02  0.645161271      -1.0019113152022823E-007
   9.67741907E-02  0.645161271      -3.3033243912164093E-008
  0.129032254      0.645161271       2.2322691741843673E-008
  0.161290318      0.645161271       1.1628359600183928E-007
  0.193548381      0.645161271       1.9066527340714796E-007
  0.225806445      0.645161271       1.3635932970670972E-006
  0.258064508      0.645161271       1.9973616938434385E-006
  0.290322572      0.645161271       4.7912204893868459E-007
  0.322580636      0.645161271       2.7836160995735409E-007
  0.354838699      0.645161271       2.8482501311652103E-007
  0.387096763      0.645161271       1.8749339707938365E-006
  0.419354826      0.645161271       5.1900252962000884E-006
  0.451612890      0.645161271       6.9872811153843346E-006
  0.483870953      0.645161271       2.1160262528190958E-006
  0.516129017      0.645161271       1.1676640460592221E-006
  0.548387110      0.645161271       1.7404501363383281E-007
  0.580645144      0.645161271       1.1134891180745170E-007
  0.612903237      0.645161271      -4.9488558392852053E-008
  0.645161271      0.645161271       3.1078189214062179E-008
  0.677419364      0.645161271      -2.7825070511489463E-008
  0.709677398      0.645161271       6.8746630966684702E-009
  0.741935492      0.645161271       1.0270846647200582E-008
  0.774193525      0.645161271      -4.2943659025387673E-008
  0.806451619      0.645161271       2.1417470640670052E-008
  0.838709652      0.645161271      -2.2461774744926418E-008
  0.870967746      0.645161271       1.7561772437374286E-009
  0.903225780      0.645161271       2.5815046412332606E-008
  0.935483873      0.645161271      -1.9975482694337229E-007
  0.967741907      0.645161271      -1.2848432303070777E-006
   1.00000000      0.645161271       8.6975072245511132E-007
   0.00000000      0.677419364      -1.0813332903823420E-006
   3.22580636E-02  0.677419364      -1.2967976052822258E-006
   6.45161271E-02  0.677419364       2.5583202026187469E-008
   9.67741907E-02  0.677419364       1.0519878085814453E-007
  0.129032254      0.677419364      -6.5958500884008398E-008
  0.161290318      0.677419364      -4.3574608713546251E-008
  0.193548381      0.677419364      -5.4629906825549429E-008
  0.225806445      0.677419364      -1.1986826463348006E-007
  0.258064508      0.677419364      -2.6794881058006901E-007
  0.290322572      0.677419364      -3.4909606936610552E-008
  0.322580636      0.677419364      -1.6936618128432310E-007
  0.354838699      0.677419364       1.6733616735959421E-007
  0.387096763      0.677419364      -1.0839156997185198E-007
  0.419354826      0.677419364       8.7387160602644947E-010
  0.451612890      0.677419364       8.7506103665841912E-008
  0.483870953      0.677419364       7.4380236573394397E-007
  0.516129017      0.677419364      -5.4216026377132733E-008
  0.548387110      0.677419364       4.0110789880845255E-008
  0.580645144      0.677419364       2.9509665401634708E-009
  0.612903237      0.677419364      -2.8426553641287870E-008
  0.645161271      0.677419364       9.2888264756674820E-009
  0.677419364      0.677419364       4.0026727788863706E-009
  0.709677398      0.677419364       1.0949418985245049E-008
  0.741935492      0.677419364      -3.1118391394478642E-009
  0.774193525      0.677419364       3.3853339150101555E-008
  0.806451619      0.677419364       2.0182939397175628E-008
  0.838709652      0.677419364       1.5567671469243920E-008
  0.870967746      0.677419364       4.9618761943273290E-008
  0.903225780      0.677419364      -4.2641963141567605E-008
  0.935483873      0.677419364       2.3298770915490970E-007
  0.967741907      0.677419364       1.2527252658424500E-006
   1.00000000      0.677419364      -8.0099162748998892E-007
   0.00000000      0.709677398       1.0905889757482218E-006
   3.22580636E-02  0.709677398       1.4288446733699926E-006
   6.45161271E-02  0.709677398       1.5906814383185461E-009
   9.67741907E-02  0.709677398      -7.6634755169800350E-008
  0.129032254      0.709677398       5.0185673665248224E-008
  0.161290318      0.709677398       7.1361188120667460E-008
  0.193548381      0.709677398       4.7331204637670511E-008
  0.225806445      0.709677398       1.2178807635414992E-007
  0.258064508      0.709677398       1.1901350004669275E-007
  0.290322572      0.709677398       1.6358167811718376E-007
  0.322580636      0.709677398       4.4676459271045686E-008
  0.354838699      0.709677398      -1.9606281440181718E-008
  0.387096763      0.709677398       7.9174928493254307E-009
  0.419354826      0.709677398       2.7846175611652853E-007
  0.451612890      0.709677398       3.9972977839930873E-007
  0.483870953      0.709677398      -1.2389830689841780E-009
  0.516129017      0.709677398      -1.6900021822954480E-008
  0.548387110      0.709677398       8.0589492662569096E-008
  0.580645144      0.709677398      -8.0568084880241546E-008
  0.612903237      0.709677398       6.2187222542057766E-008
  0.645161271      0.709677398      -2.6425826060104944E-008
  0.677419364      0.709677398       4.4289929183612636E-009
  0.709677398      0.709677398      -1.0360948603192017E-008
  0.741935492      0.709677398       6.2524226887565132E-010
  0.774193525      0.709677398      -9.0183636571651586E-009
  0.806451619      0.709677398      -3.0516294244147712E-008
  0.838709652      0.709677398       7.9582772784899357E-009
  0.870967746      0.709677398      -5.8626872380965196E-008
  0.903225780      0.709677398       8.0865098799742821E-008
  0.935483873      0.709677398      -2.2041681296193264E-007
  0.967741907      0.709677398      -1.1938213723390626E-006
   1.00000000      0.709677398       7.6538526009526782E-007
   0.00000000      0.741935492      -1.0678977324547241E-006
   3.22580636E-02  0.741935492      -1.4870711904938012E-006
   6.45161271E-02  0.741935492      -2.3663188004281482E-008
   9.67741907E-02  0.741935492       7.8494520772508840E-008
  0.129032254      0.741935492      -6.0277461424565971E-009
  0.161290318      0.741935492      -7.1414272983926588E-008
  0.193548381      0.741935492      -2.0810588439569504E-009
  0.225806445      0.741935492      -7.9229678673319790E-008
  0.258064508      0.741935492      -7.0070841843640565E-008
  0.290322572      0.741935492      -8.2046675881757201E-008
  0.322580636      0.741935492      -4.0376859983228589E-008
  0.354838699      0.741935492       1.0175525472610861E-007
  0.387096763      0.741935492       4.7450762522479127E-008
  0.419354826      0.741935492      -5.1140030250028896E-008
  0.451612890      0.741935492      -2.9150828341055300E-008
  0.483870953      0.741935492       8.5144218221372982E-008
  0.516129017      0.741935492      -4.8479917337953690E-008
  0.548387110      0.741935492       1.1672007408396809E-008
  0.580645144      0.741935492       2.5453385835135896E-008
  0.612903237      0.741935492      -2.1384486713628181E-008
  0.645161271      0.741935492       4.6706149551275261E-009
  0.677419364      0.741935492       3.0924646424834867E-008
  0.709677398      0.741935492       3.8169461076240779E-009
  0.741935492      0.741935492       1.4325268048928615E-008
  0.774193525      0.741935492       2.2352661956290294E-008
  0.806451619      0.741935492       1.6679318379302090E-008
  0.838709652      0.741935492       4.6613840540099466E-008
  0.870967746      0.741935492       2.1435892823855591E-008
  0.903225780      0.741935492      -4.1083892920906785E-008
  0.935483873      0.741935492       1.9567388568091884E-007
  0.967741907      0.741935492       1.1759526380493663E-006
   1.00000000      0.741935492      -6.9991191268768612E-007
   0.00000000      0.774193525       1.0504898683176094E-006
   3.22580636E-02  0.774193525       1.4674087312992922E-006
   6.45161271E-02  0.774193525       1.2720350884048765E-007
   9.67741907E-02  0.774193525      -1.2467089435652851E-007
  0.129032254      0.774193525       8.9747341926398805E-008
  0.161290318      0.774193525       8.6202235385843464E-009
  0.193548381      0.774193525       7.9847473817964095E-008
  0.225806445      0.774193525       4.4675132923231625E-008
  0.258064508      0.774193525       1.2084926562327930E-007
  0.290322572      0.774193525       6.2505613945170558E-008
  0.322580636      0.774193525       7.2202086586628068E-008
  0.354838699      0.774193525      -4.8406022036054120E-008
  0.387096763      0.774193525      -1.8477346391683535E-008
  0.419354826      0.774193525       8.7525001324151014E-008
  0.451612890      0.774193525       1.6569485343161896E-008
  0.483870953      0.774193525       2.3714196200274799E-008
  0.516129017      0.774193525       2.1558058514401824E-008
  0.548387110      0.774193525       6.6200374799878984E-008
  0.580645144      0.774193525      -6.9136418043636780E-008
  0.612903237      0.774193525       9.4937807340722233E-008
  0.645161271      0.774193525      -5.4523492230897075E-008
  0.677419364      0.774193525       1.8084374472044350E-008
  0.709677398      0.774193525      -2.9505256451251473E-008
  0.741935492      0.774193525       9.2562531432045747E-009
  0.774193525      0.774193525      -5.3230856040425143E-009
  0.806451619      0.774193525      -2.8506520471359675E-008
  0.838709652      0.774193525      -6.3368222955492293E-009
  0.870967746      0.774193525      -3.9447909732229693E-008
  0.903225780      0.774193525       1.2100618480390526E-007
  0.935483873      0.774193525      -2.0128420231100952E-007
  0.967741907      0.774193525      -1.0650900742231368E-006
   1.00000000      0.774193525       6.4030758667869322E-007
   0.00000000      0.806451619      -9.4369292438447442E-007
   3.22580636E-02  0.806451619      -1.4591775077487085E-006
   6.45161271E-02  0.806451619      -8.4645534563485326E-008
   9.67741907E-02  0.806451619       7.3285840649155794E-008
  0.129032254      0.806451619      -1.8366984826737220E-008
  0.161290318      0.806451619      -4.8546953495882005E-008
  0.193548381      0.806451619       8.1108286128159466E-009
  0.225806445      0.806451619      -8.5703188621632150E-008
  0.258064508      0.806451619      -1.7531104444791513E-008
  0.290322572      0.806451619      -9.2690002701336371E-008
  0.322580636      0.806451619       1.1066349085164066E-008
  0.354838699      0.806451619       2.1706447630853231E-008
  0.387096763      0.806451619       6.2566787268059658E-008
  0.419354826      0.806451619      -4.8306816780510161E-008
  0.451612890      0.806451619       3.3093247660914907E-008
  0.483870953      0.806451619      -7.5609356395664541E-009
  0.516129017      0.806451619      -3.2899155999845458E-009
  0.548387110      0.806451619      -3.4354660333956361E-008
  0.580645144      0.806451619       6.3537479738385645E-008
  0.612903237      0.806451619      -6.9440599684286281E-008
  0.645161271      0.806451619       4.7059479651984542E-008
  0.677419364      0.806451619      -2.3039443970227569E-009
  0.709677398      0.806451619       3.5293538783377591E-008
  0.741935492      0.806451619       1.4912344227424173E-009
  0.774193525      0.806451619       1.6962345257695541E-008
  0.806451619      0.806451619       2.5742365942386352E-008
  0.838709652      0.806451619       4.9141447868699736E-008
  0.870967746      0.806451619       1.6126069728294979E-008
  0.903225780      0.806451619      -9.9674220983370127E-008
  0.935483873      0.806451619       1.5836150540628319E-007
  0.967741907      0.806451619       1.0005022159240218E-006
   1.00000000      0.806451619      -5.5724249573515295E-007
   0.00000000      0.838709652       8.5753325324683882E-007
   3.22580636E-02  0.838709652       1.3569395817226627E-006
   6.45161271E-02  0.838709652       1.4756885991635495E-007
   9.67741907E-02  0.838709652      -8.2271749300669988E-008
  0.129032254      0.838709652       5.8309095730947992E-008
  0.161290318      0.838709652       2.1400626061676900E-008
  0.193548381      0.838709652       5.8589348245442058E-008
  0.225806445      0.838709652       3.4041851484720477E-008
  0.258064508      0.838709652       8.9018400863711362E-008
  0.290322572      0.838709652       3.9948754211309657E-008
  0.322580636      0.838709652       5.2963259104443598E-008
  0.354838699      0.838709652      -2.8569996569695774E-008
  0.387096763      0.838709652       5.6808177715062488E-009
  0.419354826      0.838709652       2.3305464904667850E-008
  0.451612890      0.838709652       1.2864413820042088E-008
  0.483870953      0.838709652       9.2980013268264851E-009
  0.516129017      0.838709652       3.9783213455059515E-008
  0.548387110      0.838709652       3.4722822793278174E-008
  0.580645144      0.838709652      -2.8994400740242087E-008
  0.612903237      0.838709652       6.6051456092531878E-008
  0.645161271      0.838709652      -1.6135330071097336E-008
  0.677419364      0.838709652       9.6591183866523162E-009
  0.709677398      0.838709652      -1.2143297935460810E-008
  0.741935492      0.838709652      -8.5922063177686375E-010
  0.774193525      0.838709652      -3.7817502964565451E-010
  0.806451619      0.838709652      -2.5416950822153342E-008
  0.838709652      0.838709652      -1.5345562806761874E-008
  0.870967746      0.838709652      -3.4494208919311034E-008
  0.903225780      0.838709652       1.5265541754941282E-007
  0.935483873      0.838709652      -1.3398804046049180E-007
  0.967741907      0.838709652      -8.6336002491078584E-007
   1.00000000      0.838709652       4.8990076355455319E-007
   0.00000000      0.870967746      -6.8949224118288970E-007
   3.22580636E-02  0.870967746      -1.2607859151186070E-006
   6.45161271E-02  0.870967746      -5.5552412467546589E-008
   9.67741907E-02  0.870967746      -1.6149159501034327E-008
  0.129032254      0.870967746       7.8862335440794602E-008
  0.161290318      0.870967746      -1.2248538773591972E-007
  0.193548381      0.870967746       9.7225547965744943E-008
  0.225806445      0.870967746      -1.5778061836857121E-007
  0.258064508      0.870967746       8.4691898377344472E-008
  0.290322572      0.870967746      -1.3863206874832907E-007
  0.322580636      0.870967746       8.7520058211988581E-008
  0.354838699      0.870967746      -4.0234952299771287E-008
  0.387096763      0.870967746       8.4171965510279937E-008
  0.419354826      0.870967746      -6.1827741969445186E-008
  0.451612890      0.870967746       7.7389231640984358E-008
  0.483870953      0.870967746      -2.1209296864683612E-008
  0.516129017      0.870967746       6.8417580529307910E-009
  0.548387110      0.870967746      -1.1822047960279199E-008
  0.580645144      0.870967746       2.7828289931873923E-008
  0.612903237      0.870967746      -1.8523130774876730E-008
  0.645161271      0.870967746      -9.6689103364168564E-009
  0.677419364      0.870967746       4.5997192915825668E-008
  0.709677398      0.870967746      -3.3688948463806365E-008
  0.741935492      0.870967746       8.1861257449016798E-008
  0.774193525      0.870967746      -5.2389589678891685E-008
  0.806451619      0.870967746       9.1597431808113740E-008
  0.838709652      0.870967746      -1.0541703697063227E-008
  0.870967746      0.870967746       5.2904831572332611E-008
  0.903225780      0.870967746      -1.1781048480550143E-007
  0.935483873      0.870967746       1.0173953389268929E-007
  0.967741907      0.870967746       7.6430113159544458E-007
   1.00000000      0.870967746      -3.9896660783108269E-007
   0.00000000      0.903225780       5.7148578874021962E-007
   3.22580636E-02  0.903225780       1.0365062281500177E-006
   6.45161271E-02  0.903225780       1.0236144091878096E-007
   9.67741907E-02  0.903225780      -1.0998720514372189E-008
  0.129032254      0.903225780      -8.4250878603171641E-009
  0.161290318      0.903225780       5.8879254610764220E-008
  0.193548381      0.903225780      -4.8910567213696117E-010
  0.225806445      0.903225780       6.3428527638203231E-008
  0.258064508      0.903225780       4.0579090997049217E-008
  0.290322572      0.903225780       4.4684948370958022E-008
  0.322580636      0.903225780       2.5703242883257969E-009
  0.354838699      0.903225780      -9.4274389206695494E-010
  0.387096763      0.903225780      -1.1824131550019985E-008
  0.419354826      0.903225780       3.8517444695355514E-008
  0.451612890      0.903225780      -3.5330476515065216E-008
  0.483870953      0.903225780       1.9256294735342407E-008
  0.516129017      0.903225780       7.2291007217295496E-009
  0.548387110      0.903225780       3.2397447993060172E-008
  0.580645144      0.903225780      -1.6967388879453114E-008
  0.612903237      0.903225780       3.7182019554047432E-008
  0.645161271      0.903225780       2.0593339965228742E-008
  0.677419364      0.903225780      -3.3089681431932793E-008
  0.709677398      0.903225780       4.7427111926948425E-008
  0.741935492      0.903225780      -5.8944702265588921E-008
  0.774193525      0.903225780       4.7028761634389492E-008
  0.806451619      0.903225780      -5.7464923092990676E-008
  0.838709652      0.903225780       2.3060952093233729E-008
  0.870967746      0.903225780      -4.4625231491732241E-008
  0.903225780      0.903225780       1.3094620643853680E-007
  0.935483873      0.903225780      -7.5989779404701145E-008
  0.967741907      0.903225780      -6.1150772554127868E-007
   1.00000000      0.903225780       3.3274420609593952E-007
   0.00000000      0.935483873      -4.1269028725118318E-007
   3.22580636E-02  0.935483873      -7.6046738319511998E-007
   6.45161271E-02  0.935483873      -9.0634703360995528E-008
   9.67741907E-02  0.935483873       2.7643150919581014E-008
  0.129032254      0.935483873       1.7114721730258625E-008
  0.161290318      0.935483873      -3.7203285737783796E-008
  0.193548381      0.935483873       1.8831580925719742E-008
  0.225806445      0.935483873      -3.2314963536177626E-008
  0.258064508      0.935483873      -2.0329196778969650E-008
  0.290322572      0.935483873      -1.2074648027844914E-008
  0.322580636      0.935483873       5.6554167717730453E-009
  0.354838699      0.935483873       3.7984274435140974E-008
  0.387096763      0.935483873       3.4682136414052178E-009
  0.419354826      0.935483873       1.8273659470629640E-008
  0.451612890      0.935483873       1.4568426531412575E-008
  0.483870953      0.935483873       4.8580516871430793E-008
  0.516129017      0.935483873      -1.9721402539274528E-008
  0.548387110      0.935483873       2.3968951352530142E-008
  0.580645144      0.935483873       1.3451792442597233E-010
  0.612903237      0.935483873       7.4627515591029950E-009
  0.645161271      0.935483873      -1.8160112788786235E-008
  0.677419364      0.935483873       3.3105144402470018E-008
  0.709677398      0.935483873      -2.0803973279207792E-009
  0.741935492      0.935483873       2.7736324749781659E-008
  0.774193525      0.935483873       8.0501007238076658E-009
  0.806451619      0.935483873       2.0545375472778590E-008
  0.838709652      0.935483873       3.3016440222784016E-008
  0.870967746      0.935483873       2.7485139084886747E-009
  0.903225780      0.935483873      -5.5997964186900829E-008
  0.935483873      0.935483873       4.7195899169246115E-008
  0.967741907      0.935483873       4.8322884815788093E-007
   1.00000000      0.935483873      -2.3437098318837784E-007
   0.00000000      0.967741907       2.9440830461281657E-007
   3.22580636E-02  0.967741907       4.4049110286431572E-007
   6.45161271E-02  0.967741907       1.8443630770557985E-007
   9.67741907E-02  0.967741907      -1.6004965990775188E-007
  0.129032254      0.967741907       2.1365883328708167E-007
  0.161290318      0.967741907      -2.1914511935684935E-007
  0.193548381      0.967741907       3.0361921707347384E-007
  0.225806445      0.967741907      -3.1712017990143923E-007
  0.258064508      0.967741907       4.1988005616386659E-007
  0.290322572      0.967741907      -4.1747035012059186E-007
  0.322580636      0.967741907       4.9764794795510459E-007
  0.354838699      0.967741907      -5.4250115334958050E-007
  0.387096763      0.967741907       5.8419048032461546E-007
  0.419354826      0.967741907      -6.0244725288734942E-007
  0.451612890      0.967741907       6.3596929911060095E-007
  0.483870953      0.967741907      -6.6664254252234516E-007
  0.516129017      0.967741907       6.8437068118745719E-007
  0.548387110      0.967741907      -6.6459032993955491E-007
  0.580645144      0.967741907       6.7439229361096439E-007
  0.612903237      0.967741907      -6.2351620385233024E-007
  0.645161271      0.967741907       6.4391457719602241E-007
  0.677419364      0.967741907      -5.9546757308514138E-007
  0.709677398      0.967741907       5.9064056309615315E-007
  0.741935492      0.967741907      -5.5967906789426318E-007
  0.774193525      0.967741907       5.2411490748689451E-007
  0.806451619      0.967741907      -4.7571760340477557E-007
  0.838709652      0.967741907       4.1462944014588171E-007
  0.870967746      0.967741907      -3.4702822259417282E-007
  0.903225780      0.967741907       3.4168397737170590E-007
  0.935483873      0.967741907      -2.4080137019433851E-007
  0.967741907      0.967741907      -1.5900969587171191E-007
   1.00000000      0.967741907       1.0546343506942120E-007
   0.00000000       1.00000000      -8.9022154774929470E-008
   3.22580636E-02   1.00000000      -1.7816223254181047E-007
   6.45161271E-02   1.00000000      -2.6713257051499666E-010
   9.67741907E-02   1.00000000      -3.6839454986549354E-008
  0.129032254       1.00000000       7.3609327093037572E-008
  0.161290318       1.00000000      -9.1259402335274830E-008
  0.193548381       1.00000000       1.1257723233021847E-007
  0.225806445       1.00000000      -1.0860409647381608E-007
  0.258064508       1.00000000       1.0737231587683674E-007
  0.290322572       1.00000000      -8.7076115435293804E-008
  0.322580636       1.00000000       7.3495285755530862E-008
  0.354838699       1.00000000      -1.6314292984239368E-008
  0.387096763       1.00000000      -2.1353125386234315E-009
  0.419354826       1.00000000       7.5915097705757509E-008
  0.451612890       1.00000000      -1.1299601246439964E-007
  0.483870953       1.00000000       1.9869239749164765E-007
  0.516129017       1.00000000      -2.2442477464374957E-007
  0.548387110       1.00000000       2.9388439171011995E-007
  0.580645144       1.00000000      -3.3026002645516282E-007
  0.612903237       1.00000000       3.8577698670815769E-007
  0.645161271       1.00000000      -4.0751621704751026E-007
  0.677419364       1.00000000       4.2601051626299267E-007
  0.709677398       1.00000000      -4.0728905426153402E-007
  0.741935492       1.00000000       4.0705864318288013E-007
  0.774193525       1.00000000      -3.5460045747372835E-007
  0.806451619       1.00000000       3.3486314277637456E-007
  0.838709652       1.00000000      -2.7536837995555926E-007
  0.870967746       1.00000000       2.4579159671676664E-007
  0.903225780       1.00000000      -1.9770760812927940E-007
  0.935483873       1.00000000       1.4955340924210173E-007
  0.967741907       1.00000000       4.1636820676477728E-008
   1.00000000       1.00000000      -1.9329052229468360E-008
