 # X Y F 
   0.00000000       0.00000000       3.8115097038079116E-008
   3.22580636E-02   0.00000000      -3.8491387227188645E-007
   6.45161271E-02   0.00000000       3.7476246149276632E-007
   9.67741907E-02   0.00000000      -4.8747427815038664E-007
  0.129032254       0.00000000       5.9974252275082603E-007
  0.161290318       0.00000000      -6.3355740737234132E-007
  0.193548381       0.00000000       7.3205835904853497E-007
  0.225806445       0.00000000      -7.4788952510945273E-007
  0.258064508       0.00000000       8.5546595023960227E-007
  0.290322572       0.00000000      -8.8205467771801015E-007
  0.322580636       0.00000000       9.8739720400020952E-007
  0.354838699       0.00000000      -1.0143881741132325E-006
  0.387096763       0.00000000       1.1246909536252853E-006
  0.419354826       0.00000000      -1.1854764831146273E-006
  0.451612890       0.00000000       1.2659583783355511E-006
  0.483870953       0.00000000      -1.2331008629007332E-006
  0.516129017       0.00000000       1.2589930378846427E-006
  0.548387110       0.00000000      -1.1690272353982399E-006
  0.580645144       0.00000000       1.1189772151839559E-006
  0.612903237       0.00000000      -9.9492727391582191E-007
  0.645161271       0.00000000       9.2626799084442341E-007
  0.677419364       0.00000000      -8.2539820371804943E-007
  0.709677398       0.00000000       7.6007760309388026E-007
  0.741935492       0.00000000      -6.8203647666002804E-007
  0.774193525       0.00000000       6.4088644141489148E-007
  0.806451619       0.00000000      -5.9572942410770922E-007
  0.838709652       0.00000000       5.7250197096394401E-007
  0.870967746       0.00000000      -5.1314884339998785E-007
  0.903225780       0.00000000       4.5814533730833051E-007
  0.935483873       0.00000000      -3.6644429781963055E-007
  0.967741907       0.00000000       3.2547696964029168E-007
   1.00000000       0.00000000      -1.6133643011485810E-007
   0.00000000       3.22580636E-02   2.9938127732780471E-007
   3.22580636E-02   3.22580636E-02   1.9816047175760139E-007
   6.45161271E-02   3.22580636E-02   4.4067634976681267E-007
   9.67741907E-02   3.22580636E-02  -3.5264825245186347E-007
  0.129032254       3.22580636E-02   4.3696113882956275E-007
  0.161290318       3.22580636E-02  -4.0590120462838614E-007
  0.193548381       3.22580636E-02   4.6532772903156904E-007
  0.225806445       3.22580636E-02  -4.7286036502686197E-007
  0.258064508       3.22580636E-02   5.2198898556339592E-007
  0.290322572       3.22580636E-02  -5.0736081268179328E-007
  0.322580636       3.22580636E-02   5.5881062100740554E-007
  0.354838699       3.22580636E-02  -5.6777794420491815E-007
  0.387096763       3.22580636E-02   6.5829114281091267E-007
  0.419354826       3.22580636E-02  -5.7326466768298101E-007
  0.451612890       3.22580636E-02   6.4044512618699443E-007
  0.483870953       3.22580636E-02  -6.2423425512432342E-007
  0.516129017       3.22580636E-02   6.2024482962098304E-007
  0.548387110       3.22580636E-02  -5.3718810027686780E-007
  0.580645144       3.22580636E-02   5.0535180523528769E-007
  0.612903237       3.22580636E-02  -4.3701503272826999E-007
  0.645161271       3.22580636E-02   4.0738222407637400E-007
  0.677419364       3.22580636E-02  -3.4035451804708770E-007
  0.709677398       3.22580636E-02   3.2496686477840193E-007
  0.741935492       3.22580636E-02  -2.9056106198236257E-007
  0.774193525       3.22580636E-02   3.0267522721606943E-007
  0.806451619       3.22580636E-02  -2.7860750087055512E-007
  0.838709652       3.22580636E-02   2.7681143741436341E-007
  0.870967746       3.22580636E-02  -2.8337772115180480E-007
  0.903225780       3.22580636E-02   2.7545539505185565E-007
  0.935483873       3.22580636E-02  -1.9802032494123617E-007
  0.967741907       3.22580636E-02  -7.6286243244586236E-008
   1.00000000       3.22580636E-02   1.7810894785569663E-007
   0.00000000       6.45161271E-02  -3.1100470200051831E-007
   3.22580636E-02   6.45161271E-02  -4.9118833709929290E-007
   6.45161271E-02   6.45161271E-02  -2.5444747173135899E-007
   9.67741907E-02   6.45161271E-02   1.3503287742135161E-007
  0.129032254       6.45161271E-02  -1.2561873800979073E-007
  0.161290318       6.45161271E-02   1.7006405481583412E-007
  0.193548381       6.45161271E-02  -1.5486194932258951E-007
  0.225806445       6.45161271E-02   2.2721431197777227E-007
  0.258064508       6.45161271E-02  -1.6929890808202826E-007
  0.290322572       6.45161271E-02   1.9857562079465679E-007
  0.322580636       6.45161271E-02  -1.5747866244750518E-007
  0.354838699       6.45161271E-02   2.1207957732028736E-007
  0.387096763       6.45161271E-02  -2.0862282188906700E-007
  0.419354826       6.45161271E-02   1.2662791958430798E-007
  0.451612890       6.45161271E-02  -8.9915999642143068E-008
  0.483870953       6.45161271E-02   1.5237363020482910E-007
  0.516129017       6.45161271E-02  -9.1268654684591944E-008
  0.548387110       6.45161271E-02   1.3257360128160872E-007
  0.580645144       6.45161271E-02  -8.6306293285751061E-008
  0.612903237       6.45161271E-02   1.2858911886189871E-007
  0.645161271       6.45161271E-02  -1.1232336886356800E-007
  0.677419364       6.45161271E-02   1.2832558468863888E-007
  0.709677398       6.45161271E-02  -1.3243107306845763E-007
  0.741935492       6.45161271E-02   1.5357737787847493E-007
  0.774193525       6.45161271E-02  -1.5356592815723964E-007
  0.806451619       6.45161271E-02   1.5029555887450868E-007
  0.838709652       6.45161271E-02  -1.2191523239968437E-007
  0.870967746       6.45161271E-02   1.5426282659089674E-007
  0.903225780       6.45161271E-02  -1.5329949854995380E-007
  0.935483873       6.45161271E-02   1.3382248326134399E-007
  0.967741907       6.45161271E-02   2.6154570833456738E-007
   1.00000000       6.45161271E-02  -3.3389658735183435E-007
   0.00000000       9.67741907E-02   3.7148338672984910E-007
   3.22580636E-02   9.67741907E-02   8.5067354157123893E-007
   6.45161271E-02   9.67741907E-02   7.3511997846040297E-008
   9.67741907E-02   9.67741907E-02   2.4813575639667263E-007
  0.129032254       9.67741907E-02  -2.2533336463325996E-007
  0.161290318       9.67741907E-02   2.7998476542470944E-007
  0.193548381       9.67741907E-02  -2.3252033442061259E-007
  0.225806445       9.67741907E-02   2.1343250581250501E-007
  0.258064508       9.67741907E-02  -1.6702668554361235E-007
  0.290322572       9.67741907E-02   1.5273987395790243E-007
  0.322580636       9.67741907E-02  -5.4468406231959343E-008
  0.354838699       9.67741907E-02   2.0239846079778091E-008
  0.387096763       9.67741907E-02   1.2588937885187360E-007
  0.419354826       9.67741907E-02  -4.2352685526818494E-009
  0.451612890       9.67741907E-02   8.4843496283178387E-008
  0.483870953       9.67741907E-02  -9.0055113822501756E-008
  0.516129017       9.67741907E-02   8.1277136718660006E-008
  0.548387110       9.67741907E-02  -4.1285883825889340E-008
  0.580645144       9.67741907E-02   3.1504110332388187E-008
  0.612903237       9.67741907E-02   6.1261025625219099E-009
  0.645161271       9.67741907E-02  -1.4696235490755375E-008
  0.677419364       9.67741907E-02   8.1652747529153624E-008
  0.709677398       9.67741907E-02  -9.7829775583428883E-008
  0.741935492       9.67741907E-02   1.4622956926293290E-007
  0.774193525       9.67741907E-02  -1.6045710647686349E-007
  0.806451619       9.67741907E-02   1.8879544878173968E-007
  0.838709652       9.67741907E-02  -1.9332158936638143E-007
  0.870967746       9.67741907E-02   1.4635118441723299E-007
  0.903225780       9.67741907E-02  -8.2099338282766658E-008
  0.935483873       9.67741907E-02   5.2879844084310646E-008
  0.967741907       9.67741907E-02  -5.1819879349426007E-007
   1.00000000       9.67741907E-02   5.4456703050290356E-007
   0.00000000      0.129032254      -4.6880363325760105E-007
   3.22580636E-02  0.129032254      -7.6017482563167841E-007
   6.45161271E-02  0.129032254      -2.9574653713265740E-007
   9.67741907E-02  0.129032254       5.4543132321875157E-008
  0.129032254      0.129032254      -2.9784827436552244E-008
  0.161290318      0.129032254       4.4304920150602550E-008
  0.193548381      0.129032254       1.8610541690169016E-008
  0.225806445      0.129032254       3.7901137948482074E-008
  0.258064508      0.129032254       4.7150774281719298E-008
  0.290322572      0.129032254      -2.7392924231111320E-008
  0.322580636      0.129032254       7.7448918205412267E-008
  0.354838699      0.129032254      -6.5763968704425933E-008
  0.387096763      0.129032254       5.0539132720875578E-008
  0.419354826      0.129032254      -1.6768459240192781E-007
  0.451612890      0.129032254       2.2141472969034164E-007
  0.483870953      0.129032254      -1.2245141550296222E-007
  0.516129017      0.129032254       2.1714903791701543E-007
  0.548387110      0.129032254      -1.2263677912636840E-007
  0.580645144      0.129032254       1.3749390044551978E-007
  0.612903237      0.129032254      -7.2836711622480545E-008
  0.645161271      0.129032254       4.8692347587337951E-008
  0.677419364      0.129032254      -3.7007602561426768E-009
  0.709677398      0.129032254      -3.5586037411815819E-008
  0.741935492      0.129032254       8.1882384759886381E-008
  0.774193525      0.129032254      -9.0812928269626996E-008
  0.806451619      0.129032254       1.1662597478849831E-007
  0.838709652      0.129032254      -1.0777918750243454E-007
  0.870967746      0.129032254       1.6737857848025602E-007
  0.903225780      0.129032254      -2.0245952242824336E-007
  0.935483873      0.129032254       2.2772567784566010E-007
  0.967741907      0.129032254       4.7815772135704311E-007
   1.00000000      0.129032254      -6.0542756438079636E-007
   0.00000000      0.161290318       5.4732475782792309E-007
   3.22580636E-02  0.161290318       9.1486275858794550E-007
   6.45161271E-02  0.161290318       2.7184626768561414E-007
   9.67741907E-02  0.161290318       5.8682009288655893E-008
  0.129032254      0.161290318       3.4962676105556973E-010
  0.161290318      0.161290318       4.8265128863040715E-008
  0.193548381      0.161290318      -3.5185711962711805E-008
  0.225806445      0.161290318       2.1581000075357699E-008
  0.258064508      0.161290318      -6.0475748671104824E-009
  0.290322572      0.161290318       2.3210905565453855E-008
  0.322580636      0.161290318       2.1392378634180716E-008
  0.354838699      0.161290318      -1.2363538034782939E-008
  0.387096763      0.161290318       1.3085701604715204E-007
  0.419354826      0.161290318       4.1411939691978303E-008
  0.451612890      0.161290318      -2.4095023869554242E-008
  0.483870953      0.161290318      -2.8824225147576958E-009
  0.516129017      0.161290318      -7.9504523462388112E-008
  0.548387110      0.161290318       5.9589616609811910E-008
  0.580645144      0.161290318      -3.1078680778476682E-008
  0.612903237      0.161290318       5.1599321828877316E-008
  0.645161271      0.161290318      -5.4567275680020794E-009
  0.677419364      0.161290318       2.7022031034333884E-008
  0.709677398      0.161290318      -1.0703020076916005E-009
  0.741935492      0.161290318      -1.9049676093783723E-009
  0.774193525      0.161290318      -1.8439791224849091E-010
  0.806451619      0.161290318      -7.2510230404336610E-009
  0.838709652      0.161290318       1.9981281123203714E-008
  0.870967746      0.161290318      -5.7958850836971230E-008
  0.903225780      0.161290318       1.1267414981606033E-007
  0.935483873      0.161290318      -1.6647028477897015E-007
  0.967741907      0.161290318      -6.3533874351811313E-007
   1.00000000      0.161290318       7.4694241642104676E-007
   0.00000000      0.193548381      -5.8462134708870470E-007
   3.22580636E-02  0.193548381      -8.8345055882447879E-007
   6.45161271E-02  0.193548381      -2.6608849461909454E-007
   9.67741907E-02  0.193548381       1.2650834086754332E-008
  0.129032254      0.193548381      -1.3639880407825000E-008
  0.161290318      0.193548381       2.7817726390598335E-008
  0.193548381      0.193548381       3.7145450132277129E-008
  0.225806445      0.193548381       6.0023243626809479E-008
  0.258064508      0.193548381      -8.4625132969926589E-009
  0.290322572      0.193548381       8.1189419763866023E-008
  0.322580636      0.193548381      -1.9656188690050469E-008
  0.354838699      0.193548381       9.7476261714789795E-008
  0.387096763      0.193548381      -1.6209185888952449E-007
  0.419354826      0.193548381       5.0951422194402816E-008
  0.451612890      0.193548381       1.2746722837390545E-008
  0.483870953      0.193548381       7.3266632950986712E-008
  0.516129017      0.193548381       2.1246033433658594E-007
  0.548387110      0.193548381      -5.0480911696520171E-008
  0.580645144      0.193548381       8.5606457470671839E-008
  0.612903237      0.193548381      -9.6564607671834964E-008
  0.645161271      0.193548381       5.6193754844300241E-008
  0.677419364      0.193548381      -3.4854823249867728E-008
  0.709677398      0.193548381       1.3957273361389719E-008
  0.741935492      0.193548381       1.4462697423212876E-008
  0.774193525      0.193548381       3.1487877435501132E-010
  0.806451619      0.193548381       2.4623143521005573E-008
  0.838709652      0.193548381      -4.7586284519517598E-008
  0.870967746      0.193548381       9.6861629016868160E-008
  0.903225780      0.193548381      -1.2879019817456998E-007
  0.935483873      0.193548381       2.2936814166981391E-007
  0.967741907      0.193548381       7.3647631296924530E-007
   1.00000000      0.193548381      -8.3556152008136012E-007
   0.00000000      0.225806445       6.5775592246050086E-007
   3.22580636E-02  0.225806445       9.5305030307432626E-007
   6.45161271E-02  0.225806445       2.1928934977722999E-007
   9.67741907E-02  0.225806445       7.3326031944992874E-008
  0.129032254      0.225806445      -5.0196749600732510E-009
  0.161290318      0.225806445       5.8323731240225264E-008
  0.193548381      0.225806445      -6.5936784066043345E-008
  0.225806445      0.225806445       1.5633590280973863E-008
  0.258064508      0.225806445       2.3110141653780914E-007
  0.290322572      0.225806445       8.3812307145752359E-008
  0.322580636      0.225806445       9.6380882688687831E-009
  0.354838699      0.225806445      -1.1199302136668355E-007
  0.387096763      0.225806445       1.8278082867473561E-007
  0.419354826      0.225806445      -6.3048691288636193E-008
  0.451612890      0.225806445       6.5327869143239746E-008
  0.483870953      0.225806445       2.0132638247587147E-007
  0.516129017      0.225806445       1.2766503799959480E-007
  0.548387110      0.225806445      -5.2458926552689550E-008
  0.580645144      0.225806445       4.8455850931640100E-009
  0.612903237      0.225806445       9.1106017921275402E-008
  0.645161271      0.225806445       3.9733513529896292E-008
  0.677419364      0.225806445       6.0065723842739009E-009
  0.709677398      0.225806445       3.7683414374987680E-008
  0.741935492      0.225806445      -6.0191675952974957E-008
  0.774193525      0.225806445       4.8547199806180778E-008
  0.806451619      0.225806445      -5.5911723784846997E-008
  0.838709652      0.225806445       9.2606823547273013E-008
  0.870967746      0.225806445      -9.5946618290987074E-008
  0.903225780      0.225806445       1.2001414430454405E-007
  0.935483873      0.225806445      -2.2906021751850278E-007
  0.967741907      0.225806445      -8.4593840026311086E-007
   1.00000000      0.225806445       9.4821133779829544E-007
   0.00000000      0.258064508      -6.8752479615581122E-007
   3.22580636E-02  0.258064508      -8.6537001653503882E-007
   6.45161271E-02  0.258064508      -1.6313422892390348E-007
   9.67741907E-02  0.258064508      -1.9925635459343501E-009
  0.129032254      0.258064508      -2.9592461426319292E-008
  0.161290318      0.258064508       5.9053333015840803E-008
  0.193548381      0.258064508       3.3869687803303702E-007
  0.225806445      0.258064508       4.3280482253836189E-008
  0.258064508      0.258064508       3.1532788814609690E-007
  0.290322572      0.258064508       2.5147150100556156E-006
  0.322580636      0.258064508       1.4590404093295804E-006
  0.354838699      0.258064508       6.5826691749405692E-008
  0.387096763      0.258064508       1.7668929148738559E-007
  0.419354826      0.258064508      -1.6491061311433959E-007
  0.451612890      0.258064508       2.0096065584212528E-006
  0.483870953      0.258064508       5.0538221156225926E-006
  0.516129017      0.258064508       4.5430165355181393E-006
  0.548387110      0.258064508       1.9374201502221373E-006
  0.580645144      0.258064508      -8.9533664314731501E-008
  0.612903237      0.258064508       2.3743101303285749E-007
  0.645161271      0.258064508      -1.7143368962350154E-007
  0.677419364      0.258064508       1.7644381992449696E-008
  0.709677398      0.258064508      -5.4593785283189359E-008
  0.741935492      0.258064508       7.2587398984413355E-008
  0.774193525      0.258064508      -5.2175265656683088E-008
  0.806451619      0.258064508       5.7065398890601830E-008
  0.838709652      0.258064508      -1.0443381862139242E-007
  0.870967746      0.258064508       1.2206619783684796E-007
  0.903225780      0.258064508      -1.2111366609840078E-007
  0.935483873      0.258064508       2.8131393901653675E-007
  0.967741907      0.258064508       9.3939597515880266E-007
   1.00000000      0.258064508      -1.0191317622461416E-006
   0.00000000      0.290322572       7.6376771663945957E-007
   3.22580636E-02  0.290322572       8.4507013647828292E-007
   6.45161271E-02  0.290322572       1.1528598327384072E-007
   9.67741907E-02  0.290322572       2.4185094654455363E-008
  0.129032254      0.290322572       4.5881412114197225E-008
  0.161290318      0.290322572       3.6862387645113261E-007
  0.193548381      0.290322572       6.1359813190887370E-007
  0.225806445      0.290322572       2.8602249706428527E-007
  0.258064508      0.290322572       3.5113906638772543E-006
  0.290322572      0.290322572       1.7455996313975889E-005
  0.322580636      0.290322572       1.8622693698652190E-005
  0.354838699      0.290322572       1.9618568810078287E-006
  0.387096763      0.290322572      -8.5581453648585799E-008
  0.419354826      0.290322572       2.8758573498833766E-007
  0.451612890      0.290322572       1.4466951083131942E-005
  0.483870953      0.290322572       3.7078893607784272E-005
  0.516129017      0.290322572       3.2186814718142085E-005
  0.548387110      0.290322572       1.2916185470304133E-005
  0.580645144      0.290322572       5.5671096846507132E-006
  0.612903237      0.290322572       3.1485459960943336E-006
  0.645161271      0.290322572       1.8733983689667650E-006
  0.677419364      0.290322572       8.8735286184130210E-007
  0.709677398      0.290322572      -1.5289166657151208E-008
  0.741935492      0.290322572      -1.0356929346759250E-007
  0.774193525      0.290322572       2.6398826255726765E-008
  0.806451619      0.290322572      -2.3316236504498135E-008
  0.838709652      0.290322572       9.1617938148995683E-008
  0.870967746      0.290322572      -1.0176250963668637E-007
  0.903225780      0.290322572       1.2456675762315647E-007
  0.935483873      0.290322572      -3.0550719911266151E-007
  0.967741907      0.290322572      -9.8494407396746132E-007
   1.00000000      0.290322572       1.1010505492558171E-006
   0.00000000      0.322580636      -7.5772496620413494E-007
   3.22580636E-02  0.322580636      -7.6292585690574294E-007
   6.45161271E-02  0.322580636       2.8762510522675091E-008
   9.67741907E-02  0.322580636      -5.6186241278640321E-009
  0.129032254      0.322580636       3.7090976015206693E-008
  0.161290318      0.322580636       4.5919399046526926E-007
  0.193548381      0.322580636       1.4737342430806576E-006
  0.225806445      0.322580636       5.6038326359249815E-006
  0.258064508      0.322580636       2.2825654541668193E-005
  0.290322572      0.322580636       1.0228785638670068E-004
  0.322580636      0.322580636       1.3934339632711205E-004
  0.354838699      0.322580636       3.3217526330423226E-005
  0.387096763      0.322580636       3.3029774718471855E-006
  0.419354826      0.322580636       2.6145050167113950E-005
  0.451612890      0.322580636       1.1516031069785537E-004
  0.483870953      0.322580636       2.0252550765710559E-004
  0.516129017      0.322580636       1.8218122751591863E-004
  0.548387110      0.322580636       1.0370408535812585E-004
  0.580645144      0.322580636       4.8409676549574254E-005
  0.612903237      0.322580636       2.3701447930376007E-005
  0.645161271      0.322580636       1.1843505178377869E-005
  0.677419364      0.322580636       5.1404131039164623E-006
  0.709677398      0.322580636       1.4051038621994173E-006
  0.741935492      0.322580636       7.4026492125082853E-008
  0.774193525      0.322580636       7.5447952464991921E-009
  0.806451619      0.322580636       1.2805188456513747E-008
  0.838709652      0.322580636      -7.8211234801761445E-008
  0.870967746      0.322580636       1.1352498645522504E-007
  0.903225780      0.322580636      -8.1204968106552901E-008
  0.935483873      0.322580636       3.1739897991788887E-007
  0.967741907      0.322580636       1.0958391915601981E-006
   1.00000000      0.322580636      -1.1540185972259815E-006
   0.00000000      0.354838699       8.2144121009206155E-007
   3.22580636E-02  0.354838699       7.2652995133318005E-007
   6.45161271E-02  0.354838699      -8.8681134137072663E-008
   9.67741907E-02  0.354838699       2.0784409595362128E-008
  0.129032254      0.354838699       7.1610598424624488E-008
  0.161290318      0.354838699       9.4342474343766067E-007
  0.193548381      0.354838699       6.6042537167421295E-006
  0.225806445      0.354838699       2.9916233434779888E-005
  0.258064508      0.354838699       1.3831684956558729E-004
  0.290322572      0.354838699       5.0448084448189540E-004
  0.322580636      0.354838699       7.7018341304525861E-004
  0.354838699      0.354838699       3.4710537255756634E-004
  0.387096763      0.354838699       1.2215441969903732E-004
  0.419354826      0.354838699       2.2924432674946570E-004
  0.451612890      0.354838699       5.3661818572582219E-004
  0.483870953      0.354838699       9.1062319840208182E-004
  0.516129017      0.354838699       9.2393205109667651E-004
  0.548387110      0.354838699       6.0114330597852025E-004
  0.580645144      0.354838699       2.9160993087760663E-004
  0.612903237      0.354838699       1.2032190608531145E-004
  0.645161271      0.354838699       4.5086085634054035E-005
  0.677419364      0.354838699       1.5631325717997394E-005
  0.709677398      0.354838699       3.4162676441725975E-006
  0.741935492      0.354838699      -1.8779628532094759E-008
  0.774193525      0.354838699       5.6184846904904416E-008
  0.806451619      0.354838699      -2.3741460052862114E-008
  0.838709652      0.354838699       1.3138982821404599E-007
  0.870967746      0.354838699      -1.3467964216264598E-007
  0.903225780      0.354838699       1.1146322373521584E-007
  0.935483873      0.354838699      -3.0864623953583978E-007
  0.967741907      0.354838699      -1.1555713345430597E-006
   1.00000000      0.354838699       1.2360440794418977E-006
   0.00000000      0.387096763      -8.2179978986629849E-007
   3.22580636E-02  0.387096763      -6.3789760519268746E-007
   6.45161271E-02  0.387096763       2.1662202811077557E-007
   9.67741907E-02  0.387096763       9.7362904328294984E-009
  0.129032254      0.387096763       5.4681899217843921E-007
  0.161290318      0.387096763       4.5705087475398829E-006
  0.193548381      0.387096763       2.7712253622122596E-005
  0.225806445      0.387096763       1.5299020905492827E-004
  0.258064508      0.387096763       6.6132558201923819E-004
  0.290322572      0.387096763       2.0139789792519946E-003
  0.322580636      0.387096763       3.3164635515579568E-003
  0.354838699      0.387096763       2.2408204047008828E-003
  0.387096763      0.387096763       8.0176424520244521E-004
  0.419354826      0.387096763       7.9827872592661876E-004
  0.451612890      0.387096763       1.9502508624770357E-003
  0.483870953      0.387096763       3.4122912000886046E-003
  0.516129017      0.387096763       3.6875084912159372E-003
  0.548387110      0.387096763       2.5350885775125630E-003
  0.580645144      0.387096763       1.2147244979358392E-003
  0.612903237      0.387096763       4.4783254332931931E-004
  0.645161271      0.387096763       1.3756622598682354E-004
  0.677419364      0.387096763       3.1835923916605619E-005
  0.709677398      0.387096763       3.9098140574372832E-006
  0.741935492      0.387096763       2.4853317567499335E-007
  0.774193525      0.387096763       3.4667013975936588E-008
  0.806451619      0.387096763      -3.5129479831600040E-008
  0.838709652      0.387096763      -7.8363333475348605E-008
  0.870967746      0.387096763       1.5660391533823264E-007
  0.903225780      0.387096763      -6.7095343337312494E-008
  0.935483873      0.387096763       3.3384655061033406E-007
  0.967741907      0.387096763       1.2651616502981937E-006
   1.00000000      0.387096763      -1.2423149818629218E-006
   0.00000000      0.419354826       9.0700313035331818E-007
   3.22580636E-02  0.419354826       6.2033155938132623E-007
   6.45161271E-02  0.419354826      -2.0743517982087129E-007
   9.67741907E-02  0.419354826      -1.2199880038061663E-007
  0.129032254      0.419354826       1.6703746176338113E-006
  0.161290318      0.419354826       1.5456198684483985E-005
  0.193548381      0.419354826       1.0611191617609216E-004
  0.225806445      0.419354826       5.8513705124861603E-004
  0.258064508      0.419354826       2.3062636505025557E-003
  0.290322572      0.419354826       6.4060105332670583E-003
  0.322580636      0.419354826       1.0828863311282961E-002
  0.354838699      0.419354826       8.5465207264490226E-003
  0.387096763      0.419354826       2.8699344977512254E-003
  0.419354826      0.419354826       2.0912505865403699E-003
  0.451612890      0.419354826       5.5760497032332846E-003
  0.483870953      0.419354826       9.8736577274561900E-003
  0.516129017      0.419354826       1.0877252407202418E-002
  0.548387110      0.419354826       7.7041963510945215E-003
  0.580645144      0.419354826       3.6749606512802998E-003
  0.612903237      0.419354826       1.2755501931984005E-003
  0.645161271      0.419354826       3.2609254584231373E-004
  0.677419364      0.419354826       5.5888605038314877E-005
  0.709677398      0.419354826       6.6442919916166878E-006
  0.741935492      0.419354826       3.9894823606851205E-009
  0.774193525      0.419354826       3.8797018816292221E-008
  0.806451619      0.419354826      -4.1407490448432866E-008
  0.838709652      0.419354826       1.9505707079038266E-007
  0.870967746      0.419354826      -1.5375603058256412E-008
  0.903225780      0.419354826       9.3446463309660886E-008
  0.935483873      0.419354826      -2.8786154829694195E-007
  0.967741907      0.419354826      -1.2720263760964972E-006
   1.00000000      0.419354826       1.4404609549649984E-006
   0.00000000      0.451612890      -9.3514049762001679E-007
   3.22580636E-02  0.451612890      -5.7217645250220872E-007
   6.45161271E-02  0.451612890       2.9368097499738898E-007
   9.67741907E-02  0.451612890       1.3709067626001406E-007
  0.129032254      0.451612890       4.6600003761064271E-006
  0.161290318      0.451612890       4.1588033805526428E-005
  0.193548381      0.451612890       2.8366386181222474E-004
  0.225806445      0.451612890       1.4881747623364373E-003
  0.258064508      0.451612890       5.7511246472508604E-003
  0.290322572      0.451612890       1.4915776400319056E-002
  0.322580636      0.451612890       2.3632883589150850E-002
  0.354838699      0.451612890       2.0268864546398001E-002
  0.387096763      0.451612890       7.5825113261404151E-003
  0.419354826      0.451612890       4.2765084554453135E-003
  0.451612890      0.451612890       1.1832243224814592E-002
  0.483870953      0.451612890       2.0141637445781142E-002
  0.516129017      0.451612890       2.2331839337445456E-002
  0.548387110      0.451612890       1.6473077348427869E-002
  0.580645144      0.451612890       8.0766400443681198E-003
  0.612903237      0.451612890       2.6979454307887851E-003
  0.645161271      0.451612890       6.2164933651964553E-004
  0.677419364      0.451612890       1.0077612178870969E-004
  0.709677398      0.451612890       1.2561810145889053E-005
  0.741935492      0.451612890       1.5629180980403267E-006
  0.774193525      0.451612890      -7.6269675766809920E-008
  0.806451619      0.451612890       2.0922064233732496E-008
  0.838709652      0.451612890      -6.4445123335222277E-008
  0.870967746      0.451612890       9.2075858405384328E-008
  0.903225780      0.451612890       6.0020434797898462E-008
  0.935483873      0.451612890       4.2733093363462885E-007
  0.967741907      0.451612890       1.6516872410660942E-006
   1.00000000      0.451612890      -1.1023514774607754E-006
   0.00000000      0.483870953       1.0071187540305753E-006
   3.22580636E-02  0.483870953       6.3055782980487333E-007
   6.45161271E-02  0.483870953      -2.9057010714091924E-007
   9.67741907E-02  0.483870953       1.8376204552734758E-007
  0.129032254      0.483870953       7.7675851262276371E-006
  0.161290318      0.483870953       6.8222725426864153E-005
  0.193548381      0.483870953       4.5868919699104666E-004
  0.225806445      0.483870953       2.4207802204959006E-003
  0.258064508      0.483870953       9.4873122116095054E-003
  0.290322572      0.483870953       2.2441154413694660E-002
  0.322580636      0.483870953       3.3279362331066958E-002
  0.354838699      0.483870953       3.2008059010656120E-002
  0.387096763      0.483870953       1.2762276042844556E-002
  0.419354826      0.483870953       5.6807841888682504E-003
  0.451612890      0.483870953       1.6945511212843496E-002
  0.483870953      0.483870953       2.8052383873695057E-002
  0.516129017      0.483870953       3.1438718804871840E-002
  0.548387110      0.483870953       2.4452297540028069E-002
  0.580645144      0.483870953       1.2347412162001803E-002
  0.612903237      0.483870953       4.0148635196154197E-003
  0.645161271      0.483870953       9.1684108870063641E-004
  0.677419364      0.483870953       1.6471391295964051E-004
  0.709677398      0.483870953       2.4315869958768950E-005
  0.741935492      0.483870953       2.9001829139458770E-006
  0.774193525      0.483870953       1.7240654288459870E-007
  0.806451619      0.483870953      -2.1195835535367731E-008
  0.838709652      0.483870953       1.2768106432573294E-007
  0.870967746      0.483870953      -8.0767618107584596E-008
  0.903225780      0.483870953       3.1380891740391244E-008
  0.935483873      0.483870953      -3.7026273100830668E-007
  0.967741907      0.483870953      -1.4500186436232514E-006
   1.00000000      0.483870953       1.2115571148872027E-006
   0.00000000      0.516129017      -1.0206228822704392E-006
   3.22580636E-02  0.516129017      -6.8950312056026138E-007
   6.45161271E-02  0.516129017       4.1874653087346437E-007
   9.67741907E-02  0.516129017       1.9613385584414772E-007
  0.129032254      0.516129017       7.1669736166665490E-006
  0.161290318      0.516129017       6.5103289770990070E-005
  0.193548381      0.516129017       4.5346070689262580E-004
  0.225806445      0.516129017       2.4880197862356250E-003
  0.258064508      0.516129017       9.5672788888061886E-003
  0.290322572      0.516129017       2.1673786606579259E-002
  0.322580636      0.516129017       3.2536020498163974E-002
  0.354838699      0.516129017       3.4407946769768417E-002
  0.387096763      0.516129017       1.2104656661479600E-002
  0.419354826      0.516129017       3.8125175984251893E-003
  0.451612890      0.516129017       1.6586098403534127E-002
  0.483870953      0.516129017       2.7603499758592106E-002
  0.516129017      0.516129017       3.1772128887134925E-002
  0.548387110      0.516129017       2.5176553286472524E-002
  0.580645144      0.516129017       1.2389515056211468E-002
  0.612903237      0.516129017       3.9084028553647947E-003
  0.645161271      0.516129017       9.3197847013741855E-004
  0.677419364      0.516129017       1.8867520342926298E-004
  0.709677398      0.516129017       3.3009539906931014E-005
  0.741935492      0.516129017       4.9040293883246206E-006
  0.774193525      0.516129017       1.5235944099382924E-007
  0.806451619      0.516129017       5.6871130816693367E-008
  0.838709652      0.516129017      -8.9362752040785647E-008
  0.870967746      0.516129017       9.2205576748188830E-008
  0.903225780      0.516129017       1.7268753254627380E-008
  0.935483873      0.516129017       3.9286994628997915E-007
  0.967741907      0.516129017       1.6232208742020088E-006
   1.00000000      0.516129017      -1.1123655448216004E-006
   0.00000000      0.548387110       1.0839443223513784E-006
   3.22580636E-02  0.548387110       7.6921304651323058E-007
   6.45161271E-02  0.548387110      -3.1432764244520481E-007
   9.67741907E-02  0.548387110      -8.8483275868637493E-008
  0.129032254      0.548387110       4.2725229668675852E-006
  0.161290318      0.548387110       4.0357183650235129E-005
  0.193548381      0.548387110       3.0664383457532665E-004
  0.225806445      0.548387110       1.6364189103857394E-003
  0.258064508      0.548387110       6.0576506394763472E-003
  0.290322572      0.548387110       1.4316519102083364E-002
  0.322580636      0.548387110       2.3154168088051232E-002
  0.354838699      0.548387110       2.4307884648781784E-002
  0.387096763      0.548387110       5.8349975459287325E-003
  0.419354826      0.548387110       1.3784031484731724E-003
  0.451612890      0.548387110       1.1052494122169699E-002
  0.483870953      0.548387110       1.9670840431891976E-002
  0.516129017      0.548387110       2.3198988459559026E-002
  0.548387110      0.548387110       1.7441882094278608E-002
  0.580645144      0.548387110       7.9021554299776708E-003
  0.612903237      0.548387110       2.3993345248167547E-003
  0.645161271      0.548387110       5.7974229606353421E-004
  0.677419364      0.548387110       1.2177491568972426E-004
  0.709677398      0.548387110       2.4006982283024604E-005
  0.741935492      0.548387110       4.2883255051092247E-006
  0.774193525      0.548387110       3.0530473935931699E-007
  0.806451619      0.548387110      -7.0822906586438763E-008
  0.838709652      0.548387110       1.5232749074977002E-007
  0.870967746      0.548387110      -1.0950729480154394E-007
  0.903225780      0.548387110       6.6567903262263724E-008
  0.935483873      0.548387110      -3.5838808064347986E-007
  0.967741907      0.548387110      -1.5828702822552730E-006
   1.00000000      0.548387110       1.1219430221244126E-006
   0.00000000      0.580645144      -1.0723140667114175E-006
   3.22580636E-02  0.580645144      -8.7433031937442966E-007
   6.45161271E-02  0.580645144       3.6495858126645448E-007
   9.67741907E-02  0.580645144      -2.9184220616055281E-012
  0.129032254      0.580645144       1.9607223512835854E-006
  0.161290318      0.580645144       2.0904807594332183E-005
  0.193548381      0.580645144       1.5272366009732360E-004
  0.225806445      0.580645144       7.1250640112289012E-004
  0.258064508      0.580645144       2.6796294004268880E-003
  0.290322572      0.580645144       6.8082450085833026E-003
  0.322580636      0.580645144       1.1526910623429851E-002
  0.354838699      0.580645144       1.0480407511098869E-002
  0.387096763      0.580645144       1.3767443417931082E-003
  0.419354826      0.580645144       4.9664921481398457E-004
  0.451612890      0.580645144       4.8725308748540572E-003
  0.483870953      0.580645144       9.8647079972174600E-003
  0.516129017      0.580645144       1.1653863339763062E-002
  0.548387110      0.580645144       8.0506594345094388E-003
  0.580645144      0.580645144       3.3455656683291607E-003
  0.612903237      0.580645144       9.4401019780682193E-004
  0.645161271      0.580645144       2.0937691103982146E-004
  0.677419364      0.580645144       4.1762188651629811E-005
  0.709677398      0.580645144       9.0558391452072162E-006
  0.741935492      0.580645144       1.7823089991667708E-006
  0.774193525      0.580645144      -1.1343407461214878E-007
  0.806451619      0.580645144       1.8983975111646979E-007
  0.838709652      0.580645144      -1.8591238412555712E-007
  0.870967746      0.580645144       1.7043392312291757E-007
  0.903225780      0.580645144      -6.9432041659736571E-008
  0.935483873      0.580645144       3.8996711195231151E-007
  0.967741907      0.580645144       1.6234543741711022E-006
   1.00000000      0.580645144      -1.0292592033419952E-006
   0.00000000      0.612903237       1.1027594442436066E-006
   3.22580636E-02  0.612903237       9.8698055902355316E-007
   6.45161271E-02  0.612903237      -2.8805417912092005E-007
   9.67741907E-02  0.612903237      -1.8631702731184339E-008
  0.129032254      0.612903237       6.5758004935053358E-007
  0.161290318      0.612903237       1.1244618108953230E-005
  0.193548381      0.612903237       4.9063027039379729E-005
  0.225806445      0.612903237       2.2500329753080524E-004
  0.258064508      0.612903237       9.3003072914221176E-004
  0.290322572      0.612903237       2.3570888475195357E-003
  0.322580636      0.612903237       3.8107730529407303E-003
  0.354838699      0.612903237       2.8947482028188606E-003
  0.387096763      0.612903237       1.7895479638014642E-004
  0.419354826      0.612903237       1.9825082365258222E-004
  0.451612890      0.612903237       1.5253004057140934E-003
  0.483870953      0.612903237       3.4226771913218523E-003
  0.516129017      0.612903237       4.0849225971411190E-003
  0.548387110      0.612903237       2.6707589790808299E-003
  0.580645144      0.612903237       1.0161888036918302E-003
  0.612903237      0.612903237       2.4696779573951807E-004
  0.645161271      0.612903237       4.6231065698405685E-005
  0.677419364      0.612903237       9.7936872342943295E-006
  0.709677398      0.612903237       2.4192469084021682E-006
  0.741935492      0.612903237      -8.3860522858593639E-009
  0.774193525      0.612903237      -6.1640369285720045E-008
  0.806451619      0.612903237       5.9085650879243704E-009
  0.838709652      0.612903237       4.3222306967819031E-008
  0.870967746      0.612903237      -4.8128362423628522E-008
  0.903225780      0.612903237       3.7816108604581493E-008
  0.935483873      0.612903237      -2.5929720103739329E-007
  0.967741907      0.612903237      -1.6118126070444041E-006
   1.00000000      0.612903237       1.0380882165761693E-006
   0.00000000      0.645161271      -1.0823588229849358E-006
   3.22580636E-02  0.645161271      -1.1173609744368710E-006
   6.45161271E-02  0.645161271       2.4710835770881529E-007
   9.67741907E-02  0.645161271      -4.6936028420256766E-009
  0.129032254      0.645161271       7.9652343591140873E-007
  0.161290318      0.645161271       2.8148947148069560E-006
  0.193548381      0.645161271       1.0629411250832287E-005
  0.225806445      0.645161271       6.5775505399833176E-005
  0.258064508      0.645161271       2.4945337722923007E-004
  0.290322572      0.645161271       5.7360961249175598E-004
  0.322580636      0.645161271       9.0037786760454664E-004
  0.354838699      0.645161271       5.8885674201331452E-004
  0.387096763      0.645161271       1.0747460192958555E-006
  0.419354826      0.645161271       6.4080979555620668E-005
  0.451612890      0.645161271       3.7137860506106755E-004
  0.483870953      0.645161271       8.5970299945050982E-004
  0.516129017      0.645161271       1.0717412574165746E-003
  0.548387110      0.645161271       6.9604670823360194E-004
  0.580645144      0.645161271       2.3427796576739560E-004
  0.612903237      0.645161271       4.5130345091683951E-005
  0.645161271      0.645161271       8.4055433920764609E-006
  0.677419364      0.645161271       2.8847721894762338E-006
  0.709677398      0.645161271      -2.7726216045247983E-008
  0.741935492      0.645161271       8.8695814231956597E-009
  0.774193525      0.645161271       2.8631031110056533E-008
  0.806451619      0.645161271      -1.1423429217044593E-008
  0.838709652      0.645161271       1.6991078264490016E-008
  0.870967746      0.645161271       3.2145819891692270E-008
  0.903225780      0.645161271       1.5340302744197530E-008
  0.935483873      0.645161271       2.2583766990595362E-007
  0.967741907      0.645161271       1.6314230421836646E-006
   1.00000000      0.645161271      -9.6008869121057078E-007
   0.00000000      0.677419364       1.0887262406044336E-006
   3.22580636E-02  0.677419364       1.2236203322871779E-006
   6.45161271E-02  0.677419364      -1.4773147514417717E-007
   9.67741907E-02  0.677419364      -8.5596956417092637E-008
  0.129032254      0.677419364      -4.9362130595870477E-008
  0.161290318      0.677419364       2.5226645382542261E-008
  0.193548381      0.677419364       3.6003378309889282E-006
  0.225806445      0.677419364       1.6200554766105342E-005
  0.258064508      0.677419364       4.3882257133594959E-005
  0.290322572      0.677419364       1.0580053549729368E-004
  0.322580636      0.677419364       1.7030510642447233E-004
  0.354838699      0.677419364       7.9779965422871335E-005
  0.387096763      0.677419364      -1.8890412284162558E-006
  0.419354826      0.677419364       1.7157797637746961E-005
  0.451612890      0.677419364       6.6349824726601517E-005
  0.483870953      0.677419364       1.6271450211171009E-004
  0.516129017      0.677419364       2.2428521216750883E-004
  0.548387110      0.677419364       1.5099330379654576E-004
  0.580645144      0.677419364       4.4903097039036434E-005
  0.612903237      0.677419364       8.5837845741266704E-006
  0.645161271      0.677419364       3.0529105254147857E-006
  0.677419364      0.677419364       3.3295365358805997E-008
  0.709677398      0.677419364      -2.4831766406730807E-008
  0.741935492      0.677419364       3.3067831775898188E-009
  0.774193525      0.677419364      -1.8487781890197160E-008
  0.806451619      0.677419364      -1.9197493301553574E-008
  0.838709652      0.677419364      -2.2565100453795040E-010
  0.870967746      0.677419364      -3.6820509828314904E-008
  0.903225780      0.677419364       3.3167713463514958E-008
  0.935483873      0.677419364      -1.8718828964236889E-007
  0.967741907      0.677419364      -1.5563707577695019E-006
   1.00000000      0.677419364       9.3743727487741784E-007
   0.00000000      0.709677398      -1.0605472876840384E-006
   3.22580636E-02  0.709677398      -1.3288401512575333E-006
   6.45161271E-02  0.709677398       1.1199571974702099E-007
   9.67741907E-02  0.709677398       4.7710369508497016E-008
  0.129032254      0.709677398       5.0155129690285768E-008
  0.161290318      0.709677398      -3.7464213888966348E-008
  0.193548381      0.709677398       5.8846073165188494E-007
  0.225806445      0.709677398       1.8615516773194348E-006
  0.258064508      0.709677398       6.1674129403740171E-006
  0.290322572      0.709677398       1.6010481674005001E-005
  0.322580636      0.709677398       2.4484757675939321E-005
  0.354838699      0.709677398       5.8841447850798204E-006
  0.387096763      0.709677398       1.0827687234353222E-006
  0.419354826      0.709677398       3.2383286355667190E-006
  0.451612890      0.709677398       7.6376248866512889E-006
  0.483870953      0.709677398       2.2254217393540944E-005
  0.516129017      0.709677398       4.0167625960630447E-005
  0.548387110      0.709677398       2.9657574377811756E-005
  0.580645144      0.709677398       9.0395604049180674E-006
  0.612903237      0.709677398       2.7868355351623080E-006
  0.645161271      0.709677398       7.5521989381250412E-007
  0.677419364      0.709677398       1.2164860615515227E-008
  0.709677398      0.709677398       3.9791717582185149E-008
  0.741935492      0.709677398      -3.4959092792064630E-008
  0.774193525      0.709677398       1.4161888144893683E-008
  0.806451619      0.709677398       4.4588160436443871E-008
  0.838709652      0.709677398       1.3106842954460816E-008
  0.870967746      0.709677398       6.4940840958990971E-008
  0.903225780      0.709677398      -4.5414818999701651E-008
  0.935483873      0.709677398       2.0868729631030037E-007
  0.967741907      0.709677398       1.5133969054065189E-006
   1.00000000      0.709677398      -8.5251988722590382E-007
   0.00000000      0.741935492       1.0307084264454394E-006
   3.22580636E-02  0.741935492       1.4326436074987010E-006
   6.45161271E-02  0.741935492      -8.1890337902243924E-008
   9.67741907E-02  0.741935492      -1.2086760001417231E-008
  0.129032254      0.741935492      -6.2213034443099207E-008
  0.161290318      0.741935492       6.4466818978528174E-008
  0.193548381      0.741935492      -2.5456794499869606E-008
  0.225806445      0.741935492       2.0401953744264564E-007
  0.258064508      0.741935492       2.3650496806705918E-007
  0.290322572      0.741935492       1.6012637282416934E-006
  0.322580636      0.741935492       2.0845233491435721E-006
  0.354838699      0.741935492       1.9011867947473368E-007
  0.387096763      0.741935492       1.0818375092130654E-007
  0.419354826      0.741935492       1.1240625093452097E-008
  0.451612890      0.741935492       5.7023495501561655E-007
  0.483870953      0.741935492       2.0849991910150184E-006
  0.516129017      0.741935492       5.9501145846117267E-006
  0.548387110      0.741935492       5.0048649388577121E-006
  0.580645144      0.741935492       1.6407525744953228E-006
  0.612903237      0.741935492       2.4560068948596534E-007
  0.645161271      0.741935492       5.0751037471160440E-008
  0.677419364      0.741935492      -7.4691106246806916E-009
  0.709677398      0.741935492       3.6493426738812257E-008
  0.741935492      0.741935492      -2.2213503994419086E-008
  0.774193525      0.741935492       3.4881219660457735E-008
  0.806451619      0.741935492      -7.0726287935873154E-008
  0.838709652      0.741935492      -2.8293560075340245E-009
  0.870967746      0.741935492      -5.0687627936314284E-008
  0.903225780      0.741935492       7.9185186180241971E-008
  0.935483873      0.741935492      -1.7927673971852286E-007
  0.967741907      0.741935492      -1.4078072544768433E-006
   1.00000000      0.741935492       8.0837236762539469E-007
   0.00000000      0.774193525      -9.9203568279602001E-007
   3.22580636E-02  0.774193525      -1.4099302179711790E-006
   6.45161271E-02  0.774193525      -3.1725617864333717E-008
   9.67741907E-02  0.774193525       1.0833166043887845E-007
  0.129032254      0.774193525      -4.8281614200747620E-008
  0.161290318      0.774193525       1.6970195286935539E-008
  0.193548381      0.774193525      -5.6334582512529492E-008
  0.225806445      0.774193525      -4.4650306334669028E-008
  0.258064508      0.774193525       1.8286332373562159E-008
  0.290322572      0.774193525      -1.6391650302615947E-007
  0.322580636      0.774193525      -1.5221721852406862E-007
  0.354838699      0.774193525      -7.2755853964916285E-008
  0.387096763      0.774193525       5.9010446408761742E-008
  0.419354826      0.774193525      -3.8483838158450083E-008
  0.451612890      0.774193525       6.1676693587107615E-008
  0.483870953      0.774193525      -1.2879207418506183E-007
  0.516129017      0.774193525       2.7220694298770950E-007
  0.548387110      0.774193525       7.3978441495438055E-008
  0.580645144      0.774193525       1.5872718354887734E-007
  0.612903237      0.774193525      -2.1091915571800973E-007
  0.645161271      0.774193525       1.0104101213908281E-007
  0.677419364      0.774193525      -7.8348113771511179E-008
  0.709677398      0.774193525       2.8377980138477695E-009
  0.741935492      0.774193525       8.8032902087033522E-009
  0.774193525      0.774193525      -5.1932987799482031E-008
  0.806451619      0.774193525       1.1301390645108447E-007
  0.838709652      0.774193525      -1.7734561977269522E-008
  0.870967746      0.774193525       9.4359032119873057E-008
  0.903225780      0.774193525      -1.1965596462984239E-007
  0.935483873      0.774193525       2.1963776349213566E-007
  0.967741907      0.774193525       1.3149717686946913E-006
   1.00000000      0.774193525      -7.0676326100606315E-007
   0.00000000      0.806451619       9.2334847142733879E-007
   3.22580636E-02  0.806451619       1.4326939811276095E-006
   6.45161271E-02  0.806451619       4.2657846743598182E-008
   9.67741907E-02  0.806451619      -6.7973295028373480E-008
  0.129032254      0.806451619       3.6432592979935562E-008
  0.161290318      0.806451619       2.7699835968200597E-008
  0.193548381      0.806451619       2.3584782465949035E-008
  0.225806445      0.806451619       7.6831110296040580E-008
  0.258064508      0.806451619      -1.2623722919890280E-008
  0.290322572      0.806451619       9.8363893280331803E-008
  0.322580636      0.806451619       5.7758865539924564E-008
  0.354838699      0.806451619       5.4465600380730098E-008
  0.387096763      0.806451619      -3.5160555087772585E-008
  0.419354826      0.806451619       7.2775513076489416E-009
  0.451612890      0.806451619       8.4185550978210835E-009
  0.483870953      0.806451619       3.7657924151872294E-008
  0.516129017      0.806451619       5.6097849871522389E-008
  0.548387110      0.806451619       1.0893707282899111E-007
  0.580645144      0.806451619      -1.1713727921918203E-008
  0.612903237      0.806451619       1.1505571649840893E-007
  0.645161271      0.806451619      -5.2949670712749137E-008
  0.677419364      0.806451619       3.7284143199525077E-008
  0.709677398      0.806451619       3.0030458634447217E-008
  0.741935492      0.806451619      -2.7593608903805992E-008
  0.774193525      0.806451619       6.3311272156727073E-008
  0.806451619      0.806451619      -9.0164922300465809E-008
  0.838709652      0.806451619      -4.0094688207064866E-009
  0.870967746      0.806451619      -4.8579158435320849E-008
  0.903225780      0.806451619       1.3807807617295540E-007
  0.935483873      0.806451619      -1.7009635886048319E-007
  0.967741907      0.806451619      -1.1849410366542523E-006
   1.00000000      0.806451619       6.4416120452687185E-007
   0.00000000      0.838709652      -8.2751699828753714E-007
   3.22580636E-02  0.838709652      -1.3325941611946910E-006
   6.45161271E-02  0.838709652      -6.8358485364456871E-008
   9.67741907E-02  0.838709652       7.7847977940997733E-008
  0.129032254      0.838709652      -3.3540159354179940E-008
  0.161290318      0.838709652       1.0246004370314707E-009
  0.193548381      0.838709652      -2.9069389039558032E-008
  0.225806445      0.838709652      -1.7000772376353214E-008
  0.258064508      0.838709652      -2.2154025933081246E-009
  0.290322572      0.838709652      -1.5043103768533352E-008
  0.322580636      0.838709652      -3.4078966035163348E-008
  0.354838699      0.838709652       3.2861197223979611E-008
  0.387096763      0.838709652       9.9531112179893376E-009
  0.419354826      0.838709652       2.4895905708423079E-008
  0.451612890      0.838709652      -3.0017034585064727E-009
  0.483870953      0.838709652       8.4838157185369149E-009
  0.516129017      0.838709652      -2.2369483081891842E-008
  0.548387110      0.838709652      -3.3318008818662310E-008
  0.580645144      0.838709652       4.7440540609467324E-008
  0.612903237      0.838709652      -7.1596365442833512E-008
  0.645161271      0.838709652       4.9463582869270783E-008
  0.677419364      0.838709652      -7.5239120032693107E-009
  0.709677398      0.838709652      -3.6391676535162492E-008
  0.741935492      0.838709652       4.9888417038610740E-008
  0.774193525      0.838709652      -6.3599606844640808E-008
  0.806451619      0.838709652       1.2155526821792307E-007
  0.838709652      0.838709652       3.4987043029395156E-010
  0.870967746      0.838709652       8.0992467201770238E-008
  0.903225780      0.838709652      -1.5801901920516718E-007
  0.935483873      0.838709652       1.8734404042350334E-007
  0.967741907      0.838709652       1.0530971070115943E-006
   1.00000000      0.838709652      -5.3171250061852840E-007
   0.00000000      0.870967746       7.1134213725216291E-007
   3.22580636E-02  0.870967746       1.2463335035723485E-006
   6.45161271E-02  0.870967746       4.0816144137210906E-008
   9.67741907E-02  0.870967746       4.8123198555964713E-009
  0.129032254      0.870967746      -2.6139352829101355E-008
  0.161290318      0.870967746       9.5798786870594731E-008
  0.193548381      0.870967746      -5.4451399764198247E-008
  0.225806445      0.870967746       1.2724000791928991E-007
  0.258064508      0.870967746      -7.1270034452783004E-008
  0.290322572      0.870967746       1.2416673153652222E-007
  0.322580636      0.870967746      -4.1923869300764691E-008
  0.354838699      0.870967746       6.4035392096215541E-008
  0.387096763      0.870967746      -5.8456702218958920E-008
  0.419354826      0.870967746       6.1994316055909072E-008
  0.451612890      0.870967746      -3.4855179486666437E-008
  0.483870953      0.870967746       6.1664647382865807E-008
  0.516129017      0.870967746       3.3439371473912481E-008
  0.548387110      0.870967746       3.4354744176929000E-008
  0.580645144      0.870967746       3.8893876234500917E-008
  0.612903237      0.870967746       5.3143595867765650E-008
  0.645161271      0.870967746       6.9091108154898228E-009
  0.677419364      0.870967746       2.4103259269547773E-009
  0.709677398      0.870967746       7.3098698933227220E-008
  0.741935492      0.870967746      -7.2899271515740786E-008
  0.774193525      0.870967746       1.0595986982890375E-007
  0.806451619      0.870967746      -1.2408849869795806E-007
  0.838709652      0.870967746       1.9317553537585843E-008
  0.870967746      0.870967746      -5.5708540316171424E-008
  0.903225780      0.870967746       1.7580772793133146E-007
  0.935483873      0.870967746      -1.3595074506806815E-007
  0.967741907      0.870967746      -8.7513118323690456E-007
   1.00000000      0.870967746       4.6634226459516181E-007
   0.00000000      0.903225780      -5.7968191227793529E-007
   3.22580636E-02  0.903225780      -1.0069723822354563E-006
   6.45161271E-02  0.903225780      -6.8903754256428690E-008
   9.67741907E-02  0.903225780       4.2808573615460343E-008
  0.129032254      0.903225780      -3.3115702852872177E-009
  0.161290318      0.903225780      -1.7098520220464087E-008
  0.193548381      0.903225780       2.1070978673547671E-009
  0.225806445      0.903225780      -3.0773957224969110E-008
  0.258064508      0.903225780       2.5862011649049816E-008
  0.290322572      0.903225780      -4.3486672667257416E-008
  0.322580636      0.903225780       3.2829994338742764E-008
  0.354838699      0.903225780      -1.4334707787320977E-008
  0.387096763      0.903225780       5.2015574590532872E-008
  0.419354826      0.903225780      -1.8765095014919473E-008
  0.451612890      0.903225780       5.0862467428517114E-008
  0.483870953      0.903225780      -2.9841553534933378E-008
  0.516129017      0.903225780       2.7244738872601341E-008
  0.548387110      0.903225780       5.2111856015964444E-009
  0.580645144      0.903225780       1.5094623160499991E-008
  0.612903237      0.903225780       8.8996370316301578E-009
  0.645161271      0.903225780      -7.5395565746171747E-009
  0.677419364      0.903225780       4.5106764828609973E-008
  0.709677398      0.903225780      -6.2554386151252598E-008
  0.741935492      0.903225780       9.1114761823689592E-008
  0.774193525      0.903225780      -8.6371721115611045E-008
  0.806451619      0.903225780       1.3103695384060280E-007
  0.838709652      0.903225780      -8.8420943525830205E-009
  0.870967746      0.903225780       6.7153227825468781E-008
  0.903225780      0.903225780      -1.4707924718558708E-007
  0.935483873      0.903225780       1.4249264912141312E-007
  0.967741907      0.903225780       7.1016494146242597E-007
   1.00000000      0.903225780      -3.4586092523672874E-007
   0.00000000      0.935483873       4.5144889001922450E-007
   3.22580636E-02  0.935483873       7.7793577118845864E-007
   6.45161271E-02  0.935483873       8.9427425451012729E-008
   9.67741907E-02  0.935483873      -3.8878482264522540E-008
  0.129032254      0.935483873       4.2341611532755760E-008
  0.161290318      0.935483873      -3.4080546930118821E-009
  0.193548381      0.935483873       4.6604440375610665E-008
  0.225806445      0.935483873       2.2858196309725039E-009
  0.258064508      0.935483873       4.2660953463040628E-008
  0.290322572      0.935483873      -9.6726227747887613E-009
  0.322580636      0.935483873       6.2178344603832655E-008
  0.354838699      0.935483873      -4.5721878913377694E-008
  0.387096763      0.935483873       5.9917224162244673E-008
  0.419354826      0.935483873      -4.4013277029405878E-008
  0.451612890      0.935483873       5.5729623139073194E-008
  0.483870953      0.935483873      -2.1490010877133596E-008
  0.516129017      0.935483873       5.4091753167145087E-008
  0.548387110      0.935483873      -1.0401564679434265E-008
  0.580645144      0.935483873       4.0182289059329078E-008
  0.612903237      0.935483873       1.6911460600422659E-008
  0.645161271      0.935483873       3.3638270009604818E-008
  0.677419364      0.935483873       1.0963071113562683E-008
  0.709677398      0.935483873       2.9905604385472825E-008
  0.741935492      0.935483873       2.4739445779258727E-009
  0.774193525      0.935483873       1.8522399299348316E-008
  0.806451619      0.935483873      -5.9900098461980703E-009
  0.838709652      0.935483873      -5.0356623465557056E-008
  0.870967746      0.935483873       3.8086933681900497E-008
  0.903225780      0.935483873       7.1887126114212183E-008
  0.935483873      0.935483873      -3.1344137202359506E-008
  0.967741907      0.935483873      -5.4165200894628140E-007
   1.00000000      0.935483873       2.8853924910316193E-007
   0.00000000      0.967741907      -3.0871468139671826E-007
   3.22580636E-02  0.967741907      -4.2321550165857223E-007
   6.45161271E-02  0.967741907      -1.9070710554509826E-007
   9.67741907E-02  0.967741907       2.3325119655869353E-007
  0.129032254      0.967741907      -2.7341218563896565E-007
  0.161290318      0.967741907       3.3940181647308797E-007
  0.193548381      0.967741907      -4.0348337993022232E-007
  0.225806445      0.967741907       4.7405002973510219E-007
  0.258064508      0.967741907      -5.3868094674039451E-007
  0.290322572      0.967741907       6.1916955618892290E-007
  0.322580636      0.967741907      -6.7466899910153412E-007
  0.354838699      0.967741907       7.6173024611977689E-007
  0.387096763      0.967741907      -7.8715679347814187E-007
  0.419354826      0.967741907       8.5882838162962836E-007
  0.451612890      0.967741907      -8.5535554649494887E-007
  0.483870953      0.967741907       9.2767877431429984E-007
  0.516129017      0.967741907      -9.2281690356392435E-007
  0.548387110      0.967741907       9.7269317681216488E-007
  0.580645144      0.967741907      -9.1736083598445379E-007
  0.612903237      0.967741907       9.1735678957075680E-007
  0.645161271      0.967741907      -8.6429788911227199E-007
  0.677419364      0.967741907       8.4573051403904806E-007
  0.709677398      0.967741907      -7.9394170965341512E-007
  0.741935492      0.967741907       7.7952016068679028E-007
  0.774193525      0.967741907      -7.1060909106876496E-007
  0.806451619      0.967741907       6.7429008408500005E-007
  0.838709652      0.967741907      -5.3519621574463197E-007
  0.870967746      0.967741907       4.9261637445047346E-007
  0.903225780      0.967741907      -4.3486995170087303E-007
  0.935483873      0.967741907       3.3357742579410183E-007
  0.967741907      0.967741907       1.7378269727822989E-007
   1.00000000      0.967741907      -9.9861105569097026E-008
   0.00000000       1.00000000       9.1110281616585498E-008
   3.22580636E-02   1.00000000       2.4665743545124015E-007
   6.45161271E-02   1.00000000      -4.4558940300137102E-008
   9.67741907E-02   1.00000000       9.5117671483158766E-008
  0.129032254       1.00000000      -9.1429968975055911E-008
  0.161290318       1.00000000       1.1000712530823817E-007
  0.193548381       1.00000000      -7.1063433883805534E-008
  0.225806445       1.00000000       7.0953008303145445E-008
  0.258064508       1.00000000      -1.3835217925837150E-008
  0.290322572       1.00000000      -2.1447922258351959E-010
  0.322580636       1.00000000       7.5041769208258046E-008
  0.354838699       1.00000000      -1.1210837125747870E-007
  0.387096763       1.00000000       2.0628276011313485E-007
  0.419354826       1.00000000      -2.6097277323210396E-007
  0.451612890       1.00000000       3.5936668055934752E-007
  0.483870953       1.00000000      -4.1350132060744816E-007
  0.516129017       1.00000000       5.1182447742751307E-007
  0.548387110       1.00000000      -5.4311853280828980E-007
  0.580645144       1.00000000       6.3162645548321584E-007
  0.612903237       1.00000000      -6.4124175767535235E-007
  0.645161271       1.00000000       7.1024736213594525E-007
  0.677419364       1.00000000      -6.9096873220190577E-007
  0.709677398       1.00000000       7.1461699243510857E-007
  0.741935492       1.00000000      -6.6374698566923879E-007
  0.774193525       1.00000000       6.4697739916483862E-007
  0.806451619       1.00000000      -5.7106352019818669E-007
  0.838709652       1.00000000       5.1192314933518516E-007
  0.870967746       1.00000000      -4.1990732722346873E-007
  0.903225780       1.00000000       3.7914494830808255E-007
  0.935483873       1.00000000      -2.5462331201893615E-007
  0.967741907       1.00000000       5.1840686262883498E-008
   1.00000000       1.00000000       1.8933560724069960E-008
