 # X Y F 
   0.00000000       0.00000000      -1.3273560083278672E-008
   3.22580636E-02   0.00000000       4.2514633255000623E-007
   6.45161271E-02   0.00000000      -3.3823611083783593E-007
   9.67741907E-02   0.00000000       5.2691531448574359E-007
  0.129032254       0.00000000      -5.6692583627765353E-007
  0.161290318       0.00000000       6.5875374704466456E-007
  0.193548381       0.00000000      -6.7556086534201259E-007
  0.225806445       0.00000000       7.4662753356495362E-007
  0.258064508       0.00000000      -7.6635930826217858E-007
  0.290322572       0.00000000       8.5681043267915264E-007
  0.322580636       0.00000000      -8.8408957444619781E-007
  0.354838699       0.00000000       9.8699431024255947E-007
  0.387096763       0.00000000      -1.0129821289858200E-006
  0.419354826       0.00000000       1.1277888209343209E-006
  0.451612890       0.00000000      -1.1339054716208496E-006
  0.483870953       0.00000000       1.1711698372801374E-006
  0.516129017       0.00000000      -1.1303085712480458E-006
  0.548387110       0.00000000       1.1160539976480417E-006
  0.580645144       0.00000000      -1.0225753358289795E-006
  0.612903237       0.00000000       9.7875186117895501E-007
  0.645161271       0.00000000      -8.7179587051065436E-007
  0.677419364       0.00000000       8.1712986268945537E-007
  0.709677398       0.00000000      -7.2871291788850745E-007
  0.741935492       0.00000000       6.8314963964756869E-007
  0.774193525       0.00000000      -6.1637829356174343E-007
  0.806451619       0.00000000       5.8897644780542415E-007
  0.838709652       0.00000000      -5.3749557749778801E-007
  0.870967746       0.00000000       4.8757391240400668E-007
  0.903225780       0.00000000      -3.9978347230773537E-007
  0.935483873       0.00000000       3.2586279833316958E-007
  0.967741907       0.00000000      -2.8051830504620540E-007
   1.00000000       0.00000000       1.6643855587329306E-007
   0.00000000       3.22580636E-02  -2.4072600650345233E-007
   3.22580636E-02   3.22580636E-02  -1.9058102498322088E-007
   6.45161271E-02   3.22580636E-02  -3.7584804866523313E-007
   9.67741907E-02   3.22580636E-02   3.4768997513521581E-007
  0.129032254       3.22580636E-02  -3.7880825315399578E-007
  0.161290318       3.22580636E-02   4.4014369113643966E-007
  0.193548381       3.22580636E-02  -4.0914046415228865E-007
  0.225806445       3.22580636E-02   4.7457387205610086E-007
  0.258064508       3.22580636E-02  -4.4331924070095706E-007
  0.290322572       3.22580636E-02   4.9827551168207154E-007
  0.322580636       3.22580636E-02  -4.9815191451328683E-007
  0.354838699       3.22580636E-02   5.6725240528561802E-007
  0.387096763       3.22580636E-02  -5.9047238390594746E-007
  0.419354826       3.22580636E-02   5.9569024235527795E-007
  0.451612890       3.22580636E-02  -5.8512752778581070E-007
  0.483870953       3.22580636E-02   6.1552350937044088E-007
  0.516129017       3.22580636E-02  -5.3104015970377338E-007
  0.548387110       3.22580636E-02   5.2064632711031943E-007
  0.580645144       3.22580636E-02  -4.6487424751461683E-007
  0.612903237       3.22580636E-02   4.3417688949211093E-007
  0.645161271       3.22580636E-02  -3.9619924525743531E-007
  0.677419364       3.22580636E-02   3.6477301822340938E-007
  0.709677398       3.22580636E-02  -3.2086698340074039E-007
  0.741935492       3.22580636E-02   2.9852197152448911E-007
  0.774193525       3.22580636E-02  -2.7076766535510314E-007
  0.806451619       3.22580636E-02   2.5962421836210192E-007
  0.838709652       3.22580636E-02  -2.2744433004097738E-007
  0.870967746       3.22580636E-02   2.2622690941024844E-007
  0.903225780       3.22580636E-02  -2.1610951396038613E-007
  0.935483873       3.22580636E-02   1.7510927878067013E-007
  0.967741907       3.22580636E-02   8.2444823975737090E-008
   1.00000000       3.22580636E-02  -1.7596846765580685E-007
   0.00000000       6.45161271E-02   3.4023097431468095E-007
   3.22580636E-02   6.45161271E-02   5.2524108491589622E-007
   6.45161271E-02   6.45161271E-02   2.9518970863310280E-007
   9.67741907E-02   6.45161271E-02  -8.8314139921531395E-008
  0.129032254       6.45161271E-02   1.6177249875847132E-007
  0.161290318       6.45161271E-02  -1.4817126513489497E-007
  0.193548381       6.45161271E-02   1.8075695956617240E-007
  0.225806445       6.45161271E-02  -1.9196860082778785E-007
  0.258064508       6.45161271E-02   2.1069262367187771E-007
  0.290322572       6.45161271E-02  -1.6389828136752751E-007
  0.322580636       6.45161271E-02   1.9569824752116432E-007
  0.354838699       6.45161271E-02  -1.7166680494821379E-007
  0.387096763       6.45161271E-02   2.3182248704331511E-007
  0.419354826       6.45161271E-02  -1.0692527233032912E-007
  0.451612890       6.45161271E-02   1.3985438839017970E-007
  0.483870953       6.45161271E-02  -1.0809440207645612E-007
  0.516129017       6.45161271E-02   9.0248708114577951E-008
  0.548387110       6.45161271E-02  -7.5589638965463269E-008
  0.580645144       6.45161271E-02   1.1000851569328023E-007
  0.612903237       6.45161271E-02  -7.4267996967668808E-008
  0.645161271       6.45161271E-02   1.3217418297334023E-007
  0.677419364       6.45161271E-02  -9.8638711627177100E-008
  0.709677398       6.45161271E-02   1.3192295686562790E-007
  0.741935492       6.45161271E-02  -1.1204504165530373E-007
  0.774193525       6.45161271E-02   1.3286516668997799E-007
  0.806451619       6.45161271E-02  -1.1289305647802763E-007
  0.838709652       6.45161271E-02   1.1064166362610910E-007
  0.870967746       6.45161271E-02  -1.1133145176081628E-007
  0.903225780       6.45161271E-02   1.3664009148131488E-007
  0.935483873       6.45161271E-02  -1.0274908886100910E-007
  0.967741907       6.45161271E-02  -2.4253263530396753E-007
   1.00000000       6.45161271E-02   3.1029862992426093E-007
   0.00000000       9.67741907E-02  -3.3381681949972594E-007
   3.22580636E-02   9.67741907E-02  -8.1572807048140996E-007
   6.45161271E-02   9.67741907E-02  -7.0324002501310913E-008
   9.67741907E-02   9.67741907E-02  -1.7523488698805827E-007
  0.129032254       9.67741907E-02   2.1922307529990510E-007
  0.161290318       9.67741907E-02  -1.9888318593989156E-007
  0.193548381       9.67741907E-02   2.5181424881649908E-007
  0.225806445       9.67741907E-02  -1.5120647829752649E-007
  0.258064508       9.67741907E-02   1.7598958505674902E-007
  0.290322572       9.67741907E-02  -1.1285785196402661E-007
  0.322580636       9.67741907E-02   1.1224715263841398E-007
  0.354838699       9.67741907E-02  -8.8474288428443665E-009
  0.387096763       9.67741907E-02  -4.0637650392421713E-008
  0.419354826       9.67741907E-02   1.0895602055879096E-009
  0.451612890       9.67741907E-02  -1.5714358883074771E-008
  0.483870953       9.67741907E-02   8.5852942522131407E-008
  0.516129017       9.67741907E-02  -1.5717745632010501E-009
  0.548387110       9.67741907E-02   5.7872596204237612E-008
  0.580645144       9.67741907E-02  -1.4488447434504325E-008
  0.612903237       9.67741907E-02  -9.8517304583591121E-009
  0.645161271       9.67741907E-02   3.1070146720098456E-008
  0.677419364       9.67741907E-02  -7.5755047731679147E-008
  0.709677398       9.67741907E-02   1.0516819481976318E-007
  0.741935492       9.67741907E-02  -1.2569984196891805E-007
  0.774193525       9.67741907E-02   1.4941449881980293E-007
  0.806451619       9.67741907E-02  -1.4773995601754769E-007
  0.838709652       9.67741907E-02   1.4718395650148260E-007
  0.870967746       9.67741907E-02  -8.7467524776162210E-008
  0.903225780       9.67741907E-02   5.4691235980287173E-008
  0.935483873       9.67741907E-02  -3.7921082388139778E-008
  0.967741907       9.67741907E-02   4.9128278058382303E-007
   1.00000000       9.67741907E-02  -4.5897833780475436E-007
   0.00000000      0.129032254       4.7384978494571698E-007
   3.22580636E-02  0.129032254       8.6471912235357937E-007
   6.45161271E-02  0.129032254       2.9355151632664610E-007
   9.67741907E-02  0.129032254       5.1486762049173336E-009
  0.129032254      0.129032254       5.0419420269056639E-008
  0.161290318      0.129032254       1.0932781979795545E-008
  0.193548381      0.129032254      -1.7415373554065679E-008
  0.225806445      0.129032254       2.2944727335263992E-008
  0.258064508      0.129032254      -2.2543076042831918E-008
  0.290322572      0.129032254       9.2354967749720900E-008
  0.322580636      0.129032254      -6.8412309670419590E-008
  0.354838699      0.129032254       7.6556755887265027E-008
  0.387096763      0.129032254       1.1675339854142627E-008
  0.419354826      0.129032254       1.7261695417406115E-007
  0.451612890      0.129032254      -1.2163828304300044E-007
  0.483870953      0.129032254       1.2612415111560966E-007
  0.516129017      0.129032254      -1.5726546684484823E-007
  0.548387110      0.129032254       1.1792746579351064E-007
  0.580645144      0.129032254      -6.6954539204806520E-008
  0.612903237      0.129032254       9.0558975007976495E-008
  0.645161271      0.129032254      -4.5755725270341700E-009
  0.677419364      0.129032254       1.6272604728056925E-008
  0.709677398      0.129032254       5.9217760734023027E-008
  0.741935492      0.129032254      -8.4659822133224156E-008
  0.774193525      0.129032254       1.2456662418847290E-007
  0.806451619      0.129032254      -1.2405949615092082E-007
  0.838709652      0.129032254       1.4965725141399382E-007
  0.870967746      0.129032254      -1.8985998765428603E-007
  0.903225780      0.129032254       2.1429668481366384E-007
  0.935483873      0.129032254      -1.9399681138513197E-007
  0.967741907      0.129032254      -4.3609340742576525E-007
   1.00000000      0.129032254       5.2075243656343520E-007
   0.00000000      0.161290318      -4.8273391092193187E-007
   3.22580636E-02  0.161290318      -9.4245596754461171E-007
   6.45161271E-02  0.161290318      -2.2458658778670888E-007
   9.67741907E-02  0.161290318      -2.6134883694655649E-008
  0.129032254      0.161290318       3.5849352325355882E-008
  0.161290318      0.161290318      -2.3089708009534001E-008
  0.193548381      0.161290318       9.7530716500790711E-008
  0.225806445      0.161290318      -5.2354192861241853E-010
  0.258064508      0.161290318       6.0511831349337314E-008
  0.290322572      0.161290318      -1.7519103114933629E-008
  0.322580636      0.161290318       3.9047886493998082E-008
  0.354838699      0.161290318       6.7628702420823220E-008
  0.387096763      0.161290318      -9.9649721708985955E-008
  0.419354826      0.161290318      -3.3938768570223238E-008
  0.451612890      0.161290318       5.4706886875918926E-008
  0.483870953      0.161290318       1.3631331021235172E-008
  0.516129017      0.161290318       1.0007203976336475E-007
  0.548387110      0.161290318      -5.4811376135056744E-009
  0.580645144      0.161290318       3.4476760180912461E-008
  0.612903237      0.161290318      -1.6445181251790739E-008
  0.645161271      0.161290318      -6.2815276190884892E-009
  0.677419364      0.161290318      -1.7036824026706991E-008
  0.709677398      0.161290318       1.9969046865028817E-008
  0.741935492      0.161290318       9.9967983723145399E-009
  0.774193525      0.161290318      -6.1627216870143365E-009
  0.806451619      0.161290318       2.2988417419306013E-008
  0.838709652      0.161290318      -3.9459226787036633E-008
  0.870967746      0.161290318       9.8880458302591393E-008
  0.903225780      0.161290318      -1.1634642686953067E-007
  0.935483873      0.161290318       1.4104695239565152E-007
  0.967741907      0.161290318       6.1604735644876182E-007
   1.00000000      0.161290318      -6.5806423579260035E-007
   0.00000000      0.193548381       5.7791301561453616E-007
   3.22580636E-02  0.193548381       9.8671588535029888E-007
   6.45161271E-02  0.193548381       2.9982376206023588E-007
   9.67741907E-02  0.193548381       1.5718058439821974E-008
  0.129032254      0.193548381       5.3890348517250039E-008
  0.161290318      0.193548381       3.0852556446015795E-008
  0.193548381      0.193548381      -2.2658420606795403E-008
  0.225806445      0.193548381       1.7646131086514566E-008
  0.258064508      0.193548381       1.4184025146646364E-008
  0.290322572      0.193548381       5.7643582180403078E-008
  0.322580636      0.193548381       3.0640706605905552E-008
  0.354838699      0.193548381      -6.3688408534397234E-008
  0.387096763      0.193548381       1.8564319005026764E-007
  0.419354826      0.193548381       3.4317146879997818E-008
  0.451612890      0.193548381       1.6318520724291386E-008
  0.483870953      0.193548381      -1.9288669343349757E-008
  0.516129017      0.193548381      -3.3192436767351311E-008
  0.548387110      0.193548381       1.4274032060400915E-008
  0.580645144      0.193548381      -2.0895796705501534E-009
  0.612903237      0.193548381       3.6965710523218566E-008
  0.645161271      0.193548381       3.8153492720056781E-008
  0.677419364      0.193548381       1.8998138130458496E-008
  0.709677398      0.193548381       1.3258853951172225E-008
  0.741935492      0.193548381      -2.7390897595902515E-008
  0.774193525      0.193548381       3.5625465410132581E-008
  0.806451619      0.193548381      -3.9050668886500113E-008
  0.838709652      0.193548381       7.9397702915602036E-008
  0.870967746      0.193548381      -1.2106338412611179E-007
  0.903225780      0.193548381       1.5695196774787938E-007
  0.935483873      0.193548381      -1.9189697226293988E-007
  0.967741907      0.193548381      -6.8672663168370643E-007
   1.00000000      0.193548381       7.6417708888844135E-007
   0.00000000      0.225806445      -5.7999012126249965E-007
   3.22580636E-02  0.225806445      -9.8618746998450380E-007
   6.45161271E-02  0.225806445      -1.9267453119606347E-007
   9.67741907E-02  0.225806445      -2.4143028792086981E-008
  0.129032254      0.225806445       2.9681504705176592E-008
  0.161290318      0.225806445      -2.2443946727054666E-008
  0.193548381      0.225806445       1.0744038770817497E-007
  0.225806445      0.225806445       2.2797640985722844E-008
  0.258064508      0.225806445       6.0171310428336464E-008
  0.290322572      0.225806445      -3.0623136532802067E-008
  0.322580636      0.225806445       4.2662387919269653E-008
  0.354838699      0.225806445       1.1442185231792064E-007
  0.387096763      0.225806445      -1.5713253306063081E-007
  0.419354826      0.225806445      -2.2629650701550154E-008
  0.451612890      0.225806445       3.4878872604638246E-008
  0.483870953      0.225806445       5.7480785544258219E-008
  0.516129017      0.225806445       7.3783641313608816E-008
  0.548387110      0.225806445       5.9328230284570090E-008
  0.580645144      0.225806445      -6.3797747423342592E-009
  0.612903237      0.225806445       7.5345263279311485E-009
  0.645161271      0.225806445      -3.5275799464014842E-008
  0.677419364      0.225806445       6.3466075437191683E-009
  0.709677398      0.225806445      -1.1039747580878508E-008
  0.741935492      0.225806445       5.4418143112913264E-008
  0.774193525      0.225806445      -5.6854474515938501E-008
  0.806451619      0.225806445       7.5191588167789078E-008
  0.838709652      0.225806445      -1.1605668621508271E-007
  0.870967746      0.225806445       1.5294402010231276E-007
  0.903225780      0.225806445      -1.5938163266847714E-007
  0.935483873      0.225806445       2.1573340451645002E-007
  0.967741907      0.225806445       7.9651319736619768E-007
   1.00000000      0.225806445      -8.5663364044593536E-007
   0.00000000      0.258064508       6.6178533812124305E-007
   3.22580636E-02  0.258064508       9.7803867161551680E-007
   6.45161271E-02  0.258064508       2.2227900021839617E-007
   9.67741907E-02  0.258064508      -6.6121239531687733E-010
  0.129032254      0.258064508       9.0606018734052884E-008
  0.161290318      0.258064508       8.8963951300991000E-009
  0.193548381      0.258064508       2.7085753319892093E-008
  0.225806445      0.258064508      -1.0646350004926228E-008
  0.258064508      0.258064508       5.7039045974751027E-008
  0.290322572      0.258064508       3.2942013128736360E-007
  0.322580636      0.258064508       1.3785852447643214E-007
  0.354838699      0.258064508       7.4803021621463360E-009
  0.387096763      0.258064508       1.8680106183189410E-007
  0.419354826      0.258064508       1.3269052020720595E-007
  0.451612890      0.258064508      -7.7950837206347468E-008
  0.483870953      0.258064508       2.4613466885549772E-008
  0.516129017      0.258064508      -1.5374623348624456E-007
  0.548387110      0.258064508      -3.6621495284744717E-009
  0.580645144      0.258064508       9.7940252995654039E-008
  0.612903237      0.258064508      -1.6308723615138026E-008
  0.645161271      0.258064508       1.0321482540210315E-007
  0.677419364      0.258064508      -2.8664170700970883E-008
  0.709677398      0.258064508       5.4132342267937513E-008
  0.741935492      0.258064508      -7.2486900075091112E-008
  0.774193525      0.258064508       7.9478912299290653E-008
  0.806451619      0.258064508      -7.6274680318089727E-008
  0.838709652      0.258064508       1.2370415408335231E-007
  0.870967746      0.258064508      -1.5221964385823268E-007
  0.903225780      0.258064508       1.6566080853369850E-007
  0.935483873      0.258064508      -2.4281612785359457E-007
  0.967741907      0.258064508      -8.7080932263702450E-007
   1.00000000      0.258064508       9.4272653906570066E-007
   0.00000000      0.290322572      -6.5123041893765057E-007
   3.22580636E-02  0.290322572      -9.1624073765068635E-007
   6.45161271E-02  0.290322572      -8.4005010011202381E-008
   9.67741907E-02  0.290322572       1.2132241662435579E-008
  0.129032254      0.290322572       1.8907534944056187E-008
  0.161290318      0.290322572       4.8552985959729658E-008
  0.193548381      0.290322572       2.7347586778654625E-007
  0.225806445      0.290322572      -2.5741022855573454E-008
  0.258064508      0.290322572       2.4812533316525464E-007
  0.290322572      0.290322572       4.7942757575021517E-007
  0.322580636      0.290322572      -7.2290468281936952E-008
  0.354838699      0.290322572       1.8347108962074780E-007
  0.387096763      0.290322572      -2.9634248382441354E-007
  0.419354826      0.290322572      -9.1726281902151761E-008
  0.451612890      0.290322572       9.6222304143631341E-008
  0.483870953      0.290322572       2.2811577678378738E-008
  0.516129017      0.290322572       3.3903531543559627E-007
  0.548387110      0.290322572       9.1891473581808495E-007
  0.580645144      0.290322572       8.9578638690786624E-008
  0.612903237      0.290322572       1.4981275289952513E-007
  0.645161271      0.290322572      -2.2631490208580458E-007
  0.677419364      0.290322572       9.8004464925076853E-008
  0.709677398      0.290322572      -4.5218473841574889E-008
  0.741935492      0.290322572       6.6672327066575213E-008
  0.774193525      0.290322572      -6.7098456456797069E-008
  0.806451619      0.290322572       6.4014903680506045E-008
  0.838709652      0.290322572      -1.1906419080495935E-007
  0.870967746      0.290322572       1.5810688215016406E-007
  0.903225780      0.290322572      -1.5085926625977360E-007
  0.935483873      0.290322572       2.5690896800396184E-007
  0.967741907      0.290322572       9.7639244826286186E-007
   1.00000000      0.290322572      -1.0133537464892130E-006
   0.00000000      0.322580636       7.2589477828803188E-007
   3.22580636E-02  0.322580636       8.9041056453239300E-007
   6.45161271E-02  0.322580636       5.2283723667139866E-008
   9.67741907E-02  0.322580636       3.2657327081550778E-008
  0.129032254      0.322580636       1.3877220312759572E-008
  0.161290318      0.322580636       1.6786728376554200E-007
  0.193548381      0.322580636       9.6220236118584368E-008
  0.225806445      0.322580636       5.0931151613459914E-007
  0.258064508      0.322580636      -1.2073966495510896E-007
  0.290322572      0.322580636       3.2962744678850357E-007
  0.322580636      0.322580636       3.6888624153890944E-006
  0.354838699      0.322580636       3.4518221466609201E-006
  0.387096763      0.322580636       5.2281783396485056E-007
  0.419354826      0.322580636       2.6146733552302786E-007
  0.451612890      0.322580636      -1.4290535630522393E-008
  0.483870953      0.322580636       5.6749081504278541E-008
  0.516129017      0.322580636       4.1950480220577715E-006
  0.548387110      0.322580636       8.8624956638238559E-006
  0.580645144      0.322580636       5.5881713775565277E-006
  0.612903237      0.322580636       1.3370577714169963E-006
  0.645161271      0.322580636       7.0132492416908319E-007
  0.677419364      0.322580636       8.5003144478316557E-008
  0.709677398      0.322580636       1.4766880385681347E-007
  0.741935492      0.322580636      -6.1394788863899306E-008
  0.774193525      0.322580636       2.7018984121267222E-008
  0.806451619      0.322580636      -5.1338349623993292E-008
  0.838709652      0.322580636       8.3787608689532203E-008
  0.870967746      0.322580636      -1.4609025955123278E-007
  0.903225780      0.322580636       1.3692494687503269E-007
  0.935483873      0.322580636      -2.6482881381693856E-007
  0.967741907      0.322580636      -1.0555635072783208E-006
   1.00000000      0.322580636       1.0806855747539814E-006
   0.00000000      0.354838699      -7.2934750907477154E-007
   3.22580636E-02  0.354838699      -7.8246790315564628E-007
   6.45161271E-02  0.354838699       5.5034295616527595E-008
   9.67741907E-02  0.354838699       4.7559964971594852E-008
  0.129032254      0.354838699      -2.1249033422952635E-008
  0.161290318      0.354838699       2.4416012180801213E-008
  0.193548381      0.354838699       4.2774363015346159E-007
  0.225806445      0.354838699       1.2203190588962505E-006
  0.258064508      0.354838699       8.4105693071580152E-007
  0.290322572      0.354838699       5.6000301248225835E-006
  0.322580636      0.354838699       2.5393797243490296E-005
  0.354838699      0.354838699       3.5556124776576288E-005
  0.387096763      0.354838699       6.5203795370341668E-006
  0.419354826      0.354838699      -2.5864400556510487E-007
  0.451612890      0.354838699      -1.2834898135377169E-007
  0.483870953      0.354838699       6.2911422680428720E-006
  0.516129017      0.354838699       3.7277779047265441E-005
  0.548387110      0.354838699       5.5028029121464628E-005
  0.580645144      0.354838699       3.6986032160654437E-005
  0.612903237      0.354838699       1.6266229478498469E-005
  0.645161271      0.354838699       7.5975783284537725E-006
  0.677419364      0.354838699       4.2680563097392951E-006
  0.709677398      0.354838699       2.0261868118735280E-006
  0.741935492      0.354838699       8.6264734550451497E-007
  0.774193525      0.354838699      -9.7984131598859174E-008
  0.806451619      0.354838699       4.1458834061719778E-008
  0.838709652      0.354838699      -1.0411720394658911E-007
  0.870967746      0.354838699       1.6403205180682418E-007
  0.903225780      0.354838699      -1.4275113646997594E-007
  0.935483873      0.354838699       2.7467087532960043E-007
  0.967741907      0.354838699       1.1404528458411889E-006
   1.00000000      0.354838699      -1.1484647235487852E-006
   0.00000000      0.387096763       8.1650378310469899E-007
   3.22580636E-02  0.387096763       7.6151151064998192E-007
   6.45161271E-02  0.387096763      -9.5681579717751094E-008
   9.67741907E-02  0.387096763       1.0051148918891493E-008
  0.129032254      0.387096763       4.0109428396877270E-008
  0.161290318      0.387096763       3.3445122053923569E-007
  0.193548381      0.387096763       5.9830214254044608E-007
  0.225806445      0.387096763       2.1472844018548712E-006
  0.258064508      0.387096763       1.0561208711268514E-005
  0.290322572      0.387096763       3.9124815558786656E-005
  0.322580636      0.387096763       1.4695624809561256E-004
  0.354838699      0.387096763       2.3155967134833394E-004
  0.387096763      0.387096763       8.8514953931372479E-005
  0.419354826      0.387096763       8.5380975784173517E-006
  0.451612890      0.387096763       2.2969263252239865E-005
  0.483870953      0.387096763       8.2383973717315220E-005
  0.516129017      0.387096763       2.0000205320477727E-004
  0.548387110      0.387096763       2.8671289709948720E-004
  0.580645144      0.387096763       2.3608399907639615E-004
  0.612903237      0.387096763       1.2984033592877646E-004
  0.645161271      0.387096763       6.0620464492278813E-005
  0.677419364      0.387096763       2.7283937596995932E-005
  0.709677398      0.387096763       1.1587385430503405E-005
  0.741935492      0.387096763       4.9835396749094393E-006
  0.774193525      0.387096763       1.1673728692684798E-006
  0.806451619      0.387096763      -1.2422280418002022E-007
  0.838709652      0.387096763       9.7905451183414632E-008
  0.870967746      0.387096763      -1.8528068174361595E-007
  0.903225780      0.387096763       1.4839726943731144E-007
  0.935483873      0.387096763      -2.8523583615163802E-007
  0.967741907      0.387096763      -1.2264855206432737E-006
   1.00000000      0.387096763       1.2189383459122390E-006
   0.00000000      0.419354826      -8.3901280637981678E-007
   3.22580636E-02  0.419354826      -6.4400210429429641E-007
   6.45161271E-02  0.419354826       1.7122178278266170E-007
   9.67741907E-02  0.419354826       7.3379854053067857E-008
  0.129032254      0.419354826      -5.4039306965110434E-009
  0.161290318      0.419354826       1.9797049071832078E-007
  0.193548381      0.419354826       1.5040349152774838E-006
  0.225806445      0.419354826       1.1809744882645839E-005
  0.258064508      0.419354826       5.6136053153141508E-005
  0.290322572      0.419354826       2.3333831616783750E-004
  0.322580636      0.419354826       7.1604193461202194E-004
  0.354838699      0.419354826       1.1527526171123653E-003
  0.387096763      0.419354826       6.8673790647359842E-004
  0.419354826      0.419354826       2.1034473111188545E-004
  0.451612890      0.419354826       1.8046942851086684E-004
  0.483870953      0.419354826       3.8298004830051186E-004
  0.516129017      0.419354826       8.8071654655467058E-004
  0.548387110      0.419354826       1.3043799114163649E-003
  0.580645144      0.419354826       1.1843904664785028E-003
  0.612903237      0.419354826       7.1573279976312645E-004
  0.645161271      0.419354826       3.2464961259569692E-004
  0.677419364      0.419354826       1.2344327650700668E-004
  0.709677398      0.419354826       4.3852028716564547E-005
  0.741935492      0.419354826       1.3073226316858527E-005
  0.774193525      0.419354826       2.0302565368696091E-006
  0.806451619      0.419354826      -2.3826399343170185E-007
  0.838709652      0.419354826       2.5098764747105470E-007
  0.870967746      0.419354826       1.5811656469860021E-007
  0.903225780      0.419354826      -1.2942372939557720E-007
  0.935483873      0.419354826       3.2896979580890287E-007
  0.967741907      0.419354826       1.3575164072467888E-006
   1.00000000      0.419354826      -1.2767175171201621E-006
   0.00000000      0.451612890       9.1793226141436477E-007
   3.22580636E-02  0.451612890       6.6445749493448552E-007
   6.45161271E-02  0.451612890      -1.8226999262169998E-007
   9.67741907E-02  0.451612890      -3.2050398088231770E-008
  0.129032254      0.451612890       3.4717351344201455E-008
  0.161290318      0.451612890       3.6185838879088066E-007
  0.193548381      0.451612890       7.3845383039375832E-006
  0.225806445      0.451612890       4.7845750673333431E-005
  0.258064508      0.451612890       2.6163655147692824E-004
  0.290322572      0.451612890       1.0327170848949861E-003
  0.322580636      0.451612890       2.7690396429294519E-003
  0.354838699      0.451612890       4.5165474463438257E-003
  0.387096763      0.451612890       3.5306829332672927E-003
  0.419354826      0.451612890       1.2463724480177760E-003
  0.451612890      0.451612890       5.4661996933339158E-004
  0.483870953      0.451612890       1.3313575666649338E-003
  0.516129017      0.451612890       3.1370732483550923E-003
  0.548387110      0.451612890       4.7286673256211722E-003
  0.580645144      0.451612890       4.4874836739761158E-003
  0.612903237      0.451612890       2.7946195179078914E-003
  0.645161271      0.451612890       1.2317624081958096E-003
  0.677419364      0.451612890       4.2404270575930540E-004
  0.709677398      0.451612890       1.1548637842300608E-004
  0.741935492      0.451612890       2.1273483100125243E-005
  0.774193525      0.451612890       2.4168332975188622E-006
  0.806451619      0.451612890       6.3186295695068254E-008
  0.838709652      0.451612890       4.0183756245621502E-007
  0.870967746      0.451612890      -1.5498676225814064E-007
  0.903225780      0.451612890       2.0074434272758247E-007
  0.935483873      0.451612890      -8.8461606227116666E-008
  0.967741907      0.451612890      -1.6343643880192581E-006
   1.00000000      0.451612890       1.7909188893051568E-006
   0.00000000      0.483870953      -9.2305779885452158E-007
   3.22580636E-02  0.483870953      -6.5618282689531703E-007
   6.45161271E-02  0.483870953       2.8465161693034508E-007
   9.67741907E-02  0.483870953       3.6317704340767932E-008
  0.129032254      0.483870953       7.5329128366199465E-009
  0.161290318      0.483870953       2.7475085095510646E-006
  0.193548381      0.483870953       2.4792662502322674E-005
  0.225806445      0.483870953       1.6897701845756269E-004
  0.258064508      0.483870953       8.8090388345179202E-004
  0.290322572      0.483870953       3.2843882224146206E-003
  0.322580636      0.483870953       8.3123653387647059E-003
  0.354838699      0.483870953       1.3213864133815201E-002
  0.387096763      0.483870953       1.1321456623569787E-002
  0.419354826      0.483870953       4.3999999663234344E-003
  0.451612890      0.483870953       1.2678375850315557E-003
  0.483870953      0.483870953       3.4351687364267591E-003
  0.516129017      0.483870953       8.5614211656478457E-003
  0.548387110      0.483870953       1.2713518429280769E-002
  0.580645144      0.483870953       1.2293645682100635E-002
  0.612903237      0.483870953       7.8373261044911574E-003
  0.645161271      0.483870953       3.4392900489492876E-003
  0.677419364      0.483870953       1.0850641505166360E-003
  0.709677398      0.483870953       2.3924716546611807E-004
  0.741935492      0.483870953       3.5877032469258736E-005
  0.774193525      0.483870953       4.2376081220847392E-006
  0.806451619      0.483870953       3.9296465784564442E-008
  0.838709652      0.483870953      -5.2279925675361281E-008
  0.870967746      0.483870953       2.4456257629788829E-008
  0.903225780      0.483870953       2.7179105241633552E-007
  0.935483873      0.483870953       3.0316048454137341E-007
  0.967741907      0.483870953       2.2045003524371891E-006
   1.00000000      0.483870953      -1.1318428017666909E-006
   0.00000000      0.516129017       1.0087984736847951E-006
   3.22580636E-02  0.516129017       7.1653000233676710E-007
   6.45161271E-02  0.516129017      -2.5443674085501398E-007
   9.67741907E-02  0.516129017      -1.1143401243515528E-008
  0.129032254      0.516129017       1.7284756780472863E-007
  0.161290318      0.516129017       6.4811251457926913E-006
  0.193548381      0.516129017       5.9347971914548970E-005
  0.225806445      0.516129017       3.9859216856995321E-004
  0.258064508      0.516129017       1.9756760007896210E-003
  0.290322572      0.516129017       7.3187872768462952E-003
  0.322580636      0.516129017       1.7657916929462895E-002
  0.354838699      0.516129017       2.5528323403493702E-002
  0.387096763      0.516129017       2.3363415872455509E-002
  0.419354826      0.516129017       1.0938663879354840E-002
  0.451612890      0.516129017       2.1032913119232183E-003
  0.483870953      0.516129017       6.4933076109777920E-003
  0.516129017      0.516129017       1.6483731461643596E-002
  0.548387110      0.516129017       2.3663826228225073E-002
  0.580645144      0.516129017       2.3323684781714097E-002
  0.612903237      0.516129017       1.5559193222269440E-002
  0.645161271      0.516129017       6.9024672696761094E-003
  0.677419364      0.516129017       2.0514148492680375E-003
  0.709677398      0.516129017       4.2328951370033382E-004
  0.741935492      0.516129017       6.5448605753981739E-005
  0.774193525      0.516129017       8.1675413312848464E-006
  0.806451619      0.516129017       9.5480434275327236E-007
  0.838709652      0.516129017       6.6716351116669540E-008
  0.870967746      0.516129017      -1.1727870157368795E-007
  0.903225780      0.516129017       3.8329951514803902E-008
  0.935483873      0.516129017      -3.3044171267145117E-007
  0.967741907      0.516129017      -8.2223951401424436E-007
   1.00000000      0.516129017       2.0004163966494072E-006
   0.00000000      0.548387110      -1.0147540069234754E-006
   3.22580636E-02  0.548387110      -7.4453853261418205E-007
   6.45161271E-02  0.548387110       2.8553552056771515E-007
   9.67741907E-02  0.548387110       4.1320184369142373E-008
  0.129032254      0.548387110       6.6955287448516963E-007
  0.161290318      0.548387110       9.5589985811768174E-006
  0.193548381      0.548387110       8.5911359337129074E-005
  0.225806445      0.548387110       5.6742418644949828E-004
  0.258064508      0.548387110       2.8616911730832539E-003
  0.290322572      0.548387110       1.0541838989094950E-002
  0.322580636      0.548387110       2.3903776041319876E-002
  0.354838699      0.548387110       3.2451677885847338E-002
  0.387096763      0.548387110       3.2129082703960400E-002
  0.419354826      0.548387110       1.7484574380986377E-002
  0.451612890      0.548387110       1.5735288289650021E-003
  0.483870953      0.548387110       8.1584853857510110E-003
  0.516129017      0.548387110       2.1446959382886356E-002
  0.548387110      0.548387110       3.0127771392167501E-002
  0.580645144      0.548387110       3.0631264886433106E-002
  0.612903237      0.548387110       2.1317129883007695E-002
  0.645161271      0.548387110       9.4393610227282154E-003
  0.677419364      0.548387110       2.7367586244025264E-003
  0.709677398      0.548387110       5.9051612299871367E-004
  0.741935492      0.548387110       1.0416680862490654E-004
  0.774193525      0.548387110       1.5416632976351072E-005
  0.806451619      0.548387110       1.9293071944999429E-006
  0.838709652      0.548387110      -3.2056415329614181E-007
  0.870967746      0.548387110       2.8678007875365720E-007
  0.903225780      0.548387110      -5.1349472570273922E-008
  0.935483873      0.548387110       3.5390040269256541E-007
  0.967741907      0.548387110       1.8122968116676813E-006
   1.00000000      0.548387110      -1.0381907097929143E-006
   0.00000000      0.580645144       1.0472052973622029E-006
   3.22580636E-02  0.580645144       8.6869129830737950E-007
   6.45161271E-02  0.580645144      -2.8520988010150021E-007
   9.67741907E-02  0.580645144       4.7073185559890224E-008
  0.129032254      0.580645144       7.5684534294930066E-008
  0.161290318      0.580645144       8.1483868851287096E-006
  0.193548381      0.580645144       7.2793270889319432E-005
  0.225806445      0.580645144       5.0680627708955296E-004
  0.258064508      0.580645144       2.6253799539904333E-003
  0.290322572      0.580645144       9.3100379979972232E-003
  0.322580636      0.580645144       2.0963480762912972E-002
  0.354838699      0.580645144       2.9201724365850154E-002
  0.387096763      0.580645144       3.0216336006511149E-002
  0.419354826      0.580645144       1.5912201852669377E-002
  0.451612890      0.580645144      -1.6577398112665949E-004
  0.483870953      0.580645144       6.6673875896762691E-003
  0.516129017      0.580645144       1.9017163758403760E-002
  0.548387110      0.580645144       2.7587705115804308E-002
  0.580645144      0.580645144       2.8660660528414619E-002
  0.612903237      0.580645144       1.9590910119283780E-002
  0.645161271      0.580645144       8.2994100465238457E-003
  0.677419364      0.580645144       2.3975690488905674E-003
  0.709677398      0.580645144       5.5037012026999666E-004
  0.741935492      0.580645144       1.0815381228733899E-004
  0.774193525      0.580645144       1.8835715795056875E-005
  0.806451619      0.580645144       2.7542010903448349E-006
  0.838709652      0.580645144       2.1637795977769022E-007
  0.870967746      0.580645144      -1.4750608164595286E-007
  0.903225780      0.580645144       5.7668094567898435E-008
  0.935483873      0.580645144      -2.9464247193709480E-007
  0.967741907      0.580645144      -1.7146999112402506E-006
   1.00000000      0.580645144       1.1017307311486718E-006
   0.00000000      0.612903237      -1.0285483273108817E-006
   3.22580636E-02  0.612903237      -9.1897240639366584E-007
   6.45161271E-02  0.612903237       2.4284414359511689E-007
   9.67741907E-02  0.612903237       5.3344600382975846E-008
  0.129032254      0.612903237      -4.8556393475596350E-009
  0.161290318      0.612903237       4.1156869382794430E-006
  0.193548381      0.612903237       4.1471387973365338E-005
  0.225806445      0.612903237       3.1477652534647266E-004
  0.258064508      0.612903237       1.5391784872842884E-003
  0.290322572      0.612903237       5.3270925933175776E-003
  0.322580636      0.612903237       1.2715779725760930E-002
  0.354838699      0.612903237       1.8836612290371441E-002
  0.387096763      0.612903237       1.9005545877654396E-002
  0.419354826      0.612903237       7.7423293699925696E-003
  0.451612890      0.612903237      -5.6344198045292699E-004
  0.483870953      0.612903237       3.7137948012138412E-003
  0.516129017      0.612903237       1.1461323511046522E-002
  0.548387110      0.612903237       1.8410094501303167E-002
  0.580645144      0.612903237       1.8641591783134161E-002
  0.612903237      0.612903237       1.1777654698851983E-002
  0.645161271      0.612903237       4.6623669614153443E-003
  0.677419364      0.612903237       1.3118067028352466E-003
  0.709677398      0.612903237       2.9822295499697848E-004
  0.741935492      0.612903237       6.0678219203295249E-005
  0.774193525      0.612903237       1.2010512814433899E-005
  0.806451619      0.612903237       2.3483551803936174E-006
  0.838709652      0.612903237      -7.8900793288673583E-008
  0.870967746      0.612903237       2.2100192710300583E-007
  0.903225780      0.612903237      -5.7575925139761566E-008
  0.935483873      0.612903237       2.8772972070572396E-007
  0.967741907      0.612903237       1.7601418168143245E-006
   1.00000000      0.612903237      -1.0106338825778022E-006
   0.00000000      0.645161271       1.0313913757198638E-006
   3.22580636E-02  0.645161271       1.0355317504190321E-006
   6.45161271E-02  0.645161271      -1.8110926090755671E-007
   9.67741907E-02  0.645161271      -2.1568676468429233E-008
  0.129032254      0.645161271      -2.1862732627223394E-008
  0.161290318      0.645161271       1.6146011365689508E-006
  0.193548381      0.645161271       2.1115299025335994E-005
  0.225806445      0.645161271       1.3917845688059553E-004
  0.258064508      0.645161271       6.0837301221847975E-004
  0.290322572      0.645161271       2.2088408593704091E-003
  0.322580636      0.645161271       5.5434451401136205E-003
  0.354838699      0.645161271       8.2914797563209460E-003
  0.387096763      0.645161271       7.5242735204498791E-003
  0.419354826      0.645161271       2.2321472598024845E-003
  0.451612890      0.645161271      -2.4225247395866101E-004
  0.483870953      0.645161271       1.4995270948918111E-003
  0.516129017      0.645161271       4.7933828144509040E-003
  0.548387110      0.645161271       8.4175626641694399E-003
  0.580645144      0.645161271       8.2631060702965681E-003
  0.612903237      0.645161271       4.8005531499433233E-003
  0.645161271      0.645161271       1.7611747893309701E-003
  0.677419364      0.645161271       4.4621968638710279E-004
  0.709677398      0.645161271       9.0550114692696752E-005
  0.741935492      0.645161271       1.7990246306645922E-005
  0.774193525      0.645161271       3.9648866118433413E-006
  0.806451619      0.645161271       5.2733825225191274E-008
  0.838709652      0.645161271      -8.4957117304825306E-008
  0.870967746      0.645161271      -4.2131969708230892E-008
  0.903225780      0.645161271       1.7884722391083809E-008
  0.935483873      0.645161271      -1.6924653233845830E-007
  0.967741907      0.645161271      -1.7017862868087652E-006
   1.00000000      0.645161271       1.0332281757219471E-006
   0.00000000      0.677419364      -9.8871828568905357E-007
   3.22580636E-02  0.677419364      -1.1031876284910412E-006
   6.45161271E-02  0.677419364       1.3452958617584918E-007
   9.67741907E-02  0.677419364       6.3621343319583597E-008
  0.129032254      0.677419364       2.5938372597214767E-008
  0.161290318      0.677419364       1.0563488141041217E-006
  0.193548381      0.677419364       9.7256766168740090E-006
  0.225806445      0.677419364       3.9496362938195708E-005
  0.258064508      0.677419364       1.8493916286321964E-004
  0.290322572      0.677419364       7.2300526951616045E-004
  0.322580636      0.677419364       1.7246251447960406E-003
  0.354838699      0.677419364       2.4419582489490963E-003
  0.387096763      0.677419364       2.0094272140161319E-003
  0.419354826      0.677419364       4.5299519618637588E-004
  0.451612890      0.677419364      -4.7489848324479611E-005
  0.483870953      0.677419364       4.3070257186469198E-004
  0.516129017      0.677419364       1.4814162011402476E-003
  0.548387110      0.677419364       2.6384012558302570E-003
  0.580645144      0.677419364       2.6333903194650636E-003
  0.612903237      0.677419364       1.4535602807124719E-003
  0.645161271      0.677419364       4.7130099329313911E-004
  0.677419364      0.677419364       9.8858670802147019E-005
  0.709677398      0.677419364       1.7774815209442705E-005
  0.741935492      0.677419364       4.6158708396781015E-006
  0.774193525      0.677419364       2.8206526515994740E-008
  0.806451619      0.677419364      -3.9823923755511294E-008
  0.838709652      0.677419364       4.9892368975446443E-008
  0.870967746      0.677419364       3.8260463078612901E-008
  0.903225780      0.677419364      -7.7651717273369185E-009
  0.935483873      0.677419364       1.6977099629338104E-007
  0.967741907      0.677419364       1.6898779451373320E-006
   1.00000000      0.677419364      -9.4841543035106632E-007
   0.00000000      0.709677398       9.5846258418135317E-007
   3.22580636E-02  0.709677398       1.2165889510934059E-006
   6.45161271E-02  0.709677398      -1.0455843527108558E-007
   9.67741907E-02  0.709677398      -3.1315417080475876E-008
  0.129032254      0.709677398      -5.9625691852498240E-008
  0.161290318      0.709677398       5.0024541936003845E-007
  0.193548381      0.709677398       1.7159798440051746E-006
  0.225806445      0.709677398       9.2574350216789473E-006
  0.258064508      0.709677398       5.2652341721682882E-005
  0.290322572      0.709677398       1.7704803090038754E-004
  0.322580636      0.709677398       3.7325372287958842E-004
  0.354838699      0.709677398       5.3306174814951970E-004
  0.387096763      0.709677398       4.1350599259866341E-004
  0.419354826      0.709677398       4.4254509486036124E-005
  0.451612890      0.709677398       1.5287768607339840E-005
  0.483870953      0.709677398       9.7855481709903822E-005
  0.516129017      0.709677398       3.3143564697744020E-004
  0.548387110      0.709677398       6.2072000180276275E-004
  0.580645144      0.709677398       6.4616195388025681E-004
  0.612903237      0.709677398       3.4937863775498317E-004
  0.645161271      0.709677398       9.4496418327340065E-005
  0.677419364      0.709677398       1.6282082901347832E-005
  0.709677398      0.709677398       4.2695178506922043E-006
  0.741935492      0.709677398       9.1637406178964515E-008
  0.774193525      0.709677398       4.7670257235912885E-008
  0.806451619      0.709677398      -9.4123813395511936E-008
  0.838709652      0.709677398       1.3290863481877650E-008
  0.870967746      0.709677398      -7.6867149630085264E-008
  0.903225780      0.709677398       8.4800993004604597E-008
  0.935483873      0.709677398      -1.5821284877365850E-007
  0.967741907      0.709677398      -1.5686068752314310E-006
   1.00000000      0.709677398       9.1661054530164227E-007
   0.00000000      0.741935492      -9.0043015241805903E-007
   3.22580636E-02  0.741935492      -1.2831180826955282E-006
   6.45161271E-02  0.741935492       8.2900741635322365E-008
   9.67741907E-02  0.741935492       2.7406536673226511E-008
  0.129032254      0.741935492       4.5232404429362987E-008
  0.161290318      0.741935492      -6.1006590644859358E-008
  0.193548381      0.741935492      -5.8711427305038305E-008
  0.225806445      0.741935492       3.4111718137735196E-006
  0.258064508      0.741935492       1.1137074641981254E-005
  0.290322572      0.741935492       2.8652315756526621E-005
  0.322580636      0.741935492       6.2963708708496145E-005
  0.354838699      0.741935492       9.5450860041688721E-005
  0.387096763      0.741935492       6.0046241682917129E-005
  0.419354826      0.741935492      -6.5606965416100094E-007
  0.451612890      0.741935492       6.9116383449466222E-006
  0.483870953      0.741935492       2.1484182155912346E-005
  0.516129017      0.741935492       5.0998464524416561E-005
  0.548387110      0.741935492       1.1288124136257183E-004
  0.580645144      0.741935492       1.3212203129860794E-004
  0.612903237      0.741935492       7.0314219590822744E-005
  0.645161271      0.741935492       1.6724461640174473E-005
  0.677419364      0.741935492       4.2167543441731280E-006
  0.709677398      0.741935492       4.6311104315669812E-007
  0.741935492      0.741935492       1.6547620548987783E-008
  0.774193525      0.741935492      -8.1825176138720329E-008
  0.806451619      0.741935492       1.2765724163225408E-007
  0.838709652      0.741935492      -2.0895120708156060E-008
  0.870967746      0.741935492       9.2835370166751157E-008
  0.903225780      0.741935492      -9.7529877740946985E-008
  0.935483873      0.741935492       1.8374302822045931E-007
  0.967741907      0.741935492       1.4865866830217621E-006
   1.00000000      0.741935492      -8.0301372606006163E-007
   0.00000000      0.774193525       8.9266910716989469E-007
   3.22580636E-02  0.774193525       1.2797003756542893E-006
   6.45161271E-02  0.774193525       5.1583696232205562E-008
   9.67741907E-02  0.774193525      -1.0447284620709209E-007
  0.129032254      0.774193525       4.0560475133420682E-008
  0.161290318      0.774193525      -1.5041561998177201E-008
  0.193548381      0.774193525      -4.6850544913037157E-009
  0.225806445      0.774193525       5.2449081391480243E-008
  0.258064508      0.774193525       1.3307824806964368E-006
  0.290322572      0.774193525       4.0499755352060891E-006
  0.322580636      0.774193525       8.8092314367619785E-006
  0.354838699      0.774193525       1.3138311687804867E-005
  0.387096763      0.774193525       5.7169050926694115E-006
  0.419354826      0.774193525      -1.0607308951083189E-007
  0.451612890      0.774193525       1.0275708317834952E-006
  0.483870953      0.774193525       2.5796424430276020E-006
  0.516129017      0.774193525       6.3015732723980110E-006
  0.548387110      0.774193525       1.5587081502907994E-005
  0.580645144      0.774193525       2.3553120954790322E-005
  0.612903237      0.774193525       1.3982102773292903E-005
  0.645161271      0.774193525       3.7746158535368584E-006
  0.677419364      0.774193525       1.0057038479231798E-006
  0.709677398      0.774193525       1.6355728726344090E-007
  0.741935492      0.774193525      -6.1563994217838411E-008
  0.774193525      0.774193525       1.0838407867829693E-007
  0.806451619      0.774193525      -1.7812194339667687E-007
  0.838709652      0.774193525       4.9216531995033561E-008
  0.870967746      0.774193525      -1.2228892479237860E-007
  0.903225780      0.774193525       1.7676359295938478E-007
  0.935483873      0.774193525      -1.9253517279755615E-007
  0.967741907      0.774193525      -1.3338913588376631E-006
   1.00000000      0.774193525       7.4005571981777104E-007
   0.00000000      0.806451619      -8.2126367163665390E-007
   3.22580636E-02  0.806451619      -1.2855499526110868E-006
   6.45161271E-02  0.806451619      -5.2823067039188370E-008
   9.67741907E-02  0.806451619       6.9146970768190089E-008
  0.129032254      0.806451619       1.3862882354245629E-009
  0.161290318      0.806451619      -2.4248894638791989E-008
  0.193548381      0.806451619       8.1577381193566506E-008
  0.225806445      0.806451619       6.8351142012525348E-009
  0.258064508      0.806451619      -2.2790027659943397E-008
  0.290322572      0.806451619       1.6875350690135421E-007
  0.322580636      0.806451619       1.3300432435287983E-007
  0.354838699      0.806451619       1.4625575025536069E-006
  0.387096763      0.806451619       7.6018522421717336E-008
  0.419354826      0.806451619       2.7800912838163096E-008
  0.451612890      0.806451619      -1.4486757427239938E-007
  0.483870953      0.806451619       6.1733427403779271E-008
  0.516129017      0.806451619       7.0170462995083567E-008
  0.548387110      0.806451619       1.7472712478981463E-006
  0.580645144      0.806451619       3.2145375776963853E-006
  0.612903237      0.806451619       1.8058580446241095E-006
  0.645161271      0.806451619       2.0878094299551237E-007
  0.677419364      0.806451619      -2.0117401452572906E-008
  0.709677398      0.806451619      -8.8407031639357249E-008
  0.741935492      0.806451619       3.8157920026977560E-008
  0.774193525      0.806451619      -1.0621995534998732E-007
  0.806451619      0.806451619       1.6791316858915478E-007
  0.838709652      0.806451619      -2.4675599728363268E-009
  0.870967746      0.806451619       8.9526391664966133E-008
  0.903225780      0.806451619      -1.4063037004892687E-007
  0.935483873      0.806451619       1.8114629476818515E-007
  0.967741907      0.806451619       1.2469907780764582E-006
   1.00000000      0.806451619      -6.2762690528974394E-007
   0.00000000      0.838709652       7.6468071297384392E-007
   3.22580636E-02  0.838709652       1.2310590419085112E-006
   6.45161271E-02  0.838709652       9.1345406820398094E-008
   9.67741907E-02  0.838709652      -4.3303150846482557E-008
  0.129032254      0.838709652       3.1929706029690134E-010
  0.161290318      0.838709652       3.6037065501664777E-008
  0.193548381      0.838709652      -6.3880037503097789E-008
  0.225806445      0.838709652       1.1860560977097444E-008
  0.258064508      0.838709652       1.2279911310280032E-008
  0.290322572      0.838709652       7.3649887037835190E-008
  0.322580636      0.838709652       7.9900863608673536E-008
  0.354838699      0.838709652      -1.1500099450250444E-007
  0.387096763      0.838709652      -4.2946019219290731E-008
  0.419354826      0.838709652       3.7427328829444699E-008
  0.451612890      0.838709652       7.0769336752372910E-009
  0.483870953      0.838709652       6.1882467313697996E-010
  0.516129017      0.838709652       4.3193894801044712E-008
  0.548387110      0.838709652      -5.1042984594028386E-008
  0.580645144      0.838709652      -4.0539271442694278E-007
  0.612903237      0.838709652      -5.5927801298643219E-008
  0.645161271      0.838709652      -5.9653033665102194E-008
  0.677419364      0.838709652       4.0156245314171542E-008
  0.709677398      0.838709652       7.2915977947959807E-008
  0.741935492      0.838709652      -6.3599926164801427E-008
  0.774193525      0.838709652       1.2126990106285809E-007
  0.806451619      0.838709652      -1.7539349586484299E-007
  0.838709652      0.838709652       1.3301484073623215E-008
  0.870967746      0.838709652      -7.0749342421964091E-008
  0.903225780      0.838709652       1.7876463881942879E-007
  0.935483873      0.838709652      -1.4245354621851053E-007
  0.967741907      0.838709652      -1.0700001884720089E-006
   1.00000000      0.838709652       5.6674403206277199E-007
   0.00000000      0.870967746      -6.4905077798058433E-007
   3.22580636E-02  0.870967746      -1.1211754182840628E-006
   6.45161271E-02  0.870967746      -5.3587647558870122E-008
   9.67741907E-02  0.870967746       1.3923111475424907E-008
  0.129032254      0.870967746       5.1852521114982073E-008
  0.161290318      0.870967746      -6.4946725219842969E-008
  0.193548381      0.870967746       9.8088571041564864E-008
  0.225806445      0.870967746      -5.1425711130177553E-008
  0.258064508      0.870967746       6.2642970174799143E-008
  0.290322572      0.870967746      -1.1935062880648675E-007
  0.322580636      0.870967746       3.7340034468655355E-008
  0.354838699      0.870967746      -3.3725911868438173E-008
  0.387096763      0.870967746       8.5326271860737831E-008
  0.419354826      0.870967746      -8.1647114880625963E-008
  0.451612890      0.870967746       8.1964519430095228E-008
  0.483870953      0.870967746      -5.8113310643381370E-008
  0.516129017      0.870967746       3.3063064957339100E-008
  0.548387110      0.870967746       8.6384169859351035E-008
  0.580645144      0.870967746       8.6388670291446391E-007
  0.612903237      0.870967746       4.9499805063648188E-007
  0.645161271      0.870967746       4.0158357043706688E-008
  0.677419364      0.870967746      -2.6869430207867350E-008
  0.709677398      0.870967746      -8.7186290884954510E-008
  0.741935492      0.870967746       1.0307274765039637E-007
  0.774193525      0.870967746      -1.4897979767087869E-007
  0.806451619      0.870967746       2.0777462981229414E-007
  0.838709652      0.870967746      -2.7772468783339004E-008
  0.870967746      0.870967746       9.5536483235631101E-008
  0.903225780      0.870967746      -1.5801414165672011E-007
  0.935483873      0.870967746       1.5053559283380541E-007
  0.967741907      0.870967746       9.3502982537512858E-007
   1.00000000      0.870967746      -4.4788917598432608E-007
   0.00000000      0.903225780       5.6058250747433511E-007
   3.22580636E-02  0.903225780       9.2454445540447327E-007
   6.45161271E-02  0.903225780       1.1130926551273184E-007
   9.67741907E-02  0.903225780      -5.1428710879634428E-008
  0.129032254      0.903225780       2.3635648087838879E-008
  0.161290318      0.903225780       1.3890862718146253E-008
  0.193548381      0.903225780       8.9845791843333580E-010
  0.225806445      0.903225780       1.5739759876309443E-008
  0.258064508      0.903225780       9.6462298856271740E-009
  0.290322572      0.903225780       9.2215386142374426E-008
  0.322580636      0.903225780      -1.2493309325929074E-008
  0.354838699      0.903225780       5.1881364303249207E-008
  0.387096763      0.903225780      -3.3730068500891557E-008
  0.419354826      0.903225780       6.4990264772567653E-008
  0.451612890      0.903225780      -5.9863891138897192E-008
  0.483870953      0.903225780       7.9560862223989905E-008
  0.516129017      0.903225780       1.5608228741609923E-008
  0.548387110      0.903225780       9.2296671114108758E-009
  0.580645144      0.903225780       9.6173895032262282E-008
  0.612903237      0.903225780      -9.0237522168297841E-010
  0.645161271      0.903225780       4.9372403424319831E-008
  0.677419364      0.903225780       2.4507213961549821E-008
  0.709677398      0.903225780       9.7490525663027302E-008
  0.741935492      0.903225780      -8.5973639505488590E-008
  0.774193525      0.903225780       1.4093898899199014E-007
  0.806451619      0.903225780      -1.4715578198891181E-007
  0.838709652      0.903225780       3.1299049846056610E-008
  0.870967746      0.903225780      -4.9952135810180499E-008
  0.903225780      0.903225780       1.7648145522696911E-007
  0.935483873      0.903225780      -1.0891262062917574E-007
  0.967741907      0.903225780      -7.1475584907585917E-007
   1.00000000      0.903225780       3.8623171830096353E-007
   0.00000000      0.935483873      -4.1648979408506946E-007
   3.22580636E-02  0.935483873      -6.9011543721066975E-007
   6.45161271E-02  0.935483873      -8.8419414838567659E-008
   9.67741907E-02  0.935483873       6.4918780637390384E-008
  0.129032254      0.935483873      -3.1237338397092168E-008
  0.161290318      0.935483873       3.6230987000986133E-008
  0.193548381      0.935483873      -2.8272612263776962E-008
  0.225806445      0.935483873       5.0288248563077976E-008
  0.258064508      0.935483873      -3.9360719181152101E-008
  0.290322572      0.935483873       1.1212184430545895E-008
  0.322580636      0.935483873      -1.2481735222627670E-008
  0.354838699      0.935483873       4.3179050234144400E-008
  0.387096763      0.935483873      -1.5156933189558059E-008
  0.419354826      0.935483873       3.4465243670700036E-008
  0.451612890      0.935483873       2.2962817084493162E-009
  0.483870953      0.935483873      -4.9239828451375258E-009
  0.516129017      0.935483873      -4.0334578880088739E-009
  0.548387110      0.935483873       5.5941411800688148E-008
  0.580645144      0.935483873       7.9639999487188576E-008
  0.612903237      0.935483873       3.8927031695714411E-008
  0.645161271      0.935483873       1.2463590915197047E-008
  0.677419364      0.935483873      -3.8428904313717289E-008
  0.709677398      0.935483873       1.7074540637567312E-008
  0.741935492      0.935483873       1.4149083540941637E-008
  0.774193525      0.935483873      -1.5165982005309983E-008
  0.806451619      0.935483873       4.4081762408660959E-008
  0.838709652      0.935483873       7.8365512301811595E-008
  0.870967746      0.935483873      -1.6146933162032268E-008
  0.903225780      0.935483873      -4.8094830258623313E-008
  0.935483873      0.935483873       4.5889102656140720E-008
  0.967741907      0.935483873       6.0766726882681245E-007
   1.00000000      0.935483873      -2.7676058530791135E-007
   0.00000000      0.967741907       3.1763205788546878E-007
   3.22580636E-02  0.967741907       3.7609853481001741E-007
   6.45161271E-02  0.967741907       2.2059189186119690E-007
   9.67741907E-02  0.967741907      -2.3391585060932220E-007
  0.129032254      0.967741907       3.1571333828171723E-007
  0.161290318      0.967741907      -3.5552159218497087E-007
  0.193548381      0.967741907       4.5841395288191136E-007
  0.225806445      0.967741907      -5.1113555603350628E-007
  0.258064508      0.967741907       6.3074052189338829E-007
  0.290322572      0.967741907      -6.5652515639358092E-007
  0.322580636      0.967741907       7.7706754048837954E-007
  0.354838699      0.967741907      -8.2490359234751500E-007
  0.387096763      0.967741907       9.1056914511673628E-007
  0.419354826      0.967741907      -9.3095685503065639E-007
  0.451612890      0.967741907       9.9931734992207757E-007
  0.483870953      0.967741907      -9.8539192859610480E-007
  0.516129017      0.967741907       1.0732046855108336E-006
  0.548387110      0.967741907      -1.0530384699733224E-006
  0.580645144      0.967741907       1.0364433825019216E-006
  0.612903237      0.967741907      -9.7297159529594910E-007
  0.645161271      0.967741907       1.0040240338601955E-006
  0.677419364      0.967741907      -8.8093972086832798E-007
  0.709677398      0.967741907       9.0998939566240712E-007
  0.741935492      0.967741907      -8.3885779416220768E-007
  0.774193525      0.967741907       8.1948772879620483E-007
  0.806451619      0.967741907      -7.1525769585691741E-007
  0.838709652      0.967741907       5.9637178685035581E-007
  0.870967746      0.967741907      -4.9551904614911169E-007
  0.903225780      0.967741907       4.9781209545843897E-007
  0.935483873      0.967741907      -3.2630475374913959E-007
  0.967741907      0.967741907      -1.5025640653787747E-007
   1.00000000      0.967741907       1.2779425378559170E-007
   0.00000000       1.00000000      -7.3535294062301216E-008
   3.22580636E-02   1.00000000      -2.1103662384794223E-007
   6.45161271E-02   1.00000000       5.2803352244176914E-008
   9.67741907E-02   1.00000000      -5.9130950616903716E-008
  0.129032254       1.00000000       7.1657174607176391E-008
  0.161290318       1.00000000      -4.1995933362780376E-008
  0.193548381       1.00000000       3.2581584508194404E-008
  0.225806445       1.00000000       2.3846655422733187E-008
  0.258064508       1.00000000      -4.0343631743214983E-008
  0.290322572       1.00000000       1.0421349072888891E-007
  0.322580636       1.00000000      -1.3969741009146202E-007
  0.354838699       1.00000000       2.4988270571216977E-007
  0.387096763       1.00000000      -3.0039037826130749E-007
  0.419354826       1.00000000       4.1104919156957634E-007
  0.451612890       1.00000000      -4.6481035551186361E-007
  0.483870953       1.00000000       5.6680967315379171E-007
  0.516129017       1.00000000      -6.2261369597463793E-007
  0.548387110       1.00000000       7.3369197134722639E-007
  0.580645144       1.00000000      -7.3497808928149900E-007
  0.612903237       1.00000000       8.3134195326411760E-007
  0.645161271       1.00000000      -8.3566907327657430E-007
  0.677419364       1.00000000       8.8115165573642007E-007
  0.709677398       1.00000000      -8.5273031977607507E-007
  0.741935492       1.00000000       8.5955541319308533E-007
  0.774193525       1.00000000      -7.8668282276457627E-007
  0.806451619       1.00000000       7.5752319083748636E-007
  0.838709652       1.00000000      -6.3081849829247109E-007
  0.870967746       1.00000000       5.7960984521353728E-007
  0.903225780       1.00000000      -4.7413053115369179E-007
  0.935483873       1.00000000       3.8036772203276377E-007
  0.967741907       1.00000000      -8.1140784601301459E-008
   1.00000000       1.00000000       3.6764771820425705E-008
