 # X Y F 
   0.00000000       0.00000000       2.9209260356351112E-008
   3.22580636E-02   0.00000000       2.8107822705158473E-007
   6.45161271E-02   0.00000000      -1.8385547716766542E-007
   9.67741907E-02   0.00000000       3.1461044311871744E-007
  0.129032254       0.00000000      -3.4520801156283665E-007
  0.161290318       0.00000000       4.1709714093381136E-007
  0.193548381       0.00000000      -4.4470607726728980E-007
  0.225806445       0.00000000       4.8887856950244477E-007
  0.258064508       0.00000000      -4.9484784752557064E-007
  0.290322572       0.00000000       5.4467675793042368E-007
  0.322580636       0.00000000      -5.5171306822881856E-007
  0.354838699       0.00000000       6.1256308575892299E-007
  0.387096763       0.00000000      -6.4161745314490163E-007
  0.419354826       0.00000000       7.1549234088228882E-007
  0.451612890       0.00000000      -7.2975863424027038E-007
  0.483870953       0.00000000       7.5270324096368443E-007
  0.516129017       0.00000000      -7.3590395290494211E-007
  0.548387110       0.00000000       7.1836405358182377E-007
  0.580645144       0.00000000      -6.5497898650120303E-007
  0.612903237       0.00000000       6.2414106374407797E-007
  0.645161271       0.00000000      -5.4741847741000741E-007
  0.677419364       0.00000000       5.1898587315687307E-007
  0.709677398       0.00000000      -4.7506024230308554E-007
  0.741935492       0.00000000       4.4983495767468232E-007
  0.774193525       0.00000000      -4.1516326411779820E-007
  0.806451619       0.00000000       3.9522609347741396E-007
  0.838709652       0.00000000      -3.4888318465439536E-007
  0.870967746       0.00000000       3.1659388561602262E-007
  0.903225780       0.00000000      -2.4641743608941430E-007
  0.935483873       0.00000000       1.9837227117432886E-007
  0.967741907       0.00000000      -1.8944820020967454E-007
   1.00000000       0.00000000       1.1317365000536474E-007
   0.00000000       3.22580636E-02  -2.2691243523183223E-007
   3.22580636E-02   3.22580636E-02  -2.2133382678920756E-007
   6.45161271E-02   3.22580636E-02  -2.4604864826741728E-007
   9.67741907E-02   3.22580636E-02   1.9178482928185636E-007
  0.129032254       3.22580636E-02  -2.2953112620828765E-007
  0.161290318       3.22580636E-02   2.5798926704205739E-007
  0.193548381       3.22580636E-02  -2.3164023863525882E-007
  0.225806445       3.22580636E-02   2.7547682077191852E-007
  0.258064508       3.22580636E-02  -2.7305792784259898E-007
  0.290322572       3.22580636E-02   2.9361013143475590E-007
  0.322580636       3.22580636E-02  -3.1166765924749500E-007
  0.354838699       3.22580636E-02   3.5688254181117636E-007
  0.387096763       3.22580636E-02  -3.5257873043239740E-007
  0.419354826       3.22580636E-02   3.5601193055808320E-007
  0.451612890       3.22580636E-02  -3.4290007178207476E-007
  0.483870953       3.22580636E-02   3.8359720847135182E-007
  0.516129017       3.22580636E-02  -3.2343674797089399E-007
  0.548387110       3.22580636E-02   3.3390850657183505E-007
  0.580645144       3.22580636E-02  -2.9628464968688351E-007
  0.612903237       3.22580636E-02   2.7180578402686085E-007
  0.645161271       3.22580636E-02  -2.5528860330517148E-007
  0.677419364       3.22580636E-02   2.2910556892344329E-007
  0.709677398       3.22580636E-02  -1.7550918473037879E-007
  0.741935492       3.22580636E-02   1.8398653281953459E-007
  0.774193525       3.22580636E-02  -1.6887955241603956E-007
  0.806451619       3.22580636E-02   1.6335820141157692E-007
  0.838709652       3.22580636E-02  -1.4642116076894682E-007
  0.870967746       3.22580636E-02   1.3104490388931658E-007
  0.903225780       3.22580636E-02  -1.4128164361460426E-007
  0.935483873       3.22580636E-02   1.1801792781897700E-007
  0.967741907       3.22580636E-02   9.4393768573903081E-008
   1.00000000       3.22580636E-02  -1.2487359769162506E-007
   0.00000000       6.45161271E-02   3.2234215370447438E-007
   3.22580636E-02   6.45161271E-02   4.6624925237023738E-007
   6.45161271E-02   6.45161271E-02   2.4347266490182759E-007
   9.67741907E-02   6.45161271E-02  -8.4757249973643580E-008
  0.129032254       6.45161271E-02   1.6712655610631843E-007
  0.161290318       6.45161271E-02  -1.5106871229061036E-007
  0.193548381       6.45161271E-02   1.4643952390941756E-007
  0.225806445       6.45161271E-02  -1.4986965845411936E-007
  0.258064508       6.45161271E-02   1.7879739312662788E-007
  0.290322572       6.45161271E-02  -1.2915861349655136E-007
  0.322580636       6.45161271E-02   1.7248414096012511E-007
  0.354838699       6.45161271E-02  -1.6067539027991611E-007
  0.387096763       6.45161271E-02   1.6021625198454194E-007
  0.419354826       6.45161271E-02  -7.2202078403292389E-008
  0.451612890       6.45161271E-02   7.1851334253945288E-008
  0.483870953       6.45161271E-02  -7.4621005669940469E-008
  0.516129017       6.45161271E-02   4.2016706966609664E-008
  0.548387110       6.45161271E-02  -3.7444668173052082E-008
  0.580645144       6.45161271E-02   5.1105665226471586E-008
  0.612903237       6.45161271E-02  -2.2823642325273193E-008
  0.645161271       6.45161271E-02   7.8561860836061297E-008
  0.677419364       6.45161271E-02  -5.5988764193325870E-008
  0.709677398       6.45161271E-02   5.7134177151979092E-008
  0.741935492       6.45161271E-02  -7.6225964139301674E-008
  0.774193525       6.45161271E-02   9.2301698693497735E-008
  0.806451619       6.45161271E-02  -6.5886899621328542E-008
  0.838709652       6.45161271E-02   6.9065175022390710E-008
  0.870967746       6.45161271E-02  -4.8859907948043706E-008
  0.903225780       6.45161271E-02   9.5231866615913025E-008
  0.935483873       6.45161271E-02  -6.5561219719462282E-008
  0.967741907       6.45161271E-02  -2.2005816641122467E-007
   1.00000000       6.45161271E-02   2.1010751922341986E-007
   0.00000000       9.67741907E-02  -3.3872162198318530E-007
   3.22580636E-02   9.67741907E-02  -7.2615832267455220E-007
   6.45161271E-02   9.67741907E-02  -7.9538657287734348E-008
   9.67741907E-02   9.67741907E-02  -1.3921242751496912E-007
  0.129032254       9.67741907E-02   1.3204375875522316E-007
  0.161290318       9.67741907E-02  -1.4417429918788136E-007
  0.193548381       9.67741907E-02   2.0811144881769860E-007
  0.225806445       9.67741907E-02  -1.4607304057177334E-007
  0.258064508       9.67741907E-02   1.1810560886863261E-007
  0.290322572       9.67741907E-02  -1.0376610966525874E-007
  0.322580636       9.67741907E-02   6.6039520820486597E-008
  0.354838699       9.67741907E-02   8.5437859278847480E-009
  0.387096763       9.67741907E-02  -8.7722612312673771E-009
  0.419354826       9.67741907E-02  -8.8838344420941862E-009
  0.451612890       9.67741907E-02   2.5395993113638151E-009
  0.483870953       9.67741907E-02   7.2652055107481210E-008
  0.516129017       9.67741907E-02   8.3914789906803704E-009
  0.548387110       9.67741907E-02   2.7838968423941024E-008
  0.580645144       9.67741907E-02   4.6545333410709272E-009
  0.612903237       9.67741907E-02  -1.9085772033787373E-008
  0.645161271       9.67741907E-02   1.3828628883773205E-008
  0.677419364       9.67741907E-02  -4.7929217880101721E-008
  0.709677398       9.67741907E-02   9.9486207774694340E-008
  0.741935492       9.67741907E-02  -6.3173180838374243E-008
  0.774193525       9.67741907E-02   7.2103207893501284E-008
  0.806451619       9.67741907E-02  -7.9022306822100628E-008
  0.838709652       9.67741907E-02   7.0514434348460955E-008
  0.870967746       9.67741907E-02  -5.1311688279591550E-008
  0.903225780       9.67741907E-02  -1.1334901567102781E-008
  0.935483873       9.67741907E-02  -1.2500031131344004E-009
  0.967741907       9.67741907E-02   3.4901671545325541E-007
   1.00000000       9.67741907E-02  -2.8780170981981145E-007
   0.00000000      0.129032254       4.5295445999407603E-007
   3.22580636E-02  0.129032254       8.0578057739859701E-007
   6.45161271E-02  0.129032254       2.3325697491623400E-007
   9.67741907E-02  0.129032254       3.0952138106570505E-008
  0.129032254      0.129032254       3.4156057842646779E-008
  0.161290318      0.129032254       6.9982286264866054E-009
  0.193548381      0.129032254      -4.6407968093653618E-008
  0.225806445      0.129032254       3.1725019764266179E-008
  0.258064508      0.129032254       1.1506382674933140E-008
  0.290322572      0.129032254       5.3429542973400915E-008
  0.322580636      0.129032254      -1.2804782069604173E-008
  0.354838699      0.129032254      -5.5112779316306882E-009
  0.387096763      0.129032254       3.1053976658416485E-008
  0.419354826      0.129032254       8.3787511893015423E-008
  0.451612890      0.129032254      -5.5883698049288214E-008
  0.483870953      0.129032254       1.7566462530473211E-008
  0.516129017      0.129032254      -5.9208413628745541E-008
  0.548387110      0.129032254       2.2902816090828118E-008
  0.580645144      0.129032254       1.3710125899201133E-008
  0.612903237      0.129032254      -6.2274441042275458E-009
  0.645161271      0.129032254       1.0166789253373384E-007
  0.677419364      0.129032254      -6.8246948804317379E-008
  0.709677398      0.129032254       7.4289170369302016E-008
  0.741935492      0.129032254      -1.0711871984491920E-007
  0.774193525      0.129032254       1.1812609445707911E-007
  0.806451619      0.129032254      -8.8950176349039807E-008
  0.838709652      0.129032254       1.2073294991565762E-007
  0.870967746      0.129032254      -1.2983725523498729E-007
  0.903225780      0.129032254       2.0301588865142973E-007
  0.935483873      0.129032254      -1.5817214228412278E-007
  0.967741907      0.129032254      -2.9856279519743387E-007
   1.00000000      0.129032254       3.1293784569114518E-007
   0.00000000      0.161290318      -4.9529021971792865E-007
   3.22580636E-02  0.161290318      -8.8586385466239938E-007
   6.45161271E-02  0.161290318      -2.4039258139003203E-007
   9.67741907E-02  0.161290318      -1.3386986561931014E-008
  0.129032254      0.161290318      -3.2464899495737886E-009
  0.161290318      0.161290318      -1.5865231622632804E-008
  0.193548381      0.161290318       1.0447429847262399E-007
  0.225806445      0.161290318      -4.8290232387997674E-008
  0.258064508      0.161290318       1.2884867843825721E-008
  0.290322572      0.161290318      -3.1447423989906424E-008
  0.322580636      0.161290318       2.1444943449587601E-008
  0.354838699      0.161290318       3.3365438280902035E-008
  0.387096763      0.161290318      -3.3282567752348334E-008
  0.419354826      0.161290318      -5.6873967254142008E-008
  0.451612890      0.161290318       7.3211189677161274E-008
  0.483870953      0.161290318       2.4240498001892907E-008
  0.516129017      0.161290318       8.8820159651789184E-008
  0.548387110      0.161290318      -3.7991507094943310E-009
  0.580645144      0.161290318       8.5462857466064917E-009
  0.612903237      0.161290318       8.3029960867991772E-009
  0.645161271      0.161290318      -6.5578663885897813E-008
  0.677419364      0.161290318       3.7924788228273688E-008
  0.709677398      0.161290318      -1.5579362673666687E-008
  0.741935492      0.161290318       6.7830940568181536E-008
  0.774193525      0.161290318      -5.8609404449118371E-008
  0.806451619      0.161290318       5.5218824049288030E-008
  0.838709652      0.161290318      -8.2920012227723426E-008
  0.870967746      0.161290318       9.9614308893663858E-008
  0.903225780      0.161290318      -1.6143869682715949E-007
  0.935483873      0.161290318       1.3375028756331791E-007
  0.967741907      0.161290318       4.0400694278424038E-007
   1.00000000      0.161290318      -3.8700451598585993E-007
   0.00000000      0.193548381       5.7400641727557964E-007
   3.22580636E-02  0.193548381       9.6803313168072745E-007
   6.45161271E-02  0.193548381       2.7879700155913472E-007
   9.67741907E-02  0.193548381       2.7776706569969939E-008
  0.129032254      0.193548381       2.4952514391822604E-008
  0.161290318      0.193548381       1.9584784871418033E-008
  0.193548381      0.193548381      -8.6872606354618139E-008
  0.225806445      0.193548381       5.8508266421225192E-008
  0.258064508      0.193548381       2.7019191507140671E-008
  0.290322572      0.193548381       2.8587767079798696E-008
  0.322580636      0.193548381       2.0312916946596837E-008
  0.354838699      0.193548381      -3.1867602936839235E-008
  0.387096763      0.193548381       9.6479699053422402E-008
  0.419354826      0.193548381       6.1604076375022221E-008
  0.451612890      0.193548381      -1.8264827733245270E-008
  0.483870953      0.193548381      -6.3072241759748278E-008
  0.516129017      0.193548381      -3.7199644540890307E-008
  0.548387110      0.193548381      -9.6423724386050287E-010
  0.580645144      0.193548381       3.1789136001425124E-008
  0.612903237      0.193548381       1.3830013013234105E-008
  0.645161271      0.193548381       8.3748332412489233E-008
  0.677419364      0.193548381      -4.2456972344815423E-009
  0.709677398      0.193548381       2.4596553913878844E-008
  0.741935492      0.193548381      -5.2633411291081669E-008
  0.774193525      0.193548381       7.2024513759175532E-008
  0.806451619      0.193548381      -3.5516358538478949E-008
  0.838709652      0.193548381       8.3829393397617090E-008
  0.870967746      0.193548381      -8.8502163725045634E-008
  0.903225780      0.193548381       1.6773955541436629E-007
  0.935483873      0.193548381      -1.3763043053629554E-007
  0.967741907      0.193548381      -4.6515122658513608E-007
   1.00000000      0.193548381       4.5483625425896421E-007
   0.00000000      0.225806445      -5.8028648969233147E-007
   3.22580636E-02  0.225806445      -1.0036379903999543E-006
   6.45161271E-02  0.225806445      -2.3254440875431857E-007
   9.67741907E-02  0.225806445      -3.0748358606342454E-008
  0.129032254      0.225806445       1.4286999946245730E-008
  0.161290318      0.225806445      -1.2342572200307560E-008
  0.193548381      0.225806445       1.0328812441529801E-007
  0.225806445      0.225806445      -6.6512461531423784E-008
  0.258064508      0.225806445      -3.6972657277554065E-008
  0.290322572      0.225806445      -4.3919529535875754E-009
  0.322580636      0.225806445      -2.4209182656331847E-008
  0.354838699      0.225806445       5.3360034257942431E-008
  0.387096763      0.225806445      -8.3022504569080173E-008
  0.419354826      0.225806445      -4.5510782888119061E-008
  0.451612890      0.225806445       5.9665209753808040E-008
  0.483870953      0.225806445       1.1065602421400223E-007
  0.516129017      0.225806445       8.1403655703452867E-008
  0.548387110      0.225806445       1.7484578372750542E-008
  0.580645144      0.225806445      -4.0209835404058561E-009
  0.612903237      0.225806445      -1.0522330696433921E-009
  0.645161271      0.225806445      -6.8783112972588718E-008
  0.677419364      0.225806445       6.4718970458761964E-009
  0.709677398      0.225806445       7.3619171246398312E-009
  0.741935492      0.225806445       4.6415753588277618E-008
  0.774193525      0.225806445      -5.3322677109232667E-008
  0.806451619      0.225806445       4.0667446354726174E-008
  0.838709652      0.225806445      -9.8776759888925209E-008
  0.870967746      0.225806445       1.1640706519081200E-007
  0.903225780      0.225806445      -1.8036330053893259E-007
  0.935483873      0.225806445       1.6637229443130945E-007
  0.967741907      0.225806445       4.9856732959194140E-007
   1.00000000      0.225806445      -4.9462768417756759E-007
   0.00000000      0.258064508       6.4381801496758966E-007
   3.22580636E-02  0.258064508       9.8396613036483232E-007
   6.45161271E-02  0.258064508       2.8208731738506448E-007
   9.67741907E-02  0.258064508      -4.1499924927856616E-009
  0.129032254      0.258064508       4.9009647914735527E-008
  0.161290318      0.258064508      -2.7450430673174484E-008
  0.193548381      0.258064508      -6.3238498777436254E-008
  0.225806445      0.258064508       4.1615104433310377E-008
  0.258064508      0.258064508       9.0159204666424406E-008
  0.290322572      0.258064508      -7.7343748856214870E-008
  0.322580636      0.258064508       9.7011738578231103E-008
  0.354838699      0.258064508      -5.0954046600718144E-008
  0.387096763      0.258064508       1.3690967910917712E-007
  0.419354826      0.258064508       8.1990566870820038E-008
  0.451612890      0.258064508      -4.9716923453479503E-008
  0.483870953      0.258064508      -8.2972492934586092E-008
  0.516129017      0.258064508      -8.4966647999204096E-008
  0.548387110      0.258064508       2.5782409165027542E-008
  0.580645144      0.258064508       2.4172159428552519E-008
  0.612903237      0.258064508       3.5337211551450429E-008
  0.645161271      0.258064508       1.0881617980381048E-007
  0.677419364      0.258064508       1.4828311529345469E-008
  0.709677398      0.258064508       2.2410334114338391E-008
  0.741935492      0.258064508      -5.1819749913704214E-008
  0.774193525      0.258064508       6.8435445949857350E-008
  0.806451619      0.258064508      -1.7203418151628423E-008
  0.838709652      0.258064508       9.3050334095575767E-008
  0.870967746      0.258064508      -1.0209267354595303E-007
  0.903225780      0.258064508       1.6991429273193374E-007
  0.935483873      0.258064508      -1.6611208075189643E-007
  0.967741907      0.258064508      -5.3765633490354143E-007
   1.00000000      0.258064508       5.3285103857807168E-007
   0.00000000      0.290322572      -6.3890319763189260E-007
   3.22580636E-02  0.290322572      -9.4354402775037006E-007
   6.45161271E-02  0.290322572      -2.1622634967597614E-007
   9.67741907E-02  0.290322572       2.3333502643349359E-009
  0.129032254      0.290322572      -5.7358398119992334E-010
  0.161290318      0.290322572      -1.2427646721811370E-008
  0.193548381      0.290322572       1.0350589195072723E-007
  0.225806445      0.290322572      -1.0056939209090809E-007
  0.258064508      0.290322572      -1.7504153120581255E-007
  0.290322572      0.290322572       1.7456596827565233E-007
  0.322580636      0.290322572      -8.5382896028580345E-008
  0.354838699      0.290322572      -6.4403452341982862E-009
  0.387096763      0.290322572      -6.6740061275887059E-008
  0.419354826      0.290322572      -9.1562396862408094E-008
  0.451612890      0.290322572       1.4365189554518890E-007
  0.483870953      0.290322572       1.0034002323688641E-007
  0.516129017      0.290322572       1.5448854797778588E-007
  0.548387110      0.290322572       8.2394629857539999E-009
  0.580645144      0.290322572      -7.6432517126951033E-009
  0.612903237      0.290322572       1.7605805574467227E-008
  0.645161271      0.290322572      -1.3542638707467798E-007
  0.677419364      0.290322572       3.7243658771318323E-008
  0.709677398      0.290322572      -2.2755093773668321E-008
  0.741935492      0.290322572       8.4831230908493526E-008
  0.774193525      0.290322572      -5.0145898291032876E-008
  0.806451619      0.290322572       1.6507355864046323E-008
  0.838709652      0.290322572      -8.1256174472722622E-008
  0.870967746      0.290322572       1.0494471439020480E-007
  0.903225780      0.290322572      -1.6248767694956055E-007
  0.935483873      0.290322572       1.7122862324664097E-007
  0.967741907      0.290322572       5.5781568256086256E-007
   1.00000000      0.290322572      -5.6569313799798071E-007
   0.00000000      0.322580636       6.8526637802841905E-007
   3.22580636E-02  0.322580636       9.3519175294361683E-007
   6.45161271E-02  0.322580636       2.1099151423850910E-007
   9.67741907E-02  0.322580636       2.2991699658976573E-008
  0.129032254      0.322580636       2.5092709159792006E-008
  0.161290318      0.322580636       3.9434398382973313E-009
  0.193548381      0.322580636      -1.2164784411793996E-007
  0.225806445      0.322580636       2.3014070575555902E-008
  0.258064508      0.322580636       1.5124099321329473E-007
  0.290322572      0.322580636       8.2907926849328774E-007
  0.322580636      0.322580636       9.4647947153727769E-007
  0.354838699      0.322580636       2.3984322001291994E-007
  0.387096763      0.322580636       1.2668371949665066E-007
  0.419354826      0.322580636       1.6596641129629840E-007
  0.451612890      0.322580636      -1.1708657263874572E-007
  0.483870953      0.322580636      -7.9655330158118354E-008
  0.516129017      0.322580636      -1.4025798878402216E-007
  0.548387110      0.322580636       4.3815845758046737E-008
  0.580645144      0.322580636       1.0001048060707993E-008
  0.612903237      0.322580636       5.7652111605736916E-008
  0.645161271      0.322580636       1.3781984975438767E-007
  0.677419364      0.322580636       5.9817183274181257E-008
  0.709677398      0.322580636      -2.5867528502430486E-008
  0.741935492      0.322580636      -1.4000838125588226E-008
  0.774193525      0.322580636       2.4972891340001106E-008
  0.806451619      0.322580636       1.9028479584401677E-008
  0.838709652      0.322580636       7.2388690525749778E-008
  0.870967746      0.322580636      -9.7357446395381433E-008
  0.903225780      0.322580636       1.3842587277423191E-007
  0.935483873      0.322580636      -1.6750642892274044E-007
  0.967741907      0.322580636      -5.8242633281482986E-007
   1.00000000      0.322580636       5.8888667509745107E-007
   0.00000000      0.354838699      -6.8055090978512808E-007
   3.22580636E-02  0.354838699      -8.6955097472887941E-007
   6.45161271E-02  0.354838699      -1.5540025999663174E-007
   9.67741907E-02  0.354838699       1.4252006911356275E-009
  0.129032254      0.354838699       4.3787532852524639E-009
  0.161290318      0.354838699      -2.0546714303635796E-009
  0.193548381      0.354838699       1.3542349397968844E-007
  0.225806445      0.354838699       5.9412272282559328E-007
  0.258064508      0.354838699       1.3110700471572209E-006
  0.290322572      0.354838699       5.6406457949193204E-007
  0.322580636      0.354838699       5.1582840488700656E-007
  0.354838699      0.354838699       1.2850145944320008E-006
  0.387096763      0.354838699       3.6807593282596587E-007
  0.419354826      0.354838699       1.1289596183177497E-009
  0.451612890      0.354838699       1.4507660272288336E-007
  0.483870953      0.354838699       2.2623471438055820E-007
  0.516129017      0.354838699       1.3222967552853461E-007
  0.548387110      0.354838699       5.8130957059449089E-008
  0.580645144      0.354838699      -1.6911472479716021E-008
  0.612903237      0.354838699       5.1596938387634135E-008
  0.645161271      0.354838699      -1.4252331649929624E-007
  0.677419364      0.354838699       7.8637965688198667E-009
  0.709677398      0.354838699       4.2252871810555113E-008
  0.741935492      0.354838699       4.4523731466243184E-008
  0.774193525      0.354838699      -1.8632555263610761E-008
  0.806451619      0.354838699      -9.8166015155609861E-009
  0.838709652      0.354838699      -7.4146578898458409E-008
  0.870967746      0.354838699       1.0051948641531900E-007
  0.903225780      0.354838699      -1.2246894898512841E-007
  0.935483873      0.354838699       1.6259152047704182E-007
  0.967741907      0.354838699       5.8917647367066004E-007
   1.00000000      0.354838699      -6.1852742982749228E-007
   0.00000000      0.387096763       7.3114245462623192E-007
   3.22580636E-02  0.387096763       8.6595865476592530E-007
   6.45161271E-02  0.387096763       1.4636666699541645E-007
   9.67741907E-02  0.387096763       5.2880666582389092E-008
  0.129032254      0.387096763      -1.2907590381025055E-008
  0.161290318      0.387096763       8.7443422641467904E-008
  0.193548381      0.387096763      -1.5445129795188854E-007
  0.225806445      0.387096763       7.9566549210488590E-007
  0.258064508      0.387096763       1.1114288720069764E-006
  0.290322572      0.387096763       1.0352527722848392E-006
  0.322580636      0.387096763      -2.3821697185197332E-007
  0.354838699      0.387096763      -1.9206723801211555E-007
  0.387096763      0.387096763       2.1332950148276531E-006
  0.419354826      0.387096763       6.0691117452101107E-007
  0.451612890      0.387096763      -2.0681301042076443E-008
  0.483870953      0.387096763      -2.2801502111620206E-007
  0.516129017      0.387096763      -1.0688596564305008E-007
  0.548387110      0.387096763      -9.5976995850637514E-009
  0.580645144      0.387096763       1.0076394289680666E-008
  0.612903237      0.387096763       4.2160052173533253E-008
  0.645161271      0.387096763       9.7720878620411902E-008
  0.677419364      0.387096763       1.8200821869770555E-008
  0.709677398      0.387096763      -6.3691641935662695E-009
  0.741935492      0.387096763      -3.1321208499034325E-008
  0.774193525      0.387096763       6.2086603294890571E-008
  0.806451619      0.387096763       2.4906864707910729E-008
  0.838709652      0.387096763       9.9754825603161371E-008
  0.870967746      0.387096763      -1.2362637071821966E-007
  0.903225780      0.387096763       1.1351001319496322E-007
  0.935483873      0.387096763      -1.7683899067394613E-007
  0.967741907      0.387096763      -6.0755718732319064E-007
   1.00000000      0.387096763       6.2243281400564800E-007
   0.00000000      0.419354826      -7.2886254772006165E-007
   3.22580636E-02  0.419354826      -7.7800874333256934E-007
   6.45161271E-02  0.419354826      -1.1127641064846562E-007
   9.67741907E-02  0.419354826       2.7073021038994750E-008
  0.129032254      0.419354826       1.0205071704861202E-008
  0.161290318      0.419354826       3.7531358665529590E-010
  0.193548381      0.419354826       1.6228076145596768E-007
  0.225806445      0.419354826       7.8854841758326321E-007
  0.258064508      0.419354826       6.8349428396961207E-007
  0.290322572      0.419354826      -1.2293321540586569E-008
  0.322580636      0.419354826       9.6643442424122642E-007
  0.354838699      0.419354826       8.2681552902516331E-007
  0.387096763      0.419354826      -1.8964188150602771E-006
  0.419354826      0.419354826      -2.7280365388887958E-007
  0.451612890      0.419354826       2.6449853271018068E-007
  0.483870953      0.419354826       1.9780647419621930E-007
  0.516129017      0.419354826       2.3034519686572287E-007
  0.548387110      0.419354826       1.9985474872050041E-008
  0.580645144      0.419354826       9.3801675185146481E-008
  0.612903237      0.419354826      -1.0210712276781712E-007
  0.645161271      0.419354826       1.2098643904572022E-006
  0.677419364      0.419354826       8.3434465131789144E-007
  0.709677398      0.419354826       2.1146213283389451E-007
  0.741935492      0.419354826       1.1134498310926914E-007
  0.774193525      0.419354826      -5.7194228780143989E-008
  0.806451619      0.419354826      -8.3947877207015126E-008
  0.838709652      0.419354826      -7.3400034849530238E-008
  0.870967746      0.419354826       8.6510024174709975E-008
  0.903225780      0.419354826      -9.5966666146443587E-008
  0.935483873      0.419354826       1.4972441642867633E-007
  0.967741907      0.419354826       5.9343803758826769E-007
   1.00000000      0.419354826      -6.4258516276750795E-007
   0.00000000      0.451612890       7.8019747615640962E-007
   3.22580636E-02  0.451612890       7.9229364840873750E-007
   6.45161271E-02  0.451612890       1.2647336187861527E-007
   9.67741907E-02  0.451612890       3.4681760649115463E-009
  0.129032254      0.451612890       5.4934590755757819E-008
  0.161290318      0.451612890       1.4078407594989590E-008
  0.193548381      0.451612890       1.2176146597240030E-007
  0.225806445      0.451612890       5.4562148642385553E-007
  0.258064508      0.451612890       3.1919720279041040E-007
  0.290322572      0.451612890       5.3748100218247340E-007
  0.322580636      0.451612890       6.4759286471734178E-008
  0.354838699      0.451612890      -5.8744365366536581E-007
  0.387096763      0.451612890       6.5086498660107582E-006
  0.419354826      0.451612890       1.0202873622082829E-005
  0.451612890      0.451612890       3.5178774147056558E-006
  0.483870953      0.451612890      -5.6284266362937301E-007
  0.516129017      0.451612890       9.4249162024312179E-008
  0.548387110      0.451612890      -2.9407537267092971E-007
  0.580645144      0.451612890       1.2077012775328424E-007
  0.612903237      0.451612890       6.2035440851469201E-006
  0.645161271      0.451612890       1.3624007231984348E-005
  0.677419364      0.451612890       1.1049540627261988E-005
  0.709677398      0.451612890       5.6023296843123758E-006
  0.741935492      0.451612890       2.0881722785000406E-006
  0.774193525      0.451612890       1.2034028201582561E-006
  0.806451619      0.451612890       3.9008209041378530E-007
  0.838709652      0.451612890       2.4666539927849015E-007
  0.870967746      0.451612890      -2.2244899609494966E-007
  0.903225780      0.451612890       1.4286160912413605E-007
  0.935483873      0.451612890      -2.2978302144807131E-007
  0.967741907      0.451612890      -5.7061483936362047E-007
   1.00000000      0.451612890       5.9320119274315778E-007
   0.00000000      0.483870953      -7.5846974258530470E-007
   3.22580636E-02  0.483870953      -7.5591640334822746E-007
   6.45161271E-02  0.483870953      -4.4336101728477984E-008
   9.67741907E-02  0.483870953       9.1093185021719907E-009
  0.129032254      0.483870953       5.7362584383867168E-008
  0.161290318      0.483870953      -5.2034713131863912E-008
  0.193548381      0.483870953       4.7388504598120656E-007
  0.225806445      0.483870953       3.7315768259789975E-007
  0.258064508      0.483870953       5.8655055160175699E-007
  0.290322572      0.483870953       1.3401994700291520E-006
  0.322580636      0.483870953       4.3543394820132288E-006
  0.354838699      0.483870953       1.6497365852106017E-005
  0.387096763      0.483870953       4.4559606195680727E-005
  0.419354826      0.483870953       7.9980412040721980E-005
  0.451612890      0.483870953       4.7218739348618658E-005
  0.483870953      0.483870953       4.8521387127999137E-006
  0.516129017      0.483870953       2.7619770756908776E-007
  0.548387110      0.483870953       3.8761150129447813E-006
  0.580645144      0.483870953       1.6564050056217691E-005
  0.612903237      0.483870953       4.4406241901379781E-005
  0.645161271      0.483870953       8.3914913183474039E-005
  0.677419364      0.483870953       8.4519248867043491E-005
  0.709677398      0.483870953       5.1953076742336148E-005
  0.741935492      0.483870953       2.5189851275702113E-005
  0.774193525      0.483870953       1.0760958090543437E-005
  0.806451619      0.483870953       4.1573037550182901E-006
  0.838709652      0.483870953       1.1087580479488788E-006
  0.870967746      0.483870953       1.7589130089016016E-007
  0.903225780      0.483870953      -1.4118070381777456E-007
  0.935483873      0.483870953       1.9593566329862002E-007
  0.967741907      0.483870953       4.8162817934142608E-007
   1.00000000      0.483870953      -6.1356999325098109E-007
   0.00000000      0.516129017       8.0637115545498681E-007
   3.22580636E-02  0.516129017       7.8722024586239296E-007
   6.45161271E-02  0.516129017       7.7201172115604373E-008
   9.67741907E-02  0.516129017       1.8830326149324469E-008
  0.129032254      0.516129017       2.6159317383769811E-008
  0.161290318      0.516129017       7.4706701465146312E-008
  0.193548381      0.516129017       3.5096639879354190E-007
  0.225806445      0.516129017       5.2347575274203069E-007
  0.258064508      0.516129017       1.1503609930076742E-006
  0.290322572      0.516129017       7.0075643058101938E-006
  0.322580636      0.516129017       3.2822074777596826E-005
  0.354838699      0.516129017       1.1512881795867134E-004
  0.387096763      0.516129017       2.9934734299882535E-004
  0.419354826      0.516129017       4.6885958406232668E-004
  0.451612890      0.516129017       3.5006247994868539E-004
  0.483870953      0.516129017       9.6887693136694792E-005
  0.516129017      0.516129017       2.8477524987231241E-005
  0.548387110      0.516129017       4.7925529683305876E-005
  0.580645144      0.516129017       9.7393736116028722E-005
  0.612903237      0.516129017       2.5698365656478487E-004
  0.645161271      0.516129017       4.6461287902767307E-004
  0.677419364      0.516129017       5.0722246089702865E-004
  0.709677398      0.516129017       3.5630618768087065E-004
  0.741935492      0.516129017       1.7828266946285842E-004
  0.774193525      0.516129017       6.9984582785325626E-005
  0.806451619      0.516129017       2.4829944309660874E-005
  0.838709652      0.516129017       9.2331085579869113E-006
  0.870967746      0.516129017       1.5212536243555047E-006
  0.903225780      0.516129017      -9.7448628898810723E-008
  0.935483873      0.516129017       2.0715782510501409E-007
  0.967741907      0.516129017      -4.7101082776731965E-007
   1.00000000      0.516129017       9.6331390186817942E-007
   0.00000000      0.548387110      -7.6660518271723674E-007
   3.22580636E-02  0.548387110      -7.6480942067852299E-007
   6.45161271E-02  0.548387110       9.7498977589712069E-010
   9.67741907E-02  0.548387110       5.3743682855156437E-009
  0.129032254      0.548387110       7.5993563323157471E-008
  0.161290318      0.548387110      -9.1229787657604880E-008
  0.193548381      0.548387110       3.8219911869207451E-007
  0.225806445      0.548387110       2.6216059854552782E-007
  0.258064508      0.548387110       4.1810146685309327E-006
  0.290322572      0.548387110       3.4747288284614033E-005
  0.322580636      0.548387110       1.6817072977081811E-004
  0.354838699      0.548387110       6.1186947223892745E-004
  0.387096763      0.548387110       1.4626478846900910E-003
  0.419354826      0.548387110       2.1559473085512775E-003
  0.451612890      0.548387110       1.8189657656193339E-003
  0.483870953      0.548387110       7.8731792988889543E-004
  0.516129017      0.548387110       2.0449142118148710E-004
  0.548387110      0.548387110       1.5389917091232562E-004
  0.580645144      0.548387110       4.4152969240267265E-004
  0.612903237      0.548387110       1.1496604185366169E-003
  0.645161271      0.548387110       2.0456807613677542E-003
  0.677419364      0.548387110       2.3161511315543753E-003
  0.709677398      0.548387110       1.7055986330314088E-003
  0.741935492      0.548387110       8.6270378957208050E-004
  0.774193525      0.548387110       3.2835791042570205E-004
  0.806451619      0.548387110       1.0373965433071406E-004
  0.838709652      0.548387110       2.5616239738750743E-005
  0.870967746      0.548387110       4.5592273511199256E-006
  0.903225780      0.548387110      -1.0843414731845934E-007
  0.935483873      0.548387110       1.1582204522455045E-006
  0.967741907      0.548387110       9.9115297552826049E-007
   1.00000000      0.548387110       1.1510563565089696E-007
   0.00000000      0.580645144       7.9622911538930327E-007
   3.22580636E-02  0.580645144       7.9686632213475221E-007
   6.45161271E-02  0.580645144       6.6571104383386237E-008
   9.67741907E-02  0.580645144      -3.6185414745294197E-010
  0.129032254      0.580645144       2.7743499252123237E-008
  0.161290318      0.580645144       1.3650767757627065E-007
  0.193548381      0.580645144       3.9411922351698431E-007
  0.225806445      0.580645144       4.4032679485769539E-007
  0.258064508      0.580645144       1.9617816154423889E-005
  0.290322572      0.580645144       1.3256602631506209E-004
  0.322580636      0.580645144       6.6029691468415144E-004
  0.354838699      0.580645144       2.2620379427620236E-003
  0.387096763      0.580645144       5.1968471904724027E-003
  0.419354826      0.580645144       7.5459989593946652E-003
  0.451612890      0.580645144       6.5532964273094865E-003
  0.483870953      0.580645144       3.3174143849376745E-003
  0.516129017      0.580645144       8.3182350217390574E-004
  0.548387110      0.580645144       3.2921839993076970E-004
  0.580645144      0.580645144       1.3734204800714615E-003
  0.612903237      0.580645144       3.8830662007662249E-003
  0.645161271      0.580645144       6.7731272018224913E-003
  0.677419364      0.580645144       7.6795085695792933E-003
  0.709677398      0.580645144       5.7810999825578871E-003
  0.741935492      0.580645144       2.9516271949877782E-003
  0.774193525      0.580645144       1.0806512239590167E-003
  0.806451619      0.580645144       2.8584108414341105E-004
  0.838709652      0.580645144       5.2406737596110498E-005
  0.870967746      0.580645144       7.8402398863248473E-006
  0.903225780      0.580645144       4.2779320515833934E-007
  0.935483873      0.580645144      -9.4095175769358649E-009
  0.967741907      0.580645144      -4.5713024016567619E-007
   1.00000000      0.580645144       2.3628951785476698E-006
   0.00000000      0.612903237      -7.3653140057492196E-007
   3.22580636E-02  0.612903237      -7.8724664654941328E-007
   6.45161271E-02  0.612903237      -3.8621089762972158E-008
   9.67741907E-02  0.612903237       5.9184643241503359E-008
  0.129032254      0.612903237      -7.3313281456312208E-009
  0.161290318      0.612903237       1.3937700836842891E-007
  0.193548381      0.612903237      -3.6372044718214126E-007
  0.225806445      0.612903237       5.4072701588412666E-006
  0.258064508      0.612903237       5.4411369838082859E-005
  0.290322572      0.612903237       3.6910420565223557E-004
  0.322580636      0.612903237       1.7580403982398842E-003
  0.354838699      0.612903237       5.8330036035104983E-003
  0.387096763      0.612903237       1.3162665092573857E-002
  0.419354826      0.612903237       1.8555921377797359E-002
  0.451612890      0.612903237       1.5911955423940076E-002
  0.483870953      0.612903237       8.7727412948134260E-003
  0.516129017      0.612903237       2.7526912865335398E-003
  0.548387110      0.612903237       3.0263613829315217E-004
  0.580645144      0.612903237       2.9223870007633120E-003
  0.612903237      0.612903237       9.5258081063622890E-003
  0.645161271      0.612903237       1.5819847927937541E-002
  0.677419364      0.612903237       1.7910947584254006E-002
  0.709677398      0.612903237       1.3800727280145402E-002
  0.741935492      0.612903237       7.1310133709350824E-003
  0.774193525      0.612903237       2.5012994330012831E-003
  0.806451619      0.612903237       5.9698344445308007E-004
  0.838709652      0.612903237       1.0180747585270167E-004
  0.870967746      0.612903237       1.2325688763939320E-005
  0.903225780      0.612903237       6.6573302636333879E-007
  0.935483873      0.612903237       5.2295926716685803E-007
  0.967741907      0.612903237       1.9491624390034768E-006
   1.00000000      0.612903237      -6.8051267236831100E-007
   0.00000000      0.645161271       7.4900687803760309E-007
   3.22580636E-02  0.645161271       8.2215536312006545E-007
   6.45161271E-02  0.645161271       1.2643790460967225E-007
   9.67741907E-02  0.645161271      -6.1474889013818688E-008
  0.129032254      0.645161271       1.1361833630430022E-007
  0.161290318      0.645161271      -1.0853655437324415E-007
  0.193548381      0.645161271       6.3641369674623378E-007
  0.225806445      0.645161271       1.0324068990442484E-005
  0.258064508      0.645161271       1.0053371317930085E-004
  0.290322572      0.645161271       6.5898914559315972E-004
  0.322580636      0.645161271       3.0882432339343542E-003
  0.354838699      0.645161271       1.0218011813412841E-002
  0.387096763      0.645161271       2.2184739493591968E-002
  0.419354826      0.645161271       3.0003370207621817E-002
  0.451612890      0.645161271       2.6066118797608746E-002
  0.483870953      0.645161271       1.5540706097845990E-002
  0.516129017      0.645161271       5.5758307686119488E-003
  0.548387110      0.645161271      -2.3600801908808469E-004
  0.580645144      0.645161271       4.4620135841141866E-003
  0.612903237      0.645161271       1.5486655518886989E-002
  0.645161271      0.645161271       2.5092716986647081E-002
  0.677419364      0.645161271       2.8601615827484619E-002
  0.709677398      0.645161271       2.2675508084789610E-002
  0.741935492      0.645161271       1.1881234732266831E-002
  0.774193525      0.645161271       4.0529418308175970E-003
  0.806451619      0.645161271       9.5337977763234759E-004
  0.838709652      0.645161271       1.6581922145977431E-004
  0.870967746      0.645161271       2.2893987417450866E-005
  0.903225780      0.645161271       2.8110248305282618E-006
  0.935483873      0.645161271      -3.4199074842525746E-007
  0.967741907      0.645161271      -7.6616674032107040E-007
   1.00000000      0.645161271       2.5764735767025576E-006
   0.00000000      0.677419364      -6.7806831084941580E-007
   3.22580636E-02  0.677419364      -8.2791031075569830E-007
   6.45161271E-02  0.677419364      -1.0478435120219168E-007
   9.67741907E-02  0.677419364       8.1267924655078618E-008
  0.129032254      0.677419364      -3.3349362083309872E-008
  0.161290318      0.677419364       7.0679435577531307E-008
  0.193548381      0.677419364       6.0957034551103727E-007
  0.225806445      0.677419364       1.1958312148880453E-005
  0.258064508      0.677419364       1.1200640902381788E-004
  0.290322572      0.677419364       7.3350675409087685E-004
  0.322580636      0.677419364       3.5032651486489878E-003
  0.354838699      0.677419364       1.1422406451783966E-002
  0.387096763      0.677419364       2.3871150268997526E-002
  0.419354826      0.677419364       3.2475325293191276E-002
  0.451612890      0.677419364       2.8856076875363134E-002
  0.483870953      0.677419364       1.7773911923609664E-002
  0.516129017      0.677419364       6.3834802543649002E-003
  0.548387110      0.677419364      -7.7759843531054120E-004
  0.580645144      0.677419364       4.8502272400194760E-003
  0.612903237      0.677419364       1.6025532818220209E-002
  0.645161271      0.677419364       2.7145172010841937E-002
  0.677419364      0.677419364       3.1523806542529662E-002
  0.709677398      0.677419364       2.5198217059594307E-002
  0.741935492      0.677419364       1.3101323974391357E-002
  0.774193525      0.677419364       4.4315631279316552E-003
  0.806451619      0.677419364       1.0708056311706105E-003
  0.838709652      0.677419364       2.0069061651511742E-004
  0.870967746      0.677419364       3.1117977224630406E-005
  0.903225780      0.677419364       3.4333327160328068E-006
  0.935483873      0.677419364      -1.1983735432916906E-008
  0.967741907      0.677419364       2.3639076172562223E-006
   1.00000000      0.677419364      -4.6748599658068613E-007
   0.00000000      0.709677398       6.4704839024758201E-007
   3.22580636E-02  0.709677398       9.0010099428981441E-007
   6.45161271E-02  0.709677398       1.1267654750131050E-007
   9.67741907E-02  0.709677398       5.5626811492585683E-009
  0.129032254      0.709677398      -7.9611138700540212E-009
  0.161290318      0.709677398       2.5078840938146602E-008
  0.193548381      0.709677398       4.2134385435302850E-007
  0.225806445      0.709677398       7.9817571839364226E-006
  0.258064508      0.709677398       7.6729000769878766E-005
  0.290322572      0.709677398       5.3601100286649358E-004
  0.322580636      0.709677398       2.5357172780293307E-003
  0.354838699      0.709677398       8.0705466821230382E-003
  0.387096763      0.709677398       1.7112996294281282E-002
  0.419354826      0.709677398       2.4419700495614888E-002
  0.451612890      0.709677398       2.1376821875216091E-002
  0.483870953      0.709677398       1.2699937796930166E-002
  0.516129017      0.709677398       3.9708487652188691E-003
  0.548387110      0.709677398      -6.3559038638741165E-004
  0.580645144      0.709677398       3.4719222416930650E-003
  0.612903237      0.709677398       1.1101652566331834E-002
  0.645161271      0.709677398       2.0434361046220796E-002
  0.677419364      0.709677398       2.4257877612024178E-002
  0.709677398      0.709677398       1.8690282361709387E-002
  0.741935492      0.709677398       9.3091546211199749E-003
  0.774193525      0.709677398       3.1213029509000443E-003
  0.806451619      0.709677398       7.6422885312282037E-004
  0.838709652      0.709677398       1.4911095320020978E-004
  0.870967746      0.709677398       2.4675404326528188E-005
  0.903225780      0.709677398       4.5115348822334144E-006
  0.935483873      0.709677398      -3.1649961245727408E-008
  0.967741907      0.709677398      -1.3944718508685875E-006
   1.00000000      0.709677398       1.7278718331862791E-006
   0.00000000      0.741935492      -5.6396636282341108E-007
   3.22580636E-02  0.741935492      -9.0135727196316102E-007
   6.45161271E-02  0.741935492      -7.7578464107589606E-008
   9.67741907E-02  0.741935492      -1.0955447521073392E-008
  0.129032254      0.741935492       6.7717193773421836E-008
  0.161290318      0.741935492      -5.3260729255764913E-008
  0.193548381      0.741935492       6.4842162383355609E-008
  0.225806445      0.741935492       3.1833894418237777E-006
  0.258064508      0.741935492       3.8836332789150111E-005
  0.290322572      0.741935492       2.6946516929538070E-004
  0.322580636      0.741935492       1.2047416727857866E-003
  0.354838699      0.741935492       3.8715846854522214E-003
  0.387096763      0.741935492       8.5839880603867588E-003
  0.419354826      0.741935492       1.2563367359852952E-002
  0.451612890      0.741935492       1.0341258067227218E-002
  0.483870953      0.741935492       5.7315362487232136E-003
  0.516129017      0.741935492       1.3792895635024777E-003
  0.548387110      0.741935492      -1.5457557960943169E-004
  0.580645144      0.741935492       1.6283653938809382E-003
  0.612903237      0.741935492       5.4404784558230741E-003
  0.645161271      0.741935492       1.0583412881246510E-002
  0.677419364      0.741935492       1.2636134863252643E-002
  0.709677398      0.741935492       9.2884109048763305E-003
  0.741935492      0.741935492       4.3630595344577843E-003
  0.774193525      0.741935492       1.3914293612877150E-003
  0.806451619      0.741935492       3.2368301895906361E-004
  0.838709652      0.741935492       6.1321732573341769E-005
  0.870967746      0.741935492       1.1525104503151645E-005
  0.903225780      0.741935492       1.0095977811035895E-006
  0.935483873      0.741935492       1.5387846983839697E-007
  0.967741907      0.741935492       1.4813620383436919E-006
   1.00000000      0.741935492      -9.7222792297994136E-007
   0.00000000      0.774193525       5.4755470617992078E-007
   3.22580636E-02  0.774193525       8.6940550785497193E-007
   6.45161271E-02  0.774193525       1.8182883398020864E-007
   9.67741907E-02  0.774193525      -6.3876651186724841E-008
  0.129032254      0.774193525       6.8588412866791729E-008
  0.161290318      0.774193525      -5.9341069853662748E-008
  0.193548381      0.774193525       2.0726901379690842E-007
  0.225806445      0.774193525       1.3769036713447384E-006
  0.258064508      0.774193525       1.6216374389035282E-005
  0.290322572      0.774193525       9.1058191261922066E-005
  0.322580636      0.774193525       4.0859641248337710E-004
  0.354838699      0.774193525       1.3617402371136774E-003
  0.387096763      0.774193525       3.0493528378502982E-003
  0.419354826      0.774193525       4.2802942918446149E-003
  0.451612890      0.774193525       3.3040690268363059E-003
  0.483870953      0.774193525       1.7835733223899024E-003
  0.516129017      0.774193525       2.6544400345704649E-004
  0.548387110      0.774193525       3.0987772440764211E-005
  0.580645144      0.774193525       5.6628645756607958E-004
  0.612903237      0.774193525       1.8706336552579729E-003
  0.645161271      0.774193525       3.7425205075331193E-003
  0.677419364      0.774193525       4.4772208910664989E-003
  0.709677398      0.774193525       3.2334242709139813E-003
  0.741935492      0.774193525       1.4226110189374049E-003
  0.774193525      0.774193525       4.0381787766891590E-004
  0.806451619      0.774193525       8.2601336659065050E-005
  0.838709652      0.774193525       1.5291063884311882E-005
  0.870967746      0.774193525       1.3023158447505310E-006
  0.903225780      0.774193525       3.1800690569503090E-007
  0.935483873      0.774193525      -1.7880620422226760E-007
  0.967741907      0.774193525      -1.3798445260789461E-006
   1.00000000      0.774193525       1.3329631555431870E-006
   0.00000000      0.806451619      -4.6499688950127901E-007
   3.22580636E-02  0.806451619      -8.4858286523650093E-007
   6.45161271E-02  0.806451619      -1.3247273093379710E-007
   9.67741907E-02  0.806451619       1.1299724623953071E-008
  0.129032254      0.806451619       2.9920636673795006E-008
  0.161290318      0.806451619      -2.6576349401213151E-008
  0.193548381      0.806451619      -1.9575540123778911E-008
  0.225806445      0.806451619       8.6213717019821505E-007
  0.258064508      0.806451619       4.7315388636651576E-006
  0.290322572      0.806451619       2.1885814936240656E-005
  0.322580636      0.806451619       1.1128121020545895E-004
  0.354838699      0.806451619       3.5613429088318758E-004
  0.387096763      0.806451619       7.5520603631879738E-004
  0.419354826      0.806451619       9.9091571883115344E-004
  0.451612890      0.806451619       7.7350021040870174E-004
  0.483870953      0.806451619       3.9849784051953168E-004
  0.516129017      0.806451619       2.0037060652949471E-005
  0.548387110      0.806451619       2.3160689617168419E-005
  0.580645144      0.806451619       1.6010903109720009E-004
  0.612903237      0.806451619       4.5925155912527878E-004
  0.645161271      0.806451619       9.2256808184455578E-004
  0.677419364      0.806451619       1.1563602026449659E-003
  0.709677398      0.806451619       8.3265013357543890E-004
  0.741935492      0.806451619       3.3865003277974389E-004
  0.774193525      0.806451619       8.1708499997663563E-005
  0.806451619      0.806451619       1.5066970033178754E-005
  0.838709652      0.806451619       1.1577159549298853E-006
  0.870967746      0.806451619       1.0366506240806460E-007
  0.903225780      0.806451619      -3.6302238281919684E-007
  0.935483873      0.806451619       1.8577352674547442E-007
  0.967741907      0.806451619       1.2258662462587632E-006
   1.00000000      0.806451619      -5.1187434047658130E-007
   0.00000000      0.838709652       4.2120233432868826E-007
   3.22580636E-02  0.838709652       8.1299675746641020E-007
   6.45161271E-02  0.838709652       1.5892671363731134E-007
   9.67741907E-02  0.838709652       2.5736170430888633E-009
  0.129032254      0.838709652      -1.3614019254023655E-008
  0.161290318      0.838709652       4.2685739290178237E-008
  0.193548381      0.838709652      -9.3047220467086917E-010
  0.225806445      0.838709652       4.4822443545035872E-008
  0.258064508      0.838709652       8.8453028098801015E-007
  0.290322572      0.838709652       5.5785358696486295E-006
  0.322580636      0.838709652       2.4986810234687598E-005
  0.354838699      0.838709652       6.4841834534569296E-005
  0.387096763      0.838709652       1.3382432409502664E-004
  0.419354826      0.838709652       1.7237146356957741E-004
  0.451612890      0.838709652       1.3932467371158090E-004
  0.483870953      0.838709652       5.8816718808711969E-005
  0.516129017      0.838709652      -1.3665536328912672E-006
  0.548387110      0.838709652       7.9283337721103151E-006
  0.580645144      0.838709652       3.4448600771201266E-005
  0.612903237      0.838709652       8.3620402825832114E-005
  0.645161271      0.838709652       1.6766128511059639E-004
  0.677419364      0.838709652       2.2506834075090967E-004
  0.709677398      0.838709652       1.6809954237659939E-004
  0.741935492      0.838709652       6.2573993332730535E-005
  0.774193525      0.838709652       1.3634565765797581E-005
  0.806451619      0.838709652       1.1613359787864356E-006
  0.838709652      0.838709652       6.2148414331237058E-007
  0.870967746      0.838709652       2.5314208837752704E-007
  0.903225780      0.838709652       2.2555546159022292E-007
  0.935483873      0.838709652      -1.4313314545574749E-007
  0.967741907      0.838709652      -1.0091951126844940E-006
   1.00000000      0.838709652       6.4575190538070420E-007
   0.00000000      0.870967746      -3.4354549906287622E-007
   3.22580636E-02  0.870967746      -7.1420963406428523E-007
   6.45161271E-02  0.870967746      -1.3916901749794873E-007
   9.67741907E-02  0.870967746       6.9576715852660535E-009
  0.129032254      0.870967746       2.2657652435287507E-008
  0.161290318      0.870967746      -3.0932609526259367E-008
  0.193548381      0.870967746       9.6043692203652824E-009
  0.225806445      0.870967746      -4.6027915639079751E-008
  0.258064508      0.870967746      -6.9487588962413387E-008
  0.290322572      0.870967746       1.1606035981760277E-006
  0.322580636      0.870967746       3.8044478104195604E-006
  0.354838699      0.870967746       8.7102837692219821E-006
  0.387096763      0.870967746       1.8963035876932008E-005
  0.419354826      0.870967746       2.3539300373428702E-005
  0.451612890      0.870967746       1.9511160243687518E-005
  0.483870953      0.870967746       6.5960890945947847E-006
  0.516129017      0.870967746      -2.7838488784015205E-007
  0.548387110      0.870967746       2.4058977272987549E-006
  0.580645144      0.870967746       4.6222531529057739E-006
  0.612903237      0.870967746       1.3030028704999241E-005
  0.645161271      0.870967746       2.3562863935347319E-005
  0.677419364      0.870967746       3.4983961388829562E-005
  0.709677398      0.870967746       2.8264185323136695E-005
  0.741935492      0.870967746       1.0578881668383728E-005
  0.774193525      0.870967746       1.7329738825700880E-006
  0.806451619      0.870967746       3.2775006167611056E-007
  0.838709652      0.870967746       7.2243533323318911E-009
  0.870967746      0.870967746       2.6242560525612031E-007
  0.903225780      0.870967746      -1.9700825479882535E-007
  0.935483873      0.870967746       6.0191805020229460E-007
  0.967741907      0.870967746       9.2135680711220561E-007
   1.00000000      0.870967746      -4.2513663876796971E-007
   0.00000000      0.903225780       2.9668158501602720E-007
   3.22580636E-02  0.903225780       5.9064821991893991E-007
   6.45161271E-02  0.903225780       1.6653423249495343E-007
   9.67741907E-02  0.903225780      -3.5799751963067110E-008
  0.129032254      0.903225780       5.2104692347865205E-008
  0.161290318      0.903225780      -3.6428342846339138E-008
  0.193548381      0.903225780       7.8252684448644551E-008
  0.225806445      0.903225780      -4.5493561599995079E-008
  0.258064508      0.903225780       9.2893233163647422E-008
  0.290322572      0.903225780      -1.8680388104418505E-007
  0.322580636      0.903225780       9.8462653206963843E-008
  0.354838699      0.903225780       7.9956624272433300E-007
  0.387096763      0.903225780       1.9346923055942561E-006
  0.419354826      0.903225780       2.2343527947946069E-006
  0.451612890      0.903225780       2.3593399592570065E-006
  0.483870953      0.903225780       1.4728464063451815E-007
  0.516129017      0.903225780      -4.3995401198731257E-008
  0.548387110      0.903225780      -2.3981201927644005E-007
  0.580645144      0.903225780       6.1228374989221281E-007
  0.612903237      0.903225780       1.2357724215527557E-007
  0.645161271      0.903225780       3.0252496844959150E-006
  0.677419364      0.903225780       4.9415066528873390E-006
  0.709677398      0.903225780       4.2775000923678266E-006
  0.741935492      0.903225780       1.7812581990149045E-006
  0.774193525      0.903225780       2.1508024259817440E-007
  0.806451619      0.903225780      -3.4229116257712480E-007
  0.838709652      0.903225780       3.4586384616448291E-008
  0.870967746      0.903225780      -1.1889772608020226E-007
  0.903225780      0.903225780       9.0145122904871294E-007
  0.935483873      0.903225780      -2.2359242138788503E-009
  0.967741907      0.903225780      -7.0685540142898752E-007
   1.00000000      0.903225780       4.0415913471456533E-007
   0.00000000      0.935483873      -2.2188491993930197E-007
   3.22580636E-02  0.935483873      -4.0292261820860783E-007
   6.45161271E-02  0.935483873      -1.5330427238436715E-007
   9.67741907E-02  0.935483873       7.9557442122491331E-008
  0.129032254      0.935483873      -6.8433083472970001E-008
  0.161290318      0.935483873       9.1061537974172460E-008
  0.193548381      0.935483873      -9.1041346339707949E-008
  0.225806445      0.935483873       1.0908689329472170E-007
  0.258064508      0.935483873      -1.2822732812457295E-007
  0.290322572      0.935483873       6.5561567112696855E-007
  0.322580636      0.935483873       2.6490239900779955E-007
  0.354838699      0.935483873       3.9738007358643471E-008
  0.387096763      0.935483873       7.0973218466331269E-008
  0.419354826      0.935483873      -3.1195331355416197E-007
  0.451612890      0.935483873      -1.0992628393686808E-007
  0.483870953      0.935483873      -1.0672480751753758E-007
  0.516129017      0.935483873       1.4672924457265521E-007
  0.548387110      0.935483873       1.3772872488715391E-008
  0.580645144      0.935483873       6.5665731736057831E-008
  0.612903237      0.935483873       3.9775583299586268E-007
  0.645161271      0.935483873      -2.2466966222686552E-007
  0.677419364      0.935483873      -5.5115871924244527E-007
  0.709677398      0.935483873       1.6179361331732300E-007
  0.741935492      0.935483873      -5.5380989618316738E-008
  0.774193525      0.935483873      -4.5881538414298550E-008
  0.806451619      0.935483873       1.2851688459736849E-007
  0.838709652      0.935483873       3.3220513005046146E-007
  0.870967746      0.935483873       4.1125967679157514E-007
  0.903225780      0.935483873       3.0121353887158055E-008
  0.935483873      0.935483873       3.3845203870964723E-008
  0.967741907      0.935483873       6.1268016619680453E-007
   1.00000000      0.935483873      -2.6027336534192371E-007
   0.00000000      0.967741907       1.7022059430173101E-007
   3.22580636E-02  0.967741907       2.0672865362283284E-007
   6.45161271E-02  0.967741907       2.2774042420133849E-007
   9.67741907E-02  0.967741907      -2.0694609083850443E-007
  0.129032254      0.967741907       2.7413145481929274E-007
  0.161290318      0.967741907      -3.2107617608681311E-007
  0.193548381      0.967741907       4.0116875524885423E-007
  0.225806445      0.967741907      -4.4416312771825539E-007
  0.258064508      0.967741907       5.8389041399427151E-007
  0.290322572      0.967741907      -6.6248035645860704E-007
  0.322580636      0.967741907       1.0224715630174608E-006
  0.354838699      0.967741907      -5.0173338319629403E-007
  0.387096763      0.967741907       1.2588746964138548E-006
  0.419354826      0.967741907      -8.8721036446472511E-007
  0.451612890      0.967741907       1.3145185370753945E-006
  0.483870953      0.967741907      -1.1342659855095306E-006
  0.516129017      0.967741907       1.0648915587780451E-006
  0.548387110      0.967741907      -1.0688002432524785E-006
  0.580645144      0.967741907       1.0936760162068302E-006
  0.612903237      0.967741907      -5.6123981786093830E-007
  0.645161271      0.967741907       2.0603072877827430E-006
  0.677419364      0.967741907       3.4217389686471227E-007
  0.709677398      0.967741907       1.4784646730712770E-006
  0.741935492      0.967741907      -7.5426512811594489E-007
  0.774193525      0.967741907       7.8322889224736608E-007
  0.806451619      0.967741907      -6.8413705393034540E-007
  0.838709652      0.967741907       5.9573041370526067E-007
  0.870967746      0.967741907      -4.3977712935447228E-007
  0.903225780      0.967741907       5.1093654230761701E-007
  0.935483873      0.967741907      -3.3055642114569756E-007
  0.967741907      0.967741907      -9.1683148620578605E-008
   1.00000000      0.967741907       1.2870354418495139E-007
   0.00000000       1.00000000      -2.4432458361854636E-008
   3.22580636E-02   1.00000000      -1.4197671558811634E-007
   6.45161271E-02   1.00000000       4.3727893001332848E-008
   9.67741907E-02   1.00000000      -5.5744304515645240E-008
  0.129032254       1.00000000       6.2843594678013941E-008
  0.161290318       1.00000000      -2.7672693371545325E-008
  0.193548381       1.00000000       2.8421344285383132E-008
  0.225806445       1.00000000       4.0020545944369224E-008
  0.258064508       1.00000000      -4.7819564227485092E-008
  0.290322572       1.00000000       1.7699539790001442E-007
  0.322580636       1.00000000      -7.1313421987517798E-008
  0.354838699       1.00000000       6.2369647605543945E-007
  0.387096763       1.00000000      -4.6571141454877639E-007
  0.419354826       1.00000000       6.1926289864256367E-007
  0.451612890       1.00000000      -5.9949890883110724E-007
  0.483870953       1.00000000       7.5706031903077988E-007
  0.516129017       1.00000000      -7.7351056647139055E-007
  0.548387110       1.00000000       8.2777716821109979E-007
  0.580645144       1.00000000      -8.6780791776631134E-007
  0.612903237       1.00000000       9.1678320693691089E-007
  0.645161271       1.00000000      -1.0201670628684643E-006
  0.677419364       1.00000000       1.2798969751353755E-006
  0.709677398       1.00000000      -9.0509121274149435E-007
  0.741935492       1.00000000       1.3613084268151820E-006
  0.774193525       1.00000000      -6.3756980074764980E-007
  0.806451619       1.00000000       9.4602794299284962E-007
  0.838709652       1.00000000      -7.5764875372302414E-007
  0.870967746       1.00000000       7.5496153578310619E-007
  0.903225780       1.00000000      -5.7754393191715488E-007
  0.935483873       1.00000000       4.7735032999398850E-007
  0.967741907       1.00000000      -1.1973473140452452E-007
   1.00000000       1.00000000       6.5738402842289065E-008
