 # X Y F 
   0.00000000       0.00000000      -1.7350010064856135E-008
   3.22580636E-02   0.00000000      -2.2870642460482354E-007
   6.45161271E-02   0.00000000       1.6637815268742233E-007
   9.67741907E-02   0.00000000      -2.4956048210537500E-007
  0.129032254       0.00000000       3.0475834952108512E-007
  0.161290318       0.00000000      -3.3068167249623200E-007
  0.193548381       0.00000000       3.9380189580005484E-007
  0.225806445       0.00000000      -4.0603826393703094E-007
  0.258064508       0.00000000       4.4600496097691009E-007
  0.290322572       0.00000000      -4.5618782637529119E-007
  0.322580636       0.00000000       4.9246376246246039E-007
  0.354838699       0.00000000      -5.1034259708928770E-007
  0.387096763       0.00000000       5.7417795023671246E-007
  0.419354826       0.00000000      -6.1059115746048918E-007
  0.451612890       0.00000000       6.5790951774521238E-007
  0.483870953       0.00000000      -6.4595301941672166E-007
  0.516129017       0.00000000       6.5968269030214979E-007
  0.548387110       0.00000000      -6.0755658515214932E-007
  0.580645144       0.00000000       5.7466634076003796E-007
  0.612903237       0.00000000      -5.2001657113736775E-007
  0.645161271       0.00000000       4.7415492781364421E-007
  0.677419364       0.00000000      -4.2604952014481006E-007
  0.709677398       0.00000000       4.0909982889848172E-007
  0.741935492       0.00000000      -3.6719941881107562E-007
  0.774193525       0.00000000       3.5150153816749146E-007
  0.806451619       0.00000000      -3.2171468194012020E-007
  0.838709652       0.00000000       2.9459942632716609E-007
  0.870967746       0.00000000      -2.4967659269079419E-007
  0.903225780       0.00000000       1.9331206466226748E-007
  0.935483873       0.00000000      -1.4278105134034222E-007
  0.967741907       0.00000000       1.5782249796927277E-007
   1.00000000       0.00000000      -8.9720233141778436E-008
   0.00000000       3.22580636E-02   2.2971036684264570E-007
   3.22580636E-02   3.22580636E-02   2.2706262536816376E-007
   6.45161271E-02   3.22580636E-02   2.3629712592515092E-007
   9.67741907E-02   3.22580636E-02  -1.4305873743506067E-007
  0.129032254       3.22580636E-02   2.0830204312252787E-007
  0.161290318       3.22580636E-02  -2.0611585669234077E-007
  0.193548381       3.22580636E-02   2.0674625955438018E-007
  0.225806445       3.22580636E-02  -2.1323511865264971E-007
  0.258064508       3.22580636E-02   2.5161265263811661E-007
  0.290322572       3.22580636E-02  -2.3776487548212756E-007
  0.322580636       3.22580636E-02   2.8865159238043446E-007
  0.354838699       3.22580636E-02  -2.9522250972711935E-007
  0.387096763       3.22580636E-02   3.2076037160448648E-007
  0.419354826       3.22580636E-02  -2.8933276959516637E-007
  0.451612890       3.22580636E-02   3.1956108442573485E-007
  0.483870953       3.22580636E-02  -3.2472039822741561E-007
  0.516129017       3.22580636E-02   2.9770428214416098E-007
  0.548387110       3.22580636E-02  -2.7452202673449805E-007
  0.580645144       3.22580636E-02   2.6909197992882119E-007
  0.612903237       3.22580636E-02  -2.1801217564822543E-007
  0.645161271       3.22580636E-02   2.3243211784720460E-007
  0.677419364       3.22580636E-02  -1.8312267690747860E-007
  0.709677398       3.22580636E-02   1.5537390474549669E-007
  0.741935492       3.22580636E-02  -1.4702703687417094E-007
  0.774193525       3.22580636E-02   1.5094174234565055E-007
  0.806451619       3.22580636E-02  -1.2960883665484680E-007
  0.838709652       3.22580636E-02   1.2733947634402821E-007
  0.870967746       3.22580636E-02  -9.7398344634721069E-008
  0.903225780       3.22580636E-02   1.2457501399479693E-007
  0.935483873       3.22580636E-02  -9.9900327422831220E-008
  0.967741907       3.22580636E-02  -8.2181985707476116E-008
   1.00000000       3.22580636E-02   1.1814611037433979E-007
   0.00000000       6.45161271E-02  -2.8551588806664047E-007
   3.22580636E-02   6.45161271E-02  -4.1597057666718520E-007
   6.45161271E-02   6.45161271E-02  -2.0687929125087113E-007
   9.67741907E-02   6.45161271E-02   8.6351123949955073E-008
  0.129032254       6.45161271E-02  -1.3392284217206046E-007
  0.161290318       6.45161271E-02   1.5994449265608766E-007
  0.193548381       6.45161271E-02  -1.0911339603409588E-007
  0.225806445       6.45161271E-02   1.4173698108090433E-007
  0.258064508       6.45161271E-02  -1.3908553283284864E-007
  0.290322572       6.45161271E-02   1.2688141516715926E-007
  0.322580636       6.45161271E-02  -1.2920691603281256E-007
  0.354838699       6.45161271E-02   1.5129920244523204E-007
  0.387096763       6.45161271E-02  -1.1282134232902079E-007
  0.419354826       6.45161271E-02   7.0708250020693313E-008
  0.451612890       6.45161271E-02  -4.5693339775458977E-008
  0.483870953       6.45161271E-02   8.6323973302829519E-008
  0.516129017       6.45161271E-02  -1.8052566965483398E-008
  0.548387110       6.45161271E-02   4.7544253512608878E-008
  0.580645144       6.45161271E-02  -2.3647779390061280E-008
  0.612903237       6.45161271E-02   1.8203836898953972E-008
  0.645161271       6.45161271E-02  -4.3198558270396177E-008
  0.677419364       6.45161271E-02   5.2292307440672621E-008
  0.709677398       6.45161271E-02  -2.9225916895194370E-008
  0.741935492       6.45161271E-02   7.2540331098431842E-008
  0.774193525       6.45161271E-02  -6.7710037774469769E-008
  0.806451619       6.45161271E-02   6.5542599072686234E-008
  0.838709652       6.45161271E-02  -5.5264864037850774E-008
  0.870967746       6.45161271E-02   4.1765005334233896E-008
  0.903225780       6.45161271E-02  -7.9549243985660386E-008
  0.935483873       6.45161271E-02   7.1032434566179450E-008
  0.967741907       6.45161271E-02   1.9696805647031365E-007
   1.00000000       6.45161271E-02  -1.9025176668589366E-007
   0.00000000       9.67741907E-02   3.3707209185313317E-007
   3.22580636E-02   9.67741907E-02   6.8330904766566591E-007
   6.45161271E-02   9.67741907E-02   9.5595300693618836E-008
   9.67741907E-02   9.67741907E-02   1.4844905806518067E-007
  0.129032254       9.67741907E-02  -1.0304987660349204E-007
  0.161290318       9.67741907E-02   1.3907336793870745E-007
  0.193548381       9.67741907E-02  -1.8045415383626579E-007
  0.225806445       9.67741907E-02   1.5932353308849814E-007
  0.258064508       9.67741907E-02  -9.2465590711072947E-008
  0.290322572       9.67741907E-02   1.0986752531157618E-007
  0.322580636       9.67741907E-02  -4.3637897523394761E-008
  0.354838699       9.67741907E-02   1.1616548374411794E-008
  0.387096763       9.67741907E-02   1.8162670628740443E-008
  0.419354826       9.67741907E-02   3.5133399671361681E-008
  0.451612890       9.67741907E-02   9.2505598400893331E-009
  0.483870953       9.67741907E-02  -4.6910889650715231E-008
  0.516129017       9.67741907E-02   3.0611909097614572E-009
  0.548387110       9.67741907E-02  -6.0749843994328029E-009
  0.580645144       9.67741907E-02   5.9451434201081054E-009
  0.612903237       9.67741907E-02   3.8416019651880177E-008
  0.645161271       9.67741907E-02  -1.6064181738034100E-009
  0.677419364       9.67741907E-02   5.5132282076815477E-008
  0.709677398       9.67741907E-02  -8.0518441928359405E-008
  0.741935492       9.67741907E-02   6.2093360249921976E-008
  0.774193525       9.67741907E-02  -6.0328784173247984E-008
  0.806451619       9.67741907E-02   8.3784303460792797E-008
  0.838709652       9.67741907E-02  -6.4675216309946645E-008
  0.870967746       9.67741907E-02   6.0747661273419360E-008
  0.903225780       9.67741907E-02   1.6362217485376942E-008
  0.935483873       9.67741907E-02  -4.8903536811796564E-009
  0.967741907       9.67741907E-02  -3.0361391476981532E-007
   1.00000000       9.67741907E-02   2.7071291190930373E-007
   0.00000000      0.129032254      -4.1167019608679843E-007
   3.22580636E-02  0.129032254      -7.1564056445295675E-007
   6.45161271E-02  0.129032254      -2.1030315121943010E-007
   9.67741907E-02  0.129032254      -7.3781931403406467E-009
  0.129032254      0.129032254      -2.6187594291551055E-008
  0.161290318      0.129032254       2.9600077076932160E-008
  0.193548381      0.129032254       5.0624607323335341E-008
  0.225806445      0.129032254      -8.1411119736768374E-009
  0.258064508      0.129032254      -7.4568220725927879E-009
  0.290322572      0.129032254      -1.9748691823681259E-008
  0.322580636      0.129032254       2.0713854757961748E-008
  0.354838699      0.129032254       3.6442531033034222E-008
  0.387096763      0.129032254      -2.2371938011563337E-008
  0.419354826      0.129032254      -3.6518005881516871E-008
  0.451612890      0.129032254       4.8036413598912026E-008
  0.483870953      0.129032254       2.3247884664532800E-008
  0.516129017      0.129032254       6.0128758291343604E-008
  0.548387110      0.129032254       1.6967587793287500E-008
  0.580645144      0.129032254      -1.6053461899754660E-008
  0.612903237      0.129032254       3.7446359579601090E-008
  0.645161271      0.129032254      -1.0042213501251987E-007
  0.677419364      0.129032254       9.6080440199909720E-008
  0.709677398      0.129032254      -6.9841819299382752E-008
  0.741935492      0.129032254       1.2270326528611001E-007
  0.774193525      0.129032254      -1.0633166826033354E-007
  0.806451619      0.129032254       9.3262375776456616E-008
  0.838709652      0.129032254      -1.0435652463772913E-007
  0.870967746      0.129032254       1.2343329402784404E-007
  0.903225780      0.129032254      -1.8158034847015057E-007
  0.935483873      0.129032254       1.5428037149081260E-007
  0.967741907      0.129032254       2.5957815884870281E-007
   1.00000000      0.129032254      -2.8397618341165007E-007
   0.00000000      0.161290318       4.8433722937042595E-007
   3.22580636E-02  0.161290318       8.2095120687855812E-007
   6.45161271E-02  0.161290318       2.5155950139696448E-007
   9.67741907E-02  0.161290318       2.9171748637416821E-008
  0.129032254      0.161290318       2.1845408854186732E-008
  0.161290318      0.161290318       1.5302730122588737E-008
  0.193548381      0.161290318      -8.1310598945163451E-008
  0.225806445      0.161290318       5.6200014052602961E-008
  0.258064508      0.161290318       6.5112283816155605E-009
  0.290322572      0.161290318       3.4746768959405505E-008
  0.322580636      0.161290318      -1.0276883764329293E-008
  0.354838699      0.161290318      -1.5145859565498674E-008
  0.387096763      0.161290318       4.8646953349960675E-008
  0.419354826      0.161290318       7.2813841721461264E-008
  0.451612890      0.161290318      -4.5283402744675036E-008
  0.483870953      0.161290318      -4.7356199133288559E-010
  0.516129017      0.161290318      -6.5601885710280140E-008
  0.548387110      0.161290318       1.8683138959742722E-008
  0.580645144      0.161290318       1.6130199498428398E-008
  0.612903237      0.161290318       1.1876870438745596E-008
  0.645161271      0.161290318       8.5356212181811653E-008
  0.677419364      0.161290318      -3.0741146376756533E-008
  0.709677398      0.161290318       3.0909065671971394E-008
  0.741935492      0.161290318      -6.3719553333109375E-008
  0.774193525      0.161290318       6.8074495738996317E-008
  0.806451619      0.161290318      -3.9349303164655599E-008
  0.838709652      0.161290318       8.1326410715198306E-008
  0.870967746      0.161290318      -8.8201232634807298E-008
  0.903225780      0.161290318       1.5773715209921514E-007
  0.935483873      0.161290318      -1.2317354258810955E-007
  0.967741907      0.161290318      -3.3957293440652686E-007
   1.00000000      0.161290318       3.4796473148204969E-007
   0.00000000      0.193548381      -5.1316138879106252E-007
   3.22580636E-02  0.193548381      -8.7071578105304062E-007
   6.45161271E-02  0.193548381      -2.4436086898122650E-007
   9.67741907E-02  0.193548381      -1.4063981921748125E-008
  0.129032254      0.193548381      -1.5331233484887632E-008
  0.161290318      0.193548381       8.1403005855411264E-009
  0.193548381      0.193548381       8.6399379530865740E-008
  0.225806445      0.193548381      -4.2086939369246618E-008
  0.258064508      0.193548381      -1.6925790074965137E-008
  0.290322572      0.193548381      -2.6140829456362284E-009
  0.322580636      0.193548381       8.6119189097697180E-009
  0.354838699      0.193548381       4.1896791145889266E-008
  0.387096763      0.193548381      -6.3311319829591066E-008
  0.419354826      0.193548381      -3.9735382603544572E-008
  0.451612890      0.193548381       3.7599789526593549E-008
  0.483870953      0.193548381       8.3524018796846166E-008
  0.516129017      0.193548381       5.9544049370746545E-008
  0.548387110      0.193548381       2.5581825493293384E-008
  0.580645144      0.193548381      -1.0775934459805040E-008
  0.612903237      0.193548381      -6.0362180770862883E-009
  0.645161271      0.193548381      -5.3268788660968076E-008
  0.677419364      0.193548381       1.8760274688413529E-008
  0.709677398      0.193548381      -6.3176779358486692E-009
  0.741935492      0.193548381       6.5416876342001076E-008
  0.774193525      0.193548381      -5.6677333825394441E-008
  0.806451619      0.193548381       3.5789637009232816E-008
  0.838709652      0.193548381      -6.3567723148216212E-008
  0.870967746      0.193548381       7.5766393205204254E-008
  0.903225780      0.193548381      -1.4784103132418321E-007
  0.935483873      0.193548381       1.3016319602977487E-007
  0.967741907      0.193548381       4.0047364532871218E-007
   1.00000000      0.193548381      -3.9314838454333147E-007
   0.00000000      0.225806445       5.5677098859358789E-007
   3.22580636E-02  0.225806445       9.4036932554261654E-007
   6.45161271E-02  0.225806445       2.4522820091825361E-007
   9.67741907E-02  0.225806445       4.4988234789301459E-008
  0.129032254      0.225806445       6.4879695364090157E-009
  0.161290318      0.225806445       1.2101417782258535E-008
  0.193548381      0.225806445      -8.4581592613345820E-008
  0.225806445      0.225806445       5.0546987783030537E-008
  0.258064508      0.225806445       3.8352734201950251E-008
  0.290322572      0.225806445      -1.5442315762015504E-008
  0.322580636      0.225806445       1.1788931010631920E-008
  0.354838699      0.225806445      -2.9444918919575308E-008
  0.387096763      0.225806445       9.6454728055557809E-008
  0.419354826      0.225806445       6.7313833045332707E-008
  0.451612890      0.225806445      -2.8445766130854570E-008
  0.483870953      0.225806445      -7.8298384073392884E-008
  0.516129017      0.225806445      -5.3318231479394237E-008
  0.548387110      0.225806445       5.1595699280037337E-009
  0.580645144      0.225806445       2.8429350129843873E-008
  0.612903237      0.225806445       3.5504200045906898E-008
  0.645161271      0.225806445       7.3762681860678070E-008
  0.677419364      0.225806445       1.6880681982333138E-008
  0.709677398      0.225806445       1.2493418007498352E-009
  0.741935492      0.225806445      -2.7556924427570852E-008
  0.774193525      0.225806445       5.2544126075799017E-008
  0.806451619      0.225806445      -1.9048235674653707E-008
  0.838709652      0.225806445       8.6211574336728228E-008
  0.870967746      0.225806445      -8.6944752794847700E-008
  0.903225780      0.225806445       1.6245735833128646E-007
  0.935483873      0.225806445      -1.4613940085021594E-007
  0.967741907      0.225806445      -4.2699514412137465E-007
   1.00000000      0.225806445       4.2944738483523829E-007
   0.00000000      0.258064508      -5.7350865995405891E-007
   3.22580636E-02  0.258064508      -8.9080892672411607E-007
   6.45161271E-02  0.258064508      -2.5678574230709441E-007
   9.67741907E-02  0.258064508       1.3776221110419281E-008
  0.129032254      0.258064508      -3.2180242351958725E-008
  0.161290318      0.258064508       2.4339044235725131E-008
  0.193548381      0.258064508       5.8595573024206928E-008
  0.225806445      0.258064508      -3.6966727974339761E-008
  0.258064508      0.258064508      -1.0052395430539646E-007
  0.290322572      0.258064508       8.2158110479591830E-008
  0.322580636      0.258064508      -3.8709424980104704E-008
  0.354838699      0.258064508       6.1084734763066871E-008
  0.387096763      0.258064508      -9.8147489403216971E-008
  0.419354826      0.258064508      -4.5120810671164446E-008
  0.451612890      0.258064508       7.8529096347420336E-008
  0.483870953      0.258064508       1.0957890345763240E-007
  0.516129017      0.258064508       1.0487182433958398E-007
  0.548387110      0.258064508       1.7035914362644961E-008
  0.580645144      0.258064508      -6.2303460106387103E-009
  0.612903237      0.258064508      -1.1192824274213055E-008
  0.645161271      0.258064508      -7.6470525901093880E-008
  0.677419364      0.258064508       5.4710887467386684E-009
  0.709677398      0.258064508       3.6418299752412555E-009
  0.741935492      0.258064508       6.4834247784767972E-008
  0.774193525      0.258064508      -5.1185979218586655E-008
  0.806451619      0.258064508       1.8071987167243023E-008
  0.838709652      0.258064508      -7.2679784590948600E-008
  0.870967746      0.258064508       8.4113782908221930E-008
  0.903225780      0.258064508      -1.5001282593916785E-007
  0.935483873      0.258064508       1.5020319369992556E-007
  0.967741907      0.258064508       4.5863885285431907E-007
   1.00000000      0.258064508      -4.6541859102659341E-007
   0.00000000      0.290322572       6.0611455704213362E-007
   3.22580636E-02  0.290322572       8.9547448550587013E-007
   6.45161271E-02  0.290322572       2.4307703803275670E-007
   9.67741907E-02  0.290322572       1.4678141374085536E-008
  0.129032254      0.290322572       1.9841547185543022E-008
  0.161290318      0.290322572       9.1123577222264645E-009
  0.193548381      0.290322572      -9.6125757764352343E-008
  0.225806445      0.290322572       3.3988516611429488E-008
  0.258064508      0.290322572       1.0503380455252150E-007
  0.290322572      0.290322572      -1.8930367270633891E-007
  0.322580636      0.290322572      -2.1150581179733202E-008
  0.354838699      0.290322572      -3.5243935818279465E-008
  0.387096763      0.290322572       8.1044181828011329E-008
  0.419354826      0.290322572       1.1992606423392597E-007
  0.451612890      0.290322572      -9.6265856866953591E-008
  0.483870953      0.290322572      -6.0216989674495541E-008
  0.516129017      0.290322572      -1.0621094017459296E-007
  0.548387110      0.290322572       1.0202475977146812E-008
  0.580645144      0.290322572       4.0084639294365732E-008
  0.612903237      0.290322572       2.2276355933406734E-008
  0.645161271      0.290322572       1.4754972926424804E-007
  0.677419364      0.290322572      -2.1993651973858720E-009
  0.709677398      0.290322572       3.0066567921311164E-008
  0.741935492      0.290322572      -6.4700747965192667E-008
  0.774193525      0.290322572       6.1270857138240360E-008
  0.806451619      0.290322572      -7.5285307784804746E-009
  0.838709652      0.290322572       8.1507229035697304E-008
  0.870967746      0.290322572      -8.9059522737513048E-008
  0.903225780      0.290322572       1.4782021042337733E-007
  0.935483873      0.290322572      -1.5222723527943298E-007
  0.967741907      0.290322572      -4.8398612013252009E-007
   1.00000000      0.290322572       4.9318265118726221E-007
   0.00000000      0.322580636      -5.9741185007013601E-007
   3.22580636E-02  0.322580636      -8.5048730279373800E-007
   6.45161271E-02  0.322580636      -1.9186857384178470E-007
   9.67741907E-02  0.322580636      -5.7353488853931634E-009
  0.129032254      0.322580636       1.9416743958013443E-009
  0.161290318      0.322580636      -1.8893388940512877E-008
  0.193548381      0.322580636       9.6206450026260826E-008
  0.225806445      0.322580636      -6.8566060999893422E-008
  0.258064508      0.322580636      -1.0807447750287629E-007
  0.290322572      0.322580636       2.8113979721133814E-008
  0.322580636      0.322580636       1.2841314960551795E-007
  0.354838699      0.322580636       6.3505091629815899E-008
  0.387096763      0.322580636      -6.9426185865002035E-008
  0.419354826      0.322580636      -7.8720462307005478E-008
  0.451612890      0.322580636       1.5276388859413844E-007
  0.483870953      0.322580636       1.2312006993573050E-007
  0.516129017      0.322580636       1.6692672589155615E-007
  0.548387110      0.322580636       1.3542710179307231E-008
  0.580645144      0.322580636       2.3511884177843357E-008
  0.612903237      0.322580636      -2.1351321411217291E-008
  0.645161271      0.322580636      -9.3460992751794829E-008
  0.677419364      0.322580636      -2.7433794152948838E-008
  0.709677398      0.322580636       6.1048971844110201E-008
  0.741935492      0.322580636       3.5140057244669812E-008
  0.774193525      0.322580636       9.0942233559512554E-010
  0.806451619      0.322580636      -1.3971907700474360E-008
  0.838709652      0.322580636      -5.1168041902766857E-008
  0.870967746      0.322580636       8.6457725680135998E-008
  0.903225780      0.322580636      -1.3266424999726724E-007
  0.935483873      0.322580636       1.4845064009947134E-007
  0.967741907      0.322580636       4.9395633601874670E-007
   1.00000000      0.322580636      -5.1231967745987501E-007
   0.00000000      0.354838699       6.4040954053865464E-007
   3.22580636E-02  0.354838699       8.3871043484346001E-007
   6.45161271E-02  0.354838699       1.9187397799006951E-007
   9.67741907E-02  0.354838699       2.5221749304507132E-008
  0.129032254      0.354838699       1.3641150546702192E-008
  0.161290318      0.354838699       3.4802583793670315E-008
  0.193548381      0.354838699      -1.4441775134727847E-007
  0.225806445      0.354838699      -2.2582769498723514E-008
  0.258064508      0.354838699       6.8873550872225316E-008
  0.290322572      0.354838699       6.4198849102935438E-007
  0.322580636      0.354838699       1.5710428650227490E-006
  0.354838699      0.354838699       7.8369856685842585E-007
  0.387096763      0.354838699       1.4351040042598082E-007
  0.419354826      0.354838699       1.1866890432838489E-007
  0.451612890      0.354838699      -6.5295787832016561E-008
  0.483870953      0.354838699      -1.5765155486579037E-007
  0.516129017      0.354838699      -8.4945510401825781E-008
  0.548387110      0.354838699      -2.8240575250725155E-008
  0.580645144      0.354838699       4.8069054612514772E-008
  0.612903237      0.354838699       2.2009174608225217E-008
  0.645161271      0.354838699       1.7255686481773086E-007
  0.677419364      0.354838699       3.5827481528148109E-008
  0.709677398      0.354838699      -2.3284307122331910E-008
  0.741935492      0.354838699      -4.4209189112772742E-008
  0.774193525      0.354838699       3.4775636139938290E-008
  0.806451619      0.354838699       1.4852701984203018E-008
  0.838709652      0.354838699       6.3206887811703618E-008
  0.870967746      0.354838699      -9.2051978391131395E-008
  0.903225780      0.354838699       1.1288274565198906E-007
  0.935483873      0.354838699      -1.4810688399445426E-007
  0.967741907      0.354838699      -5.1238175422704755E-007
   1.00000000      0.354838699       5.1721998548143232E-007
   0.00000000      0.387096763      -6.3421872471631856E-007
   3.22580636E-02  0.387096763      -7.8189755881387268E-007
   6.45161271E-02  0.387096763      -1.3651599939481918E-007
   9.67741907E-02  0.387096763      -1.7950541006109039E-008
  0.129032254      0.387096763       3.3465508077464762E-008
  0.161290318      0.387096763      -3.6318844785529361E-008
  0.193548381      0.387096763       1.2050386307150820E-007
  0.225806445      0.387096763       1.8243438085001321E-007
  0.258064508      0.387096763       1.3492684366820438E-006
  0.290322572      0.387096763       1.0011792820654791E-006
  0.322580636      0.387096763       5.9139967718310762E-007
  0.354838699      0.387096763       1.8344138295173222E-006
  0.387096763      0.387096763       6.5315372179775151E-007
  0.419354826      0.387096763       1.3294844255257078E-007
  0.451612890      0.387096763       1.6617519809091508E-007
  0.483870953      0.387096763       2.9662098510064720E-007
  0.516129017      0.387096763       1.6493438165735391E-007
  0.548387110      0.387096763       6.7654231062037602E-008
  0.580645144      0.387096763       3.5845555511100960E-008
  0.612903237      0.387096763      -4.2530377207159075E-008
  0.645161271      0.387096763      -1.0195763091915055E-007
  0.677419364      0.387096763      -1.4341296724123678E-011
  0.709677398      0.387096763       8.5235592291760550E-008
  0.741935492      0.387096763       8.9051766144716380E-008
  0.774193525      0.387096763      -1.7304139915619923E-008
  0.806451619      0.387096763      -1.2818509883234063E-008
  0.838709652      0.387096763      -6.3393734869051443E-008
  0.870967746      0.387096763       1.1200875836199798E-007
  0.903225780      0.387096763      -1.1813655260945877E-007
  0.935483873      0.387096763       1.4282894044060294E-007
  0.967741907      0.387096763       5.0212923386091972E-007
   1.00000000      0.387096763      -5.4005294674493817E-007
   0.00000000      0.419354826       6.9112095859646656E-007
   3.22580636E-02  0.419354826       7.6382187272146511E-007
   6.45161271E-02  0.419354826       1.6396928178708566E-007
   9.67741907E-02  0.419354826       1.6649134168211779E-008
  0.129032254      0.419354826       1.9566553376855214E-008
  0.161290318      0.419354826       5.7400562574575646E-008
  0.193548381      0.419354826      -1.0701923929908018E-007
  0.225806445      0.419354826       5.7853377526832899E-007
  0.258064508      0.419354826       1.3283586403784102E-006
  0.290322572      0.419354826       1.7396293104409256E-006
  0.322580636      0.419354826       1.3320509928660045E-007
  0.354838699      0.419354826      -5.7018744871370631E-007
  0.387096763      0.419354826       2.8905459938306619E-006
  0.419354826      0.419354826       1.1680123495910722E-006
  0.451612890      0.419354826      -3.0441952293722616E-007
  0.483870953      0.419354826      -1.9305327996325855E-007
  0.516129017      0.419354826      -2.0018849817717385E-007
  0.548387110      0.419354826      -1.2090817189769957E-009
  0.580645144      0.419354826      -4.9585678216111491E-008
  0.612903237      0.419354826       1.7019132976234815E-007
  0.645161271      0.419354826       1.1632720891818936E-007
  0.677419364      0.419354826       2.4179097293884425E-007
  0.709677398      0.419354826      -1.6836810133609289E-007
  0.741935492      0.419354826      -8.3098006185574995E-008
  0.774193525      0.419354826       1.6045111001756721E-008
  0.806451619      0.419354826       6.7229858984496391E-008
  0.838709652      0.419354826       5.6778834848699122E-008
  0.870967746      0.419354826      -1.0677926957297764E-007
  0.903225780      0.419354826       8.1227265613007430E-008
  0.935483873      0.419354826      -1.4695115782800815E-007
  0.967741907      0.419354826      -5.1542230042642632E-007
   1.00000000      0.419354826       5.2232585988268378E-007
   0.00000000      0.451612890      -6.7854440173702017E-007
   3.22580636E-02  0.451612890      -7.1344090346907494E-007
   6.45161271E-02  0.451612890      -1.1856813527151565E-007
   9.67741907E-02  0.451612890       3.7614748350918585E-008
  0.129032254      0.451612890      -8.6873890723965994E-009
  0.161290318      0.451612890       3.4462673911366391E-008
  0.193548381      0.451612890       2.5253128367214964E-008
  0.225806445      0.451612890       7.0153673010149765E-007
  0.258064508      0.451612890       1.1135050052728050E-006
  0.290322572      0.451612890       1.6318741433303875E-007
  0.322580636      0.451612890       1.2946499410100738E-006
  0.354838699      0.451612890       9.9020485568160593E-007
  0.387096763      0.451612890      -2.9101738687719322E-006
  0.419354826      0.451612890       1.2349430217013303E-006
  0.451612890      0.451612890       8.3791228096525675E-007
  0.483870953      0.451612890       6.1763974764193874E-007
  0.516129017      0.451612890       1.4849608564612921E-008
  0.548387110      0.451612890       3.0143252391030023E-007
  0.580645144      0.451612890      -5.4717346907148607E-008
  0.612903237      0.451612890      -1.4484281182351293E-007
  0.645161271      0.451612890       1.8951358141396861E-006
  0.677419364      0.451612890       3.2781003263103598E-006
  0.709677398      0.451612890       1.6435546417226802E-006
  0.741935492      0.451612890       8.1643072119411749E-007
  0.774193525      0.451612890       6.5473176841155541E-009
  0.806451619      0.451612890       1.3241365387054012E-007
  0.838709652      0.451612890      -1.7937130413561502E-007
  0.870967746      0.451612890       1.8920519067221083E-007
  0.903225780      0.451612890      -1.5741855144225822E-007
  0.935483873      0.451612890       1.7283829308535303E-007
  0.967741907      0.451612890       4.4173717017731686E-007
   1.00000000      0.451612890      -5.1733063976290296E-007
   0.00000000      0.483870953       7.2200049570536068E-007
   3.22580636E-02  0.483870953       7.4466733101798454E-007
   6.45161271E-02  0.483870953       1.1686451955718888E-007
   9.67741907E-02  0.483870953       3.0175937721156891E-008
  0.129032254      0.483870953       2.6329525567586943E-009
  0.161290318      0.483870953       7.4850833736286807E-008
  0.193548381      0.483870953      -2.0037914731774143E-008
  0.225806445      0.483870953       5.5634985500668434E-007
  0.258064508      0.483870953       5.7551951116403903E-007
  0.290322572      0.483870953       7.8520109615296745E-007
  0.322580636      0.483870953       1.2259782777872782E-007
  0.354838699      0.483870953       9.6005486273198521E-007
  0.387096763      0.483870953       9.7203054541601379E-006
  0.419354826      0.483870953       2.0467550155144391E-005
  0.451612890      0.483870953       1.8261512555862780E-005
  0.483870953      0.483870953       2.0829978373811215E-006
  0.516129017      0.483870953      -2.8118663194420896E-007
  0.548387110      0.483870953      -2.4515685071704474E-007
  0.580645144      0.483870953       3.3328837268610856E-007
  0.612903237      0.483870953       7.2635028286955653E-006
  0.645161271      0.483870953       1.9522890079608983E-005
  0.677419364      0.483870953       2.7294090487693706E-005
  0.709677398      0.483870953       1.9395632666329522E-005
  0.741935492      0.483870953       9.6651968628739399E-006
  0.774193525      0.483870953       4.3630895565718832E-006
  0.806451619      0.483870953       1.8521005824485885E-006
  0.838709652      0.483870953       7.9216411443256847E-007
  0.870967746      0.483870953      -2.0466292509753752E-007
  0.903225780      0.483870953       4.5915844140484791E-008
  0.935483873      0.483870953      -2.0099455013711347E-007
  0.967741907      0.483870953      -4.6390906917015228E-007
   1.00000000      0.483870953       4.3913132963910372E-007
   0.00000000      0.516129017      -6.9391038525130718E-007
   3.22580636E-02  0.516129017      -7.0563261406296378E-007
   6.45161271E-02  0.516129017      -6.4235022291851217E-008
   9.67741907E-02  0.516129017       1.8971452166231053E-008
  0.129032254      0.516129017       4.6356392625557635E-008
  0.161290318      0.516129017      -4.4713565401759357E-008
  0.193548381      0.516129017       3.0325813298610801E-007
  0.225806445      0.516129017       6.3735893271856772E-007
  0.258064508      0.516129017       5.9875840222495212E-007
  0.290322572      0.516129017       1.6504456423598366E-006
  0.322580636      0.516129017       7.1569116464759818E-006
  0.354838699      0.516129017       2.6563946962622625E-005
  0.387096763      0.516129017       7.3349928795909248E-005
  0.419354826      0.516129017       1.4698454793602689E-004
  0.451612890      0.516129017       1.4537935455990997E-004
  0.483870953      0.516129017       5.0083951966074635E-005
  0.516129017      0.516129017       2.6324181236978545E-006
  0.548387110      0.516129017       8.2952134887012565E-006
  0.580645144      0.516129017       2.1669164252087150E-005
  0.612903237      0.516129017       5.0630567290727653E-005
  0.645161271      0.516129017       1.2315913052416623E-004
  0.677419364      0.516129017       1.7898610577600708E-004
  0.709677398      0.516129017       1.5180441649700012E-004
  0.741935492      0.516129017       8.7474217663980830E-005
  0.774193525      0.516129017       3.9533770125583594E-005
  0.806451619      0.516129017       1.4409023741185384E-005
  0.838709652      0.516129017       4.8785004096502732E-006
  0.870967746      0.516129017       1.9032453108337518E-006
  0.903225780      0.516129017       1.0386919934613348E-007
  0.935483873      0.516129017       2.3580950033987399E-007
  0.967741907      0.516129017       3.7705506683587309E-007
   1.00000000      0.516129017      -3.6245970000723308E-007
   0.00000000      0.548387110       7.2077375121767933E-007
   3.22580636E-02  0.548387110       7.5172418990136271E-007
   6.45161271E-02  0.548387110       6.7034623300592644E-008
   9.67741907E-02  0.548387110       5.0816059228183865E-008
  0.129032254      0.548387110      -8.2332903574882733E-009
  0.161290318      0.548387110       1.0718657582380540E-007
  0.193548381      0.548387110       4.5373484692268382E-008
  0.225806445      0.548387110       9.6151311581477228E-007
  0.258064508      0.548387110       7.1263339142350722E-007
  0.290322572      0.548387110       7.9434904280938401E-006
  0.322580636      0.548387110       4.2705130771283164E-005
  0.354838699      0.548387110       1.6543979172899261E-004
  0.387096763      0.548387110       4.6804639450153697E-004
  0.419354826      0.548387110       8.2422688631277866E-004
  0.451612890      0.548387110       8.3372539187779736E-004
  0.483870953      0.548387110       4.2033146145823553E-004
  0.516129017      0.548387110       1.0860390073466190E-004
  0.548387110      0.548387110       5.8168591239138732E-005
  0.580645144      0.548387110       1.0392266321704980E-004
  0.612903237      0.548387110       2.8734282491317835E-004
  0.645161271      0.548387110       6.5054705430253731E-004
  0.677419364      0.548387110       9.5042116847712528E-004
  0.709677398      0.548387110       8.7491755517778603E-004
  0.741935492      0.548387110       5.3590376628107972E-004
  0.774193525      0.548387110       2.3566826038331909E-004
  0.806451619      0.548387110       8.3401849715556784E-005
  0.838709652      0.548387110       2.7262723406766751E-005
  0.870967746      0.548387110       6.9351992636818400E-006
  0.903225780      0.548387110       1.8576389541950541E-007
  0.935483873      0.548387110       5.5863048159190284E-008
  0.967741907      0.548387110       2.0729702377271339E-008
   1.00000000      0.548387110       1.1862218809605128E-006
   0.00000000      0.580645144      -6.7960718438401936E-007
   3.22580636E-02  0.580645144      -7.0172704633441449E-007
   6.45161271E-02  0.580645144      -4.6634258488042751E-008
   9.67741907E-02  0.580645144       2.3788251720186218E-008
  0.129032254      0.580645144       5.4401001605389418E-008
  0.161290318      0.580645144      -5.5666874835856550E-008
  0.193548381      0.580645144       2.9568435368389570E-007
  0.225806445      0.580645144       2.9825184431837012E-007
  0.258064508      0.580645144       3.2551625746864378E-006
  0.290322572      0.580645144       3.6464544308691647E-005
  0.322580636      0.580645144       1.9719006687607645E-004
  0.354838699      0.580645144       7.8058580972471857E-004
  0.387096763      0.580645144       2.0607423169810755E-003
  0.419354826      0.580645144       3.4897983109134665E-003
  0.451612890      0.580645144       3.5847053607017203E-003
  0.483870953      0.580645144       2.1457623615153479E-003
  0.516129017      0.580645144       7.0546808097423275E-004
  0.548387110      0.580645144       1.6146256196859820E-004
  0.580645144      0.580645144       3.6124552078988241E-004
  0.612903237      0.580645144       1.1721720009794589E-003
  0.645161271      0.580645144       2.6284398707082063E-003
  0.677419364      0.580645144       3.8297799644898163E-003
  0.709677398      0.580645144       3.6140436253414990E-003
  0.741935492      0.580645144       2.2676675326607719E-003
  0.774193525      0.580645144       9.9652351999979477E-004
  0.806451619      0.580645144       3.3118638018133912E-004
  0.838709652      0.580645144       8.3257489846646230E-005
  0.870967746      0.580645144       1.5001884708531057E-005
  0.903225780      0.580645144       2.2924263036522739E-006
  0.935483873      0.580645144       3.1439134948820551E-007
  0.967741907      0.580645144       1.8278975257620657E-006
   1.00000000      0.580645144       2.6529853396523518E-007
   0.00000000      0.612903237       6.8386809019026181E-007
   3.22580636E-02  0.612903237       7.5057448916801011E-007
   6.45161271E-02  0.612903237       9.8505612820749122E-008
   9.67741907E-02  0.612903237      -2.2826992542737243E-009
  0.129032254      0.612903237       6.0864396086260421E-008
  0.161290318      0.612903237       1.9873209322912990E-008
  0.193548381      0.612903237       5.2238902765311595E-007
  0.225806445      0.612903237      -3.5657967483419603E-008
  0.258064508      0.612903237       1.5691080435695233E-005
  0.290322572      0.612903237       1.2249608339508694E-004
  0.322580636      0.612903237       6.6892351472269045E-004
  0.354838699      0.612903237       2.5168616306637031E-003
  0.387096763      0.612903237       6.4354785564963339E-003
  0.419354826      0.612903237       1.0747597039406321E-002
  0.451612890      0.612903237       1.0953274714273075E-002
  0.483870953      0.612903237       6.8468789616353909E-003
  0.516129017      0.612903237       2.5780163797452455E-003
  0.548387110      0.612903237       4.8784074503211528E-004
  0.580645144      0.612903237       7.3234221403829694E-004
  0.612903237      0.612903237       3.4508335478587253E-003
  0.645161271      0.612903237       7.8295648559149889E-003
  0.677419364      0.612903237       1.1062390216559763E-002
  0.709677398      0.612903237       1.0574879882399904E-002
  0.741935492      0.612903237       6.7541922375712830E-003
  0.774193525      0.612903237       2.9514907365462604E-003
  0.806451619      0.612903237       9.0162180246543201E-004
  0.838709652      0.612903237       1.8960661072578322E-004
  0.870967746      0.612903237       2.9426015556890505E-005
  0.903225780      0.612903237       3.2393371932562357E-006
  0.935483873      0.612903237      -6.2192376220974890E-007
  0.967741907      0.612903237      -6.6322055528650551E-008
   1.00000000      0.612903237       2.2419933327417606E-006
   0.00000000      0.645161271      -6.3933650603288281E-007
   3.22580636E-02  0.645161271      -7.0080389129383092E-007
   6.45161271E-02  0.645161271      -1.2130919555224080E-007
   9.67741907E-02  0.645161271       1.1108730893700848E-007
  0.129032254      0.645161271      -9.3907200534402317E-008
  0.161290318      0.645161271       2.2820015403223555E-007
  0.193548381      0.645161271      -5.7556619493383881E-007
  0.225806445      0.645161271       3.1166131585106601E-006
  0.258064508      0.645161271       3.7683909243099145E-005
  0.290322572      0.645161271       2.8583949951512856E-004
  0.322580636      0.645161271       1.5045281292936107E-003
  0.354838699      0.645161271       5.5444738243685997E-003
  0.387096763      0.645161271       1.3970280815566992E-002
  0.419354826      0.645161271       2.2577797850217050E-002
  0.451612890      0.645161271       2.2557003723162508E-002
  0.483870953      0.645161271       1.4591959285758186E-002
  0.516129017      0.645161271       6.3293735720554561E-003
  0.548387110      0.645161271       1.1109063257431359E-003
  0.580645144      0.645161271       8.0261555724870130E-004
  0.612903237      0.645161271       7.2166041585907262E-003
  0.645161271      0.645161271       1.5997754891550253E-002
  0.677419364      0.645161271       2.2129180022182053E-002
  0.709677398      0.645161271       2.1443619884662535E-002
  0.741935492      0.645161271       1.4014673065864094E-002
  0.774193525      0.645161271       6.0799620476541276E-003
  0.806451619      0.645161271       1.7611276446182962E-003
  0.838709652      0.645161271       3.5564501283349113E-004
  0.870967746      0.645161271       5.2043902842997246E-005
  0.903225780      0.645161271       5.5523114964988858E-006
  0.935483873      0.645161271       1.9398913860048069E-007
  0.967741907      0.645161271       2.1574347903041569E-006
   1.00000000      0.645161271      -3.8533671158630532E-007
   0.00000000      0.677419364       6.2980533415430268E-007
   3.22580636E-02  0.677419364       7.5296548732796987E-007
   6.45161271E-02  0.677419364       1.6615179109021369E-007
   9.67741907E-02  0.677419364      -6.2171696972664693E-008
  0.129032254      0.677419364       1.0609700244641007E-007
  0.161290318      0.677419364      -6.3041488228318974E-008
  0.193548381      0.677419364       3.7195930901112841E-007
  0.225806445      0.677419364       4.8334438841245999E-006
  0.258064508      0.677419364       5.7058730189545840E-005
  0.290322572      0.677419364       4.1936716314831118E-004
  0.322580636      0.677419364       2.1895844234324034E-003
  0.354838699      0.677419364       8.1027164084144197E-003
  0.387096763      0.677419364       1.9856569896382015E-002
  0.419354826      0.677419364       3.0825882145477247E-002
  0.451612890      0.677419364       3.1237819801235474E-002
  0.483870953      0.677419364       2.0863853924623223E-002
  0.516129017      0.677419364       9.8329925477306686E-003
  0.548387110      0.677419364       1.4140424081086863E-003
  0.580645144      0.677419364       6.3427300687284407E-004
  0.612903237      0.677419364       9.9239013453955912E-003
  0.645161271      0.677419364       2.1477296839183785E-002
  0.677419364      0.677419364       3.0163387827300468E-002
  0.709677398      0.677419364       2.9626613673904335E-002
  0.741935492      0.677419364       1.9732684619967189E-002
  0.774193525      0.677419364       8.5003784242928503E-003
  0.806451619      0.677419364       2.4345569821146063E-003
  0.838709652      0.677419364       5.0322963603544968E-004
  0.870967746      0.677419364       7.9436677223563323E-005
  0.903225780      0.677419364       1.1059866725792399E-005
  0.935483873      0.677419364       8.5939699476899607E-008
  0.967741907      0.677419364      -8.0229034071162333E-007
   1.00000000      0.677419364       2.6882666699621988E-006
   0.00000000      0.709677398      -5.4339042796956406E-007
   3.22580636E-02  0.709677398      -7.7971000939150627E-007
   6.45161271E-02  0.709677398      -9.5381609290893122E-008
   9.67741907E-02  0.709677398       1.3708970820169844E-008
  0.129032254      0.709677398       5.0716740122821551E-008
  0.161290318      0.709677398      -1.5903902866426094E-008
  0.193548381      0.709677398       9.0337088644844117E-008
  0.225806445      0.709677398       4.7648730517273773E-006
  0.258064508      0.709677398       5.1626460753162542E-005
  0.290322572      0.709677398       3.8344843131912283E-004
  0.322580636      0.709677398       2.0556470090707627E-003
  0.354838699      0.709677398       7.5049442152121636E-003
  0.387096763      0.709677398       1.8007123243395342E-002
  0.419354826      0.709677398       2.8136131971934385E-002
  0.451612890      0.709677398       2.9441732017803160E-002
  0.483870953      0.709677398       1.9336552045859795E-002
  0.516129017      0.709677398       9.2924098791134589E-003
  0.548387110      0.709677398       8.5243229462724911E-004
  0.580645144      0.709677398       7.0411084200682774E-004
  0.612903237      0.709677398       8.6091534322179121E-003
  0.645161271      0.709677398       1.9282069934916705E-002
  0.677419364      0.709677398       2.8385498835423181E-002
  0.709677398      0.709677398       2.8019273237589282E-002
  0.741935492      0.709677398       1.8325584577750301E-002
  0.774193525      0.709677398       7.7705271156913933E-003
  0.806451619      0.709677398       2.2492415139815131E-003
  0.838709652      0.709677398       4.8362991648415318E-004
  0.870967746      0.709677398       8.2702936083837569E-005
  0.903225780      0.709677398       1.1281967772575862E-005
  0.935483873      0.709677398       1.4399066053652733E-006
  0.967741907      0.709677398       1.4949604121121265E-006
   1.00000000      0.709677398      -8.8631331197031581E-008
   0.00000000      0.741935492       5.0737638179087030E-007
   3.22580636E-02  0.741935492       8.2919613752893301E-007
   6.45161271E-02  0.741935492       1.0849696754165575E-007
   9.67741907E-02  0.741935492       4.6417192542038578E-008
  0.129032254      0.741935492      -5.6828990744209013E-008
  0.161290318      0.741935492       1.0297912306444578E-007
  0.193548381      0.741935492      -5.0591008549796217E-008
  0.225806445      0.741935492       2.4698685061895526E-006
  0.258064508      0.741935492       2.9059327536219034E-005
  0.290322572      0.741935492       2.3760473265381840E-004
  0.322580636      0.741935492       1.2546692012148403E-003
  0.354838699      0.741935492       4.4636401740516460E-003
  0.387096763      0.741935492       1.0910065369888632E-002
  0.419354826      0.741935492       1.7801334325545877E-002
  0.451612890      0.741935492       1.8661518903913994E-002
  0.483870953      0.741935492       1.1456609811144478E-002
  0.516129017      0.741935492       5.2344822135168816E-003
  0.548387110      0.741935492       1.5458177371737873E-004
  0.580645144      0.741935492       6.8170595288777759E-004
  0.612903237      0.741935492       4.9342607076311032E-003
  0.645161271      0.741935492       1.1993840581116752E-002
  0.677419364      0.741935492       1.8442989658761712E-002
  0.709677398      0.741935492       1.7960324130907483E-002
  0.741935492      0.741935492       1.1161657588337280E-002
  0.774193525      0.741935492       4.5741283286971973E-003
  0.806451619      0.741935492       1.3085361265777356E-003
  0.838709652      0.741935492       2.8045077537570826E-004
  0.870967746      0.741935492       4.9318444990387140E-005
  0.903225780      0.741935492       8.7067410749911739E-006
  0.935483873      0.741935492       6.3417596853200166E-007
  0.967741907      0.741935492      -1.2455868708200577E-006
   1.00000000      0.741935492       1.3961095174991317E-006
   0.00000000      0.774193525      -4.5081217207238817E-007
   3.22580636E-02  0.774193525      -7.5155142265359084E-007
   6.45161271E-02  0.774193525      -1.7018824926999278E-007
   9.67741907E-02  0.774193525       7.4300855528791368E-008
  0.129032254      0.774193525      -4.8454505534982585E-008
  0.161290318      0.774193525       7.6960115304265897E-008
  0.193548381      0.774193525      -8.2630130829314449E-008
  0.225806445      0.774193525       7.8381745096473675E-007
  0.258064508      0.774193525       1.3195521804251410E-005
  0.290322572      0.774193525       1.0453781590292948E-004
  0.322580636      0.774193525       5.1061643101272462E-004
  0.354838699      0.774193525       1.8469936147402586E-003
  0.387096763      0.774193525       4.6407282815591712E-003
  0.419354826      0.774193525       7.7424804478624020E-003
  0.451612890      0.774193525       7.7032262662225784E-003
  0.483870953      0.774193525       4.4649445167628723E-003
  0.516129017      0.774193525       1.8434306602243499E-003
  0.548387110      0.774193525      -3.0977420360488827E-005
  0.580645144      0.774193525       4.0393243249071920E-004
  0.612903237      0.774193525       2.0060122983501729E-003
  0.645161271      0.774193525       5.1565815323120559E-003
  0.677419364      0.774193525       8.0820696727040738E-003
  0.709677398      0.774193525       7.7504932304622506E-003
  0.741935492      0.774193525       4.6199403505647087E-003
  0.774193525      0.774193525       1.7764465870730125E-003
  0.806451619      0.774193525       4.7033715515095082E-004
  0.838709652      0.774193525       9.3996029041344741E-005
  0.870967746      0.774193525       1.7022842913809915E-005
  0.903225780      0.774193525       1.5986176748265407E-006
  0.935483873      0.774193525       1.2267024301448911E-007
  0.967741907      0.774193525       1.3558325493832543E-006
   1.00000000      0.774193525      -6.6223569842261025E-007
   0.00000000      0.806451619       4.0653654313982284E-007
   3.22580636E-02  0.806451619       7.6712534329590213E-007
   6.45161271E-02  0.806451619       1.5554339991673129E-007
   9.67741907E-02  0.806451619       1.2008723877910997E-008
  0.129032254      0.806451619      -1.0493936189806702E-008
  0.161290318      0.806451619       3.4807347840678351E-008
  0.193548381      0.806451619       2.5611381196092868E-008
  0.225806445      0.806451619       5.0326985207696366E-007
  0.258064508      0.806451619       5.4445720578282874E-006
  0.290322572      0.806451619       3.0366200510681477E-005
  0.322580636      0.806451619       1.5016900977734483E-004
  0.354838699      0.806451619       5.7144528032105745E-004
  0.387096763      0.806451619       1.4040935383107674E-003
  0.419354826      0.806451619       2.2770814201230160E-003
  0.451612890      0.806451619       2.1064230370067649E-003
  0.483870953      0.806451619       1.2542235251717885E-003
  0.516129017      0.806451619       4.2522847907696846E-004
  0.548387110      0.806451619      -2.3155761541847477E-005
  0.580645144      0.806451619       1.5782701392886141E-004
  0.612903237      0.806451619       6.0239025310655661E-004
  0.645161271      0.806451619       1.5233390248486098E-003
  0.677419364      0.806451619       2.4301993124908341E-003
  0.709677398      0.806451619       2.3590234260161933E-003
  0.741935492      0.806451619       1.3647837922434740E-003
  0.774193525      0.806451619       4.7767260432338013E-004
  0.806451619      0.806451619       1.0957956850008716E-004
  0.838709652      0.806451619       2.0300423036562021E-005
  0.870967746      0.806451619       1.5168932384720822E-006
  0.903225780      0.806451619       3.3932722604359144E-007
  0.935483873      0.806451619      -2.2028929412436580E-007
  0.967741907      0.806451619      -1.1851311166810965E-006
   1.00000000      0.806451619       1.4282318476227902E-006
   0.00000000      0.838709652      -3.3661266949572253E-007
   3.22580636E-02  0.838709652      -7.0441454016058887E-007
   6.45161271E-02  0.838709652      -1.4426865125211905E-007
   9.67741907E-02  0.838709652       5.5491266537308819E-009
  0.129032254      0.838709652       2.1673448253419985E-008
  0.161290318      0.838709652      -2.0240984125155074E-008
  0.193548381      0.838709652       6.4060170445561375E-009
  0.225806445      0.838709652      -2.8425367200336516E-008
  0.258064508      0.838709652       1.5169273789616302E-006
  0.290322572      0.838709652       6.6424429803163920E-006
  0.322580636      0.838709652       3.7160954672253011E-005
  0.354838699      0.838709652       1.3144411988647760E-004
  0.387096763      0.838709652       2.9537255576220288E-004
  0.419354826      0.838709652       4.6696661376144561E-004
  0.451612890      0.838709652       4.2118647537028691E-004
  0.483870953      0.838709652       2.6037635876815563E-004
  0.516129017      0.838709652       6.1381442561451462E-005
  0.548387110      0.838709652      -5.8875831616620253E-006
  0.580645144      0.838709652       4.1757328249283129E-005
  0.612903237      0.838709652       1.3823798116011511E-004
  0.645161271      0.838709652       3.1661867807024352E-004
  0.677419364      0.838709652       5.2852137469470593E-004
  0.709677398      0.838709652       5.3357462539605708E-004
  0.741935492      0.838709652       3.0172776748225408E-004
  0.774193525      0.838709652       9.3957280771590217E-005
  0.806451619      0.838709652       1.9084655199846667E-005
  0.838709652      0.838709652       1.2586178321030073E-006
  0.870967746      0.838709652       8.4134900425235376E-007
  0.903225780      0.838709652      -2.5526455540483180E-007
  0.935483873      0.838709652       1.6016108332056588E-007
  0.967741907      0.838709652       1.1950765695807843E-006
   1.00000000      0.838709652      -3.7114350385830534E-007
   0.00000000      0.870967746       2.9921925066706887E-007
   3.22580636E-02  0.870967746       6.4339729594902565E-007
   6.45161271E-02  0.870967746       1.5806957363222735E-007
   9.67741907E-02  0.870967746       9.8545292666998179E-009
  0.129032254      0.870967746      -2.3720240929152017E-009
  0.161290318      0.870967746       2.9522561341837611E-008
  0.193548381      0.870967746       1.1857170628325609E-009
  0.225806445      0.870967746       4.1619738207739556E-008
  0.258064508      0.870967746       5.6415711383898874E-008
  0.290322572      0.870967746       1.5601873743098220E-006
  0.322580636      0.870967746       7.9749559946843739E-006
  0.354838699      0.870967746       2.0920538776829804E-005
  0.387096763      0.870967746       4.5569061576117737E-005
  0.419354826      0.870967746       7.2483106076511511E-005
  0.451612890      0.870967746       6.3789148796528235E-005
  0.483870953      0.870967746       3.8763801340976920E-005
  0.516129017      0.870967746       4.6547214109665197E-006
  0.548387110      0.870967746       1.3655790704854070E-006
  0.580645144      0.870967746       8.6692534460889766E-006
  0.612903237      0.870967746       2.2185444324608155E-005
  0.645161271      0.870967746       5.1502803372422653E-005
  0.677419364      0.870967746       8.4331520444227119E-005
  0.709677398      0.870967746       9.3355039774506283E-005
  0.741935492      0.870967746       5.3287056520992700E-005
  0.774193525      0.870967746       1.5318259074082640E-005
  0.806451619      0.870967746       1.8205718464615228E-006
  0.838709652      0.870967746       6.1813244827190290E-007
  0.870967746      0.870967746       3.7063315017909746E-007
  0.903225780      0.870967746       5.8254137479018452E-007
  0.935483873      0.870967746      -1.0735170687943071E-007
  0.967741907      0.870967746      -5.6396181243245922E-007
   1.00000000      0.870967746       4.7265505825701946E-007
   0.00000000      0.903225780      -2.3461837862827786E-007
   3.22580636E-02  0.903225780      -5.1223626185847888E-007
   6.45161271E-02  0.903225780      -1.5272865161225216E-007
   9.67741907E-02  0.903225780       3.9793693188008502E-008
  0.129032254      0.903225780      -3.9933782337403725E-008
  0.161290318      0.903225780       5.9389448064781180E-008
  0.193548381      0.903225780      -7.5464653387815921E-008
  0.225806445      0.903225780       8.4746306599832570E-008
  0.258064508      0.903225780      -1.3342415759571846E-007
  0.290322572      0.903225780       1.3018762811842029E-007
  0.322580636      0.903225780       6.4705359002621949E-007
  0.354838699      0.903225780       2.4249508744704006E-006
  0.387096763      0.903225780       5.6563957942748566E-006
  0.419354826      0.903225780       9.0800858317150310E-006
  0.451612890      0.903225780       7.7852736051598627E-006
  0.483870953      0.903225780       5.3595876528658887E-006
  0.516129017      0.903225780      -3.1808962700751586E-008
  0.548387110      0.903225780       2.6085190406605182E-007
  0.580645144      0.903225780       8.2298124903028498E-007
  0.612903237      0.903225780       3.7495256973429350E-006
  0.645161271      0.903225780       6.0197125049820074E-006
  0.677419364      0.903225780       1.1998337994894569E-005
  0.709677398      0.903225780       1.3602618869565074E-005
  0.741935492      0.903225780       8.2921330319864832E-006
  0.774193525      0.903225780       2.2661887952247870E-006
  0.806451619      0.903225780       3.3159768475060242E-007
  0.838709652      0.903225780      -5.7930922906655020E-008
  0.870967746      0.903225780       7.9252216555782247E-008
  0.903225780      0.903225780      -5.7768062671688827E-008
  0.935483873      0.903225780       7.9664208397104609E-007
  0.967741907      0.903225780       7.8242730874913222E-007
   1.00000000      0.903225780      -3.2685487549631535E-007
   0.00000000      0.935483873       1.9746755754073388E-007
   3.22580636E-02  0.935483873       3.7084274946977408E-007
   6.45161271E-02  0.935483873       1.6396296326677930E-007
   9.67741907E-02  0.935483873      -5.1543507549045459E-008
  0.129032254      0.935483873       7.9196599946873004E-008
  0.161290318      0.935483873      -7.6970404976036492E-008
  0.193548381      0.935483873       1.0821867869982296E-007
  0.225806445      0.935483873      -1.0444464238680934E-007
  0.258064508      0.935483873       1.4822516167423377E-007
  0.290322572      0.935483873       4.5897690499885393E-008
  0.322580636      0.935483873       3.5654923173961426E-007
  0.354838699      0.935483873      -2.4750470308423729E-007
  0.387096763      0.935483873      -2.5724541126884337E-007
  0.419354826      0.935483873       3.9639391370619029E-007
  0.451612890      0.935483873       1.2764365706528377E-007
  0.483870953      0.935483873       9.6152706191250874E-008
  0.516129017      0.935483873      -1.7416422773796853E-007
  0.548387110      0.935483873       2.0401821547421942E-007
  0.580645144      0.935483873      -7.1340408872256225E-008
  0.612903237      0.935483873      -4.3820246876604320E-007
  0.645161271      0.935483873       1.8404569378282931E-007
  0.677419364      0.935483873       6.2152937174133851E-007
  0.709677398      0.935483873       1.3640018545124862E-006
  0.741935492      0.935483873       1.1372770335387539E-006
  0.774193525      0.935483873       7.1911453446540083E-009
  0.806451619      0.935483873      -2.3890465782889793E-007
  0.838709652      0.935483873       1.7891780017350486E-007
  0.870967746      0.935483873       2.5953496054848156E-007
  0.903225780      0.935483873       6.6605525388314245E-007
  0.935483873      0.935483873       2.8075408349415185E-008
  0.967741907      0.935483873      -5.3334205213327440E-007
   1.00000000      0.935483873       3.2197891074228016E-007
   0.00000000      0.967741907      -1.3489258338358248E-007
   3.22580636E-02  0.967741907      -1.6606772085749414E-007
   6.45161271E-02  0.967741907      -2.0614952593510492E-007
   9.67741907E-02  0.967741907       2.0210911920489426E-007
  0.129032254      0.967741907      -2.4336409663419184E-007
  0.161290318      0.967741907       3.1148186039123663E-007
  0.193548381      0.967741907      -3.4652423738240141E-007
  0.225806445      0.967741907       4.2063548724963096E-007
  0.258064508      0.967741907      -4.6953431368191909E-007
  0.290322572      0.967741907       9.4533015041017642E-007
  0.322580636      0.967741907      -2.4009848878547161E-007
  0.354838699      0.967741907       1.5036276904573232E-006
  0.387096763      0.967741907      -2.7221665198361422E-007
  0.419354826      0.967741907       1.1508163813999169E-006
  0.451612890      0.967741907      -6.8944405409897014E-007
  0.483870953      0.967741907       1.2268236116268898E-006
  0.516129017      0.967741907      -1.0088705655780213E-006
  0.548387110      0.967741907       9.6316907394649377E-007
  0.580645144      0.967741907      -1.0255776885964077E-006
  0.612903237      0.967741907       1.7308617246484599E-006
  0.645161271      0.967741907      -3.6246885330703172E-007
  0.677419364      0.967741907       1.3994768680132349E-006
  0.709677398      0.967741907      -6.2347970375261281E-007
  0.741935492      0.967741907       6.7186009073051609E-007
  0.774193525      0.967741907      -5.0444346126620402E-007
  0.806451619      0.967741907       7.9442355209515627E-007
  0.838709652      0.967741907      -2.6507269066603862E-007
  0.870967746      0.967741907       9.0489855978599636E-007
  0.903225780      0.967741907      -4.2810723108751359E-007
  0.935483873      0.967741907       4.0973194810547273E-007
  0.967741907      0.967741907       1.3832527824514917E-007
   1.00000000      0.967741907      -5.7211493799058090E-008
   0.00000000       1.00000000       2.7772895220600522E-008
   3.22580636E-02   1.00000000       1.4493070842588135E-007
   6.45161271E-02   1.00000000      -3.3432590286227621E-008
   9.67741907E-02   1.00000000       7.7021832153235605E-008
  0.129032254       1.00000000      -5.3974205227496883E-008
  0.161290318       1.00000000       4.8793786164710233E-008
  0.193548381       1.00000000      -1.2910434793240812E-008
  0.225806445       1.00000000       2.2647608540514498E-009
  0.258064508       1.00000000       8.8754125937945952E-008
  0.290322572       1.00000000      -4.3191022240908578E-008
  0.322580636       1.00000000       3.5891263033141169E-007
  0.354838699       1.00000000      -2.2607541437565491E-007
  0.387096763       1.00000000       8.0918354881047093E-007
  0.419354826       1.00000000      -6.2240348438235925E-007
  0.451612890       1.00000000       1.0166170039187369E-006
  0.483870953       1.00000000      -7.1870227806423866E-007
  0.516129017       1.00000000       8.0892998901072592E-007
  0.548387110       1.00000000      -7.9692576137108133E-007
  0.580645144       1.00000000       8.0240500874813316E-007
  0.612903237       1.00000000      -8.6591089882067019E-007
  0.645161271       1.00000000       1.1843577964750070E-006
  0.677419364       1.00000000      -4.2710091741596575E-007
  0.709677398       1.00000000       1.8337956101480699E-006
  0.741935492       1.00000000      -7.2224376971619780E-007
  0.774193525       1.00000000       1.5326507551414157E-006
  0.806451619       1.00000000      -6.6724833885740524E-007
  0.838709652       1.00000000       8.2098064661288037E-007
  0.870967746       1.00000000      -7.2443786922151007E-007
  0.903225780       1.00000000       6.6009465247785609E-007
  0.935483873       1.00000000      -4.2850855404833399E-007
  0.967741907       1.00000000       1.9956054697298880E-007
   1.00000000       1.00000000      -2.5164172761168215E-009
