 # X Y F 
   0.00000000       0.00000000       1.2831056872435785E-005
   3.22580636E-02   0.00000000       1.2834649384100556E-005
   6.45161271E-02   0.00000000       1.2916758431992925E-005
   9.67741907E-02   0.00000000       1.3115754565556504E-005
  0.129032254       0.00000000       1.3834130148815184E-005
  0.161290318       0.00000000       1.6126583602451753E-005
  0.193548381       0.00000000       2.0730261704026268E-005
  0.225806445       0.00000000       2.9759550826449073E-005
  0.258064508       0.00000000       4.4598790042721486E-005
  0.290322572       0.00000000       6.1613858625460751E-005
  0.322580636       0.00000000       7.7151665725354760E-005
  0.354838699       0.00000000       8.9214570285855990E-005
  0.387096763       0.00000000       9.5943352647763909E-005
  0.419354826       0.00000000       9.8280009873384744E-005
  0.451612890       0.00000000       9.6873442848779016E-005
  0.483870953       0.00000000       9.2991593649477630E-005
  0.516129017       0.00000000       8.7198917171670318E-005
  0.548387110       0.00000000       8.0322521339226409E-005
  0.580645144       0.00000000       7.2737124573010861E-005
  0.612903237       0.00000000       6.4751833289504853E-005
  0.645161271       0.00000000       5.6726398090804589E-005
  0.677419364       0.00000000       4.8727366123255529E-005
  0.709677398       0.00000000       4.1032023223510947E-005
  0.741935492       0.00000000       3.3728470596063914E-005
  0.774193525       0.00000000       2.6975929588702555E-005
  0.806451619       0.00000000       2.0922746027015063E-005
  0.838709652       0.00000000       1.5679916654874771E-005
  0.870967746       0.00000000       1.1345635631346012E-005
  0.903225780       0.00000000       7.9707383587136712E-006
  0.935483873       0.00000000       5.5345773834851577E-006
  0.967741907       0.00000000       3.9867889397295523E-006
   1.00000000       0.00000000       3.2394384165074963E-006
   0.00000000       3.22580636E-02   1.2834649384100834E-005
   3.22580636E-02   3.22580636E-02   1.2894089955956560E-005
   6.45161271E-02   3.22580636E-02   1.2957065213448987E-005
   9.67741907E-02   3.22580636E-02   1.3403651831706649E-005
  0.129032254       3.22580636E-02   1.4764135856069465E-005
  0.161290318       3.22580636E-02   1.7277017796965284E-005
  0.193548381       3.22580636E-02   2.4658206316570582E-005
  0.225806445       3.22580636E-02   3.7535040874311476E-005
  0.258064508       3.22580636E-02   5.3652039142588361E-005
  0.290322572       3.22580636E-02   7.2097268142415143E-005
  0.322580636       3.22580636E-02   8.7542418998477674E-005
  0.354838699       3.22580636E-02   9.6622755166550438E-005
  0.387096763       3.22580636E-02   1.0175788263103793E-004
  0.419354826       3.22580636E-02   1.0288436226725458E-004
  0.451612890       3.22580636E-02   1.0058884594194469E-004
  0.483870953       3.22580636E-02   9.6219021738262959E-005
  0.516129017       3.22580636E-02   9.0065427501730006E-005
  0.548387110       3.22580636E-02   8.3084376990220487E-005
  0.580645144       3.22580636E-02   7.5331964115182371E-005
  0.612903237       3.22580636E-02   6.7352428816777417E-005
  0.645161271       3.22580636E-02   5.9241358489721094E-005
  0.677419364       3.22580636E-02   5.1242583208716707E-005
  0.709677398       3.22580636E-02   4.3483399303364032E-005
  0.741935492       3.22580636E-02   3.6123155812430395E-005
  0.774193525       3.22580636E-02   2.9267243104514512E-005
  0.806451619       3.22580636E-02   2.3065418909438832E-005
  0.838709652       3.22580636E-02   1.7622642505134730E-005
  0.870967746       3.22580636E-02   1.3038162460660689E-005
  0.903225780       3.22580636E-02   9.3817665995824454E-006
  0.935483873       3.22580636E-02   6.6669201338245465E-006
  0.967741907       3.22580636E-02   4.8886986568222306E-006
   1.00000000       3.22580636E-02   4.0097704725131382E-006
   0.00000000       6.45161271E-02   1.2916758431993345E-005
   3.22580636E-02   6.45161271E-02   1.2957065213450123E-005
   6.45161271E-02   6.45161271E-02   1.3267354803845419E-005
   9.67741907E-02   6.45161271E-02   1.4179902864662910E-005
  0.129032254       6.45161271E-02   1.6376159858584046E-005
  0.161290318       6.45161271E-02   2.3036198103607721E-005
  0.193548381       6.45161271E-02   3.3166521000994443E-005
  0.225806445       6.45161271E-02   5.4931226752295956E-005
  0.258064508       6.45161271E-02   8.1663009527782528E-005
  0.290322572       6.45161271E-02   9.8054624334641284E-005
  0.322580636       6.45161271E-02   1.0609983142906168E-004
  0.354838699       6.45161271E-02   1.1225021688949141E-004
  0.387096763       6.45161271E-02   1.1353018447244565E-004
  0.419354826       6.45161271E-02   1.1185364053565134E-004
  0.451612890       6.45161271E-02   1.0797390820577803E-004
  0.483870953       6.45161271E-02   1.0248528093340347E-004
  0.516129017       6.45161271E-02   9.5898535862188141E-005
  0.548387110       6.45161271E-02   8.8365564407423357E-005
  0.580645144       6.45161271E-02   8.0566202263790895E-005
  0.612903237       6.45161271E-02   7.2325473220920182E-005
  0.645161271       6.45161271E-02   6.4184683084778568E-005
  0.677419364       6.45161271E-02   5.6047584096696866E-005
  0.709677398       6.45161271E-02   4.8196446949826071E-005
  0.741935492       6.45161271E-02   4.0666620324979792E-005
  0.774193525       6.45161271E-02   3.3618267540287168E-005
  0.806451619       6.45161271E-02   2.7123686530789152E-005
  0.838709652       6.45161271E-02   2.1324878992804088E-005
  0.870967746       6.45161271E-02   1.6299823520937462E-005
  0.903225780       6.45161271E-02   1.2157392346364706E-005
  0.935483873       6.45161271E-02   8.9593475571908691E-006
  0.967741907       6.45161271E-02   6.7733438306255948E-006
   1.00000000       6.45161271E-02   5.6557559582686939E-006
   0.00000000       9.67741907E-02   1.3115754565556413E-005
   3.22580636E-02   9.67741907E-02   1.3403651831706649E-005
   6.45161271E-02   9.67741907E-02   1.4179902864663730E-005
   9.67741907E-02   9.67741907E-02   1.5638827002835264E-005
  0.129032254       9.67741907E-02   2.0335835971719811E-005
  0.161290318       9.67741907E-02   3.1779234240521167E-005
  0.193548381       9.67741907E-02   7.9757633696795195E-005
  0.225806445       9.67741907E-02   1.1582176059063716E-004
  0.258064508       9.67741907E-02   1.2996077147992650E-004
  0.290322572       9.67741907E-02   1.3570572427707326E-004
  0.322580636       9.67741907E-02   1.3883315696483467E-004
  0.354838699       9.67741907E-02   1.3608165943099158E-004
  0.387096763       9.67741907E-02   1.3037410178535249E-004
  0.419354826       9.67741907E-02   1.2501007944235089E-004
  0.451612890       9.67741907E-02   1.1870546789186148E-004
  0.483870953       9.67741907E-02   1.1179224850092108E-004
  0.516129017       9.67741907E-02   1.0420749584995483E-004
  0.548387110       9.67741907E-02   9.6320498950336694E-005
  0.580645144       9.67741907E-02   8.7977905996571766E-005
  0.612903237       9.67741907E-02   7.9672648977225589E-005
  0.645161271       9.67741907E-02   7.1223634819892785E-005
  0.677419364       9.67741907E-02   6.2966054803602269E-005
  0.709677398       9.67741907E-02   5.4886745800002379E-005
  0.741935492       9.67741907E-02   4.7105056151334949E-005
  0.774193525       9.67741907E-02   3.9765799476578888E-005
  0.806451619       9.67741907E-02   3.2870153546799057E-005
  0.838709652       9.67741907E-02   2.6615866718989586E-005
  0.870967746       9.67741907E-02   2.1032975595381571E-005
  0.903225780       9.67741907E-02   1.6289774340161930E-005
  0.935483873       9.67741907E-02   1.2491484449811968E-005
  0.967741907       9.67741907E-02   9.7918845664420397E-006
   1.00000000       9.67741907E-02   8.3674125860065478E-006
   0.00000000      0.129032254       1.3834130148812454E-005
   3.22580636E-02  0.129032254       1.4764135856070693E-005
   6.45161271E-02  0.129032254       1.6376159858583660E-005
   9.67741907E-02  0.129032254       2.0335835971719994E-005
  0.129032254      0.129032254       3.1423401935074288E-005
  0.161290318      0.129032254       7.5066165144589548E-005
  0.193548381      0.129032254       1.4084863679197915E-004
  0.225806445      0.129032254       1.9118384626520262E-004
  0.258064508      0.129032254       1.9601567679656252E-004
  0.290322572      0.129032254       2.0148716270249658E-004
  0.322580636      0.129032254       1.8426172628991944E-004
  0.354838699      0.129032254       1.6509210460408311E-004
  0.387096763      0.129032254       1.5162653815680252E-004
  0.419354826      0.129032254       1.4179017862063931E-004
  0.451612890      0.129032254       1.3210938674812925E-004
  0.483870953      0.129032254       1.2389662133330210E-004
  0.516129017      0.129032254       1.1504361792086488E-004
  0.548387110      0.129032254       1.0649531903259769E-004
  0.580645144      0.129032254       9.7759381591921632E-005
  0.612903237      0.129032254       8.9026929205433597E-005
  0.645161271      0.129032254       8.0384384150232330E-005
  0.677419364      0.129032254       7.1768434327524244E-005
  0.709677398      0.129032254       6.3451684168903469E-005
  0.741935492      0.129032254       5.5276917567149740E-005
  0.774193525      0.129032254       4.7573969100650354E-005
  0.806451619      0.129032254       4.0196528071897217E-005
  0.838709652      0.129032254       3.3421028971532371E-005
  0.870967746      0.129032254       2.7233817710683394E-005
  0.903225780      0.129032254       2.1842052658531251E-005
  0.935483873      0.129032254       1.7393196534816000E-005
  0.967741907      0.129032254       1.4137283128993627E-005
   1.00000000      0.129032254       1.2377269617388196E-005
   0.00000000      0.161290318       1.6126583602450638E-005
   3.22580636E-02  0.161290318       1.7277017796964790E-005
   6.45161271E-02  0.161290318       2.3036198103608934E-005
   9.67741907E-02  0.161290318       3.1779234240522082E-005
  0.129032254      0.161290318       7.5066165144590334E-005
  0.161290318      0.161290318       1.4665230982367818E-004
  0.193548381      0.161290318       2.2537907661502500E-004
  0.225806445      0.161290318       4.3963809217694366E-004
  0.258064508      0.161290318       3.9665798819553161E-004
  0.290322572      0.161290318       2.9642046214640603E-004
  0.322580636      0.161290318       2.2971861779179010E-004
  0.354838699      0.161290318       1.9849087995859037E-004
  0.387096763      0.161290318       1.7463323497359873E-004
  0.419354826      0.161290318       1.6061548697193388E-004
  0.451612890      0.161290318       1.4837561477293689E-004
  0.483870953      0.161290318       1.3779540068795820E-004
  0.516129017      0.161290318       1.2825936561144821E-004
  0.548387110      0.161290318       1.1868931048816743E-004
  0.580645144      0.161290318       1.0963013124014926E-004
  0.612903237      0.161290318       1.0041988664400316E-004
  0.645161271      0.161290318       9.1483289623978803E-005
  0.677419364      0.161290318       8.2503620025962287E-005
  0.709677398      0.161290318       7.3812885305351439E-005
  0.741935492      0.161290318       6.5227456248026004E-005
  0.774193525      0.161290318       5.7037236173301161E-005
  0.806451619      0.161290318       4.9149648102328701E-005
  0.838709652      0.161290318       4.1784151601597593E-005
  0.870967746      0.161290318       3.4974663115860251E-005
  0.903225780      0.161290318       2.8922888405102639E-005
  0.935483873      0.161290318       2.3830494879541416E-005
  0.967741907      0.161290318       2.0028541826261191E-005
   1.00000000      0.161290318       1.7941873122057893E-005
   0.00000000      0.193548381       2.0730261704027877E-005
   3.22580636E-02  0.193548381       2.4658206316571612E-005
   6.45161271E-02  0.193548381       3.3166521000994328E-005
   9.67741907E-02  0.193548381       7.9757633696793216E-005
  0.129032254      0.193548381       1.4084863679198327E-004
  0.161290318      0.193548381       2.2537907661502598E-004
  0.193548381      0.193548381       8.5766956637054973E-003
  0.225806445      0.193548381       3.1132651409638175E-003
  0.258064508      0.193548381       7.6849223164531931E-004
  0.290322572      0.193548381       3.5451435097221754E-004
  0.322580636      0.193548381       2.7835545983821925E-004
  0.354838699      0.193548381       2.2473365317107031E-004
  0.387096763      0.193548381       2.0040404585245364E-004
  0.419354826      0.193548381       1.7923301370740516E-004
  0.451612890      0.193548381       1.6646143193096554E-004
  0.483870953      0.193548381       1.5333609653500965E-004
  0.516129017      0.193548381       1.4340050109275005E-004
  0.548387110      0.193548381       1.3286740762536063E-004
  0.580645144      0.193548381       1.2356510598223521E-004
  0.612903237      0.193548381       1.1383552802374712E-004
  0.645161271      0.193548381       1.0464894128958014E-004
  0.677419364      0.193548381       9.5218998813951695E-005
  0.709677398      0.193548381       8.6147055707721802E-005
  0.741935492      0.193548381       7.7044029543708750E-005
  0.774193525      0.193548381       6.8333112216999891E-005
  0.806451619      0.193548381       5.9836037361470669E-005
  0.838709652      0.193548381       5.1855160815266625E-005
  0.870967746      0.193548381       4.4396249797646143E-005
  0.903225780      0.193548381       3.7698099960120649E-005
  0.935483873      0.193548381       3.1989976084253938E-005
  0.967741907      0.193548381       2.7682192628399302E-005
   1.00000000      0.193548381       2.5302879121320076E-005
   0.00000000      0.225806445       2.9759550826448782E-005
   3.22580636E-02  0.225806445       3.7535040874312289E-005
   6.45161271E-02  0.225806445       5.4931226752296688E-005
   9.67741907E-02  0.225806445       1.1582176059063857E-004
  0.129032254      0.225806445       1.9118384626520552E-004
  0.161290318      0.225806445       4.3963809217695548E-004
  0.193548381      0.225806445       3.1132651409637459E-003
  0.225806445      0.225806445       1.0193004849572507E-003
  0.258064508      0.225806445       7.3957311249441807E-004
  0.290322572      0.225806445       4.2985717191153423E-004
  0.322580636      0.225806445       2.9713371545487231E-004
  0.354838699      0.225806445       2.5114658634319264E-004
  0.387096763      0.225806445       2.2108770072772077E-004
  0.419354826      0.225806445       1.9804259136075965E-004
  0.451612890      0.225806445       1.8494737966607872E-004
  0.483870953      0.225806445       1.6989892847797420E-004
  0.516129017      0.225806445       1.6004357230230498E-004
  0.548387110      0.225806445       1.4883849231120383E-004
  0.580645144      0.225806445       1.3940298411459727E-004
  0.612903237      0.225806445       1.2938366522672102E-004
  0.645161271      0.225806445       1.1991717609181531E-004
  0.677419364      0.225806445       1.1014179771825219E-004
  0.709677398      0.225806445       1.0062627694008761E-004
  0.741935492      0.225806445       9.1017444584230757E-005
  0.774193525      0.225806445       8.1707718065495799E-005
  0.806451619      0.225806445       7.2563557095312023E-005
  0.838709652      0.225806445       6.3894558220340580E-005
  0.870967746      0.225806445       5.5732761576208748E-005
  0.903225780      0.225806445       4.8376386849638293E-005
  0.935483873      0.225806445       4.2089083025755321E-005
  0.967741907      0.225806445       3.7335411710101857E-005
   1.00000000      0.225806445       3.4712646085316136E-005
   0.00000000      0.258064508       4.4598790042719995E-005
   3.22580636E-02  0.258064508       5.3652039142587616E-005
   6.45161271E-02  0.258064508       8.1663009527783856E-005
   9.67741907E-02  0.258064508       1.2996077147992894E-004
  0.129032254      0.258064508       1.9601567679656596E-004
  0.161290318      0.258064508       3.9665798819552798E-004
  0.193548381      0.258064508       7.6849223164532029E-004
  0.225806445      0.258064508       7.3957311249442056E-004
  0.258064508      0.258064508       5.4982913105217849E-004
  0.290322572      0.258064508       4.0753129904559968E-004
  0.322580636      0.258064508       3.1625664869283155E-004
  0.354838699      0.258064508       2.6311194936340241E-004
  0.387096763      0.258064508       2.3871293652607381E-004
  0.419354826      0.258064508       2.1594251819859227E-004
  0.451612890      0.258064508       2.0153358141171361E-004
  0.483870953      0.258064508       1.8821359967804879E-004
  0.516129017      0.258064508       1.7721752586581166E-004
  0.548387110      0.258064508       1.6690999940475361E-004
  0.580645144      0.258064508       1.5707454238786939E-004
  0.612903237      0.258064508       1.4727403864191549E-004
  0.645161271      0.258064508       1.3756374140954449E-004
  0.677419364      0.258064508       1.2757636458584227E-004
  0.709677398      0.258064508       1.1763647442654073E-004
  0.741935492      0.258064508       1.0751086082369724E-004
  0.774193525      0.258064508       9.7536427553972325E-005
  0.806451619      0.258064508       8.7680493509572428E-005
  0.838709652      0.258064508       7.8237668231187279E-005
  0.870967746      0.258064508       6.9348783845858976E-005
  0.903225780      0.258064508       6.1286991576178435E-005
  0.935483873      0.258064508       5.4417492223852048E-005
  0.967741907      0.258064508       4.9237758778633996E-005
   1.00000000      0.258064508       4.6401558315462559E-005
   0.00000000      0.290322572       6.1613858625460561E-005
   3.22580636E-02  0.290322572       7.2097268142416092E-005
   6.45161271E-02  0.290322572       9.8054624334642179E-005
   9.67741907E-02  0.290322572       1.3570572427707626E-004
  0.129032254      0.290322572       2.0148716270249785E-004
  0.161290318      0.290322572       2.9642046214640804E-004
  0.193548381      0.290322572       3.5451435097221803E-004
  0.225806445      0.290322572       4.2985717191153293E-004
  0.258064508      0.290322572       4.0753129904559941E-004
  0.290322572      0.290322572       3.5536512980620112E-004
  0.322580636      0.290322572       3.0855237831530678E-004
  0.354838699      0.290322572       2.7278220812913486E-004
  0.387096763      0.290322572       2.4797163172301167E-004
  0.419354826      0.290322572       2.3171715083624591E-004
  0.451612890      0.290322572       2.1739585491555138E-004
  0.483870953      0.290322572       2.0606071639658766E-004
  0.516129017      0.290322572       1.9575661977258628E-004
  0.548387110      0.290322572       1.8625370827660622E-004
  0.580645144      0.290322572       1.7699035074190370E-004
  0.612903237      0.290322572       1.6753424787020282E-004
  0.645161271      0.290322572       1.5797176637070469E-004
  0.677419364      0.290322572       1.4791452656718484E-004
  0.709677398      0.290322572       1.3766723448277880E-004
  0.741935492      0.290322572       1.2705059854378818E-004
  0.774193525      0.290322572       1.1640339142115350E-004
  0.806451619      0.290322572       1.0576586226597848E-004
  0.838709652      0.290322572       9.5450192006935785E-005
  0.870967746      0.290322572       8.5677716106252015E-005
  0.903225780      0.290322572       7.6841146320830837E-005
  0.935483873      0.290322572       6.9344389386342891E-005
  0.967741907      0.290322572       6.3756883500578447E-005
   1.00000000      0.290322572       6.0718279829178780E-005
   0.00000000      0.322580636       7.7151665725353527E-005
   3.22580636E-02  0.322580636       8.7542418998476455E-005
   6.45161271E-02  0.322580636       1.0609983142906030E-004
   9.67741907E-02  0.322580636       1.3883315696483522E-004
  0.129032254      0.322580636       1.8426172628992034E-004
  0.161290318      0.322580636       2.2971861779179172E-004
  0.193548381      0.322580636       2.7835545983821908E-004
  0.225806445      0.322580636       2.9713371545487285E-004
  0.258064508      0.322580636       3.1625664869283242E-004
  0.290322572      0.322580636       3.0855237831530836E-004
  0.322580636      0.322580636       2.9048808951590244E-004
  0.354838699      0.322580636       2.7141584412700761E-004
  0.387096763      0.322580636       2.5598310699169837E-004
  0.419354826      0.322580636       2.4272296072125107E-004
  0.451612890      0.322580636       2.3281905780953003E-004
  0.483870953      0.322580636       2.2330280237113948E-004
  0.516129017      0.322580636       2.1541833767970203E-004
  0.548387110      0.322580636       2.0712993909297899E-004
  0.580645144      0.322580636       1.9929012376256064E-004
  0.612903237      0.322580636       1.9060470996968892E-004
  0.645161271      0.322580636       1.8168217674410946E-004
  0.677419364      0.322580636       1.7181710771281826E-004
  0.709677398      0.322580636       1.6145197872699391E-004
  0.741935492      0.322580636       1.5042664689651097E-004
  0.774193525      0.322580636       1.3901926654412812E-004
  0.806451619      0.322580636       1.2749989014246621E-004
  0.838709652      0.322580636       1.1614711062974641E-004
  0.870967746      0.322580636       1.0542097541740799E-004
  0.903225780      0.322580636       9.5643430949008499E-005
  0.935483873      0.322580636       8.7413062172601484E-005
  0.967741907      0.322580636       8.1312265100305393E-005
   1.00000000      0.322580636       7.8035257346409151E-005
   0.00000000      0.354838699       8.9214570285856302E-005
   3.22580636E-02  0.354838699       9.6622755166549001E-005
   6.45161271E-02  0.354838699       1.1225021688949247E-004
   9.67741907E-02  0.354838699       1.3608165943099172E-004
  0.129032254      0.354838699       1.6509210460408279E-004
  0.161290318      0.354838699       1.9849087995858986E-004
  0.193548381      0.354838699       2.2473365317106947E-004
  0.225806445      0.354838699       2.5114658634319405E-004
  0.258064508      0.354838699       2.6311194936340230E-004
  0.290322572      0.354838699       2.7278220812913264E-004
  0.322580636      0.354838699       2.7141584412700907E-004
  0.354838699      0.354838699       2.6596051776861269E-004
  0.387096763      0.354838699       2.5867064332783866E-004
  0.419354826      0.354838699       2.5213507215897537E-004
  0.451612890      0.354838699       2.4618741897491702E-004
  0.483870953      0.354838699       2.4087659676875356E-004
  0.516129017      0.354838699       2.3537771279922331E-004
  0.548387110      0.354838699       2.3013604665403939E-004
  0.580645144      0.354838699       2.2392561340093915E-004
  0.612903237      0.354838699       2.1721779919388641E-004
  0.645161271      0.354838699       2.0925754741376242E-004
  0.677419364      0.354838699       2.0020379374137369E-004
  0.709677398      0.354838699       1.9000206935506259E-004
  0.741935492      0.354838699       1.7865200633338435E-004
  0.774193525      0.354838699       1.6658956144228418E-004
  0.806451619      0.354838699       1.5399667708124350E-004
  0.838709652      0.354838699       1.4143328661508494E-004
  0.870967746      0.354838699       1.2932618472386213E-004
  0.903225780      0.354838699       1.1839997331958487E-004
  0.935483873      0.354838699       1.0921700929440847E-004
  0.967741907      0.354838699       1.0252238953757606E-004
   1.00000000      0.354838699       9.8946167386873592E-005
   0.00000000      0.387096763       9.5943352647765264E-005
   3.22580636E-02  0.387096763       1.0175788263103801E-004
   6.45161271E-02  0.387096763       1.1353018447244685E-004
   9.67741907E-02  0.387096763       1.3037410178535263E-004
  0.129032254      0.387096763       1.5162653815680195E-004
  0.161290318      0.387096763       1.7463323497359857E-004
  0.193548381      0.387096763       2.0040404585245679E-004
  0.225806445      0.387096763       2.2108770072771752E-004
  0.258064508      0.387096763       2.3871293652607311E-004
  0.290322572      0.387096763       2.4797163172301048E-004
  0.322580636      0.387096763       2.5598310699169880E-004
  0.354838699      0.387096763       2.5867064332783633E-004
  0.387096763      0.387096763       2.5979389367243675E-004
  0.419354826      0.387096763       2.5945359761518801E-004
  0.451612890      0.387096763       2.5871974654219072E-004
  0.483870953      0.387096763       2.5797758000331165E-004
  0.516129017      0.387096763       2.5670025680847971E-004
  0.548387110      0.387096763       2.5482757741823378E-004
  0.580645144      0.387096763       2.5199963291822449E-004
  0.612903237      0.387096763       2.4776219455360186E-004
  0.645161271      0.387096763       2.4202380984264491E-004
  0.677419364      0.387096763       2.3434192711257836E-004
  0.709677398      0.387096763       2.2481139386311638E-004
  0.741935492      0.387096763       2.1348764988750286E-004
  0.774193525      0.387096763       2.0062392093001295E-004
  0.806451619      0.387096763       1.8677685027749827E-004
  0.838709652      0.387096763       1.7253889258420148E-004
  0.870967746      0.387096763       1.5881307015060006E-004
  0.903225780      0.387096763       1.4619660068606647E-004
  0.935483873      0.387096763       1.3570295075069483E-004
  0.967741907      0.387096763       1.2804250882727264E-004
   1.00000000      0.387096763       1.2401219655137349E-004
   0.00000000      0.419354826       9.8280009873386005E-005
   3.22580636E-02  0.419354826       1.0288436226725438E-004
   6.45161271E-02  0.419354826       1.1185364053565006E-004
   9.67741907E-02  0.419354826       1.2501007944234956E-004
  0.129032254      0.419354826       1.4179017862064015E-004
  0.161290318      0.419354826       1.6061548697193320E-004
  0.193548381      0.419354826       1.7923301370740432E-004
  0.225806445      0.419354826       1.9804259136076157E-004
  0.258064508      0.419354826       2.1594251819859412E-004
  0.290322572      0.419354826       2.3171715083624637E-004
  0.322580636      0.419354826       2.4272296072125056E-004
  0.354838699      0.419354826       2.5213507215897547E-004
  0.387096763      0.419354826       2.5945359761518985E-004
  0.419354826      0.419354826       2.6510256778352557E-004
  0.451612890      0.419354826       2.7076994559643326E-004
  0.483870953      0.419354826       2.7492228529417802E-004
  0.516129017      0.419354826       2.7921902693912908E-004
  0.548387110      0.419354826       2.8195660134457058E-004
  0.580645144      0.419354826       2.8379366089069434E-004
  0.612903237      0.419354826       2.8360075336086502E-004
  0.645161271      0.419354826       2.8120860157990690E-004
  0.677419364      0.419354826       2.7611555582168079E-004
  0.709677398      0.419354826       2.6812135041080456E-004
  0.741935492      0.419354826       2.5714711426711373E-004
  0.774193525      0.419354826       2.4359709406040537E-004
  0.806451619      0.419354826       2.2816726829390794E-004
  0.838709652      0.419354826       2.1172996740931562E-004
  0.870967746      0.419354826       1.9534079945857490E-004
  0.903225780      0.419354826       1.8037142597593801E-004
  0.935483873      0.419354826       1.6782689946154918E-004
  0.967741907      0.419354826       1.5881230692599591E-004
   1.00000000      0.419354826       1.5407339742612664E-004
   0.00000000      0.451612890       9.6873442848779395E-005
   3.22580636E-02  0.451612890       1.0058884594194446E-004
   6.45161271E-02  0.451612890       1.0797390820577773E-004
   9.67741907E-02  0.451612890       1.1870546789186258E-004
  0.129032254      0.451612890       1.3210938674813099E-004
  0.161290318      0.451612890       1.4837561477293586E-004
  0.193548381      0.451612890       1.6646143193096475E-004
  0.225806445      0.451612890       1.8494737966607823E-004
  0.258064508      0.451612890       2.0153358141171426E-004
  0.290322572      0.451612890       2.1739585491555025E-004
  0.322580636      0.451612890       2.3281905780952975E-004
  0.354838699      0.451612890       2.4618741897491632E-004
  0.387096763      0.451612890       2.5871974654218959E-004
  0.419354826      0.451612890       2.7076994559643104E-004
  0.451612890      0.451612890       2.8158735078883214E-004
  0.483870953      0.451612890       2.9264913265530256E-004
  0.516129017      0.451612890       3.0270180583585410E-004
  0.548387110      0.451612890       3.1221502013381640E-004
  0.580645144      0.451612890       3.2018407861536150E-004
  0.612903237      0.451612890       3.2607242086992567E-004
  0.645161271      0.451612890       3.2913597902075291E-004
  0.677419364      0.451612890       3.2835552357118457E-004
  0.709677398      0.451612890       3.2324664390977209E-004
  0.741935492      0.451612890       3.1361187507168698E-004
  0.774193525      0.451612890       2.9966298382008374E-004
  0.806451619      0.451612890       2.8204614060331880E-004
  0.838709652      0.451612890       2.6218498638316308E-004
  0.870967746      0.451612890       2.4203723380528176E-004
  0.903225780      0.451612890       2.2301193053111983E-004
  0.935483873      0.451612890       2.0722462437180317E-004
  0.967741907      0.451612890       1.9578476774974671E-004
   1.00000000      0.451612890       1.8983681072657306E-004
   0.00000000      0.483870953       9.2991593649478538E-005
   3.22580636E-02  0.483870953       9.6219021738264002E-005
   6.45161271E-02  0.483870953       1.0248528093340495E-004
   9.67741907E-02  0.483870953       1.1179224850092118E-004
  0.129032254      0.483870953       1.2389662133330208E-004
  0.161290318      0.483870953       1.3779540068795511E-004
  0.193548381      0.483870953       1.5333609653501082E-004
  0.225806445      0.483870953       1.6989892847797154E-004
  0.258064508      0.483870953       1.8821359967804792E-004
  0.290322572      0.483870953       2.0606071639658687E-004
  0.322580636      0.483870953       2.2330280237113908E-004
  0.354838699      0.483870953       2.4087659676875315E-004
  0.387096763      0.483870953       2.5797758000331030E-004
  0.419354826      0.483870953       2.7492228529417780E-004
  0.451612890      0.483870953       2.9264913265530528E-004
  0.483870953      0.483870953       3.1014049032724033E-004
  0.516129017      0.483870953       3.2810560718335034E-004
  0.548387110      0.483870953       3.4566761085839731E-004
  0.580645144      0.483870953       3.6236869586425864E-004
  0.612903237      0.483870953       3.7718464777491506E-004
  0.645161271      0.483870953       3.8843798546909120E-004
  0.677419364      0.483870953       3.9514190966567146E-004
  0.709677398      0.483870953       3.9555256497998936E-004
  0.741935492      0.483870953       3.8853904664037806E-004
  0.774193525      0.483870953       3.7403235958514253E-004
  0.806451619      0.483870953       3.5349789585743281E-004
  0.838709652      0.483870953       3.2881480130397589E-004
  0.870967746      0.483870953       3.0223250067335557E-004
  0.903225780      0.483870953       2.7713676443618475E-004
  0.935483873      0.483870953       2.5570397802614252E-004
  0.967741907      0.483870953       2.4025068126534789E-004
   1.00000000      0.483870953       2.3221953984867020E-004
   0.00000000      0.516129017       8.7198917171670115E-005
   3.22580636E-02  0.516129017       9.0065427501730277E-005
   6.45161271E-02  0.516129017       9.5898535862188629E-005
   9.67741907E-02  0.516129017       1.0420749584995410E-004
  0.129032254      0.516129017       1.1504361792086625E-004
  0.161290318      0.516129017       1.2825936561144667E-004
  0.193548381      0.516129017       1.4340050109275018E-004
  0.225806445      0.516129017       1.6004357230230454E-004
  0.258064508      0.516129017       1.7721752586580958E-004
  0.290322572      0.516129017       1.9575661977258812E-004
  0.322580636      0.516129017       2.1541833767970095E-004
  0.354838699      0.516129017       2.3537771279922480E-004
  0.387096763      0.516129017       2.5670025680848063E-004
  0.419354826      0.516129017       2.7921902693913044E-004
  0.451612890      0.516129017       3.0270180583585090E-004
  0.483870953      0.516129017       3.2810560718335040E-004
  0.516129017      0.516129017       3.5482780904519108E-004
  0.548387110      0.516129017       3.8294867488940579E-004
  0.580645144      0.516129017       4.1153438575253980E-004
  0.612903237      0.516129017       4.3902393490099850E-004
  0.645161271      0.516129017       4.6394034332382015E-004
  0.677419364      0.516129017       4.8254811452145017E-004
  0.709677398      0.516129017       4.9251252271951607E-004
  0.741935492      0.516129017       4.9185150227642343E-004
  0.774193525      0.516129017       4.7948792858526994E-004
  0.806451619      0.516129017       4.5495036998258420E-004
  0.838709652      0.516129017       4.2108317820276759E-004
  0.870967746      0.516129017       3.8378081501601801E-004
  0.903225780      0.516129017       3.4676350593499229E-004
  0.935483873      0.516129017       3.1575710878208496E-004
  0.967741907      0.516129017       2.9329600655075459E-004
   1.00000000      0.516129017       2.8158007108477324E-004
   0.00000000      0.548387110       8.0322521339225839E-005
   3.22580636E-02  0.548387110       8.3084376990220378E-005
   6.45161271E-02  0.548387110       8.8365564407423981E-005
   9.67741907E-02  0.548387110       9.6320498950337548E-005
  0.129032254      0.548387110       1.0649531903259894E-004
  0.161290318      0.548387110       1.1868931048816651E-004
  0.193548381      0.548387110       1.3286740762535960E-004
  0.225806445      0.548387110       1.4883849231120308E-004
  0.258064508      0.548387110       1.6690999940475519E-004
  0.290322572      0.548387110       1.8625370827660750E-004
  0.322580636      0.548387110       2.0712993909297825E-004
  0.354838699      0.548387110       2.3013604665403817E-004
  0.387096763      0.548387110       2.5482757741823227E-004
  0.419354826      0.548387110       2.8195660134457004E-004
  0.451612890      0.548387110       3.1221502013381705E-004
  0.483870953      0.548387110       3.4566761085839259E-004
  0.516129017      0.548387110       3.8294867488940693E-004
  0.548387110      0.548387110       4.2412961844918800E-004
  0.580645144      0.548387110       4.6849285137277045E-004
  0.612903237      0.548387110       5.1511461669595006E-004
  0.645161271      0.548387110       5.6001407245341280E-004
  0.677419364      0.548387110       6.0023236439976093E-004
  0.709677398      0.548387110       6.2981465781634070E-004
  0.741935492      0.548387110       6.4124272134720624E-004
  0.774193525      0.548387110       6.2990845251376213E-004
  0.806451619      0.548387110       5.9881610749016191E-004
  0.838709652      0.548387110       5.5243376134534621E-004
  0.870967746      0.548387110       4.9598921739225346E-004
  0.903225780      0.548387110       4.4004168260710345E-004
  0.935483873      0.548387110       3.9149351665219355E-004
  0.967741907      0.548387110       3.5614750252488435E-004
   1.00000000      0.548387110       3.3792607382969686E-004
   0.00000000      0.580645144       7.2737124573011335E-005
   3.22580636E-02  0.580645144       7.5331964115182574E-005
   6.45161271E-02  0.580645144       8.0566202263791383E-005
   9.67741907E-02  0.580645144       8.7977905996570912E-005
  0.129032254      0.580645144       9.7759381591920846E-005
  0.161290318      0.580645144       1.0963013124014724E-004
  0.193548381      0.580645144       1.2356510598223670E-004
  0.225806445      0.580645144       1.3940298411459765E-004
  0.258064508      0.580645144       1.5707454238786947E-004
  0.290322572      0.580645144       1.7699035074190373E-004
  0.322580636      0.580645144       1.9929012376256158E-004
  0.354838699      0.580645144       2.2392561340093902E-004
  0.387096763      0.580645144       2.5199963291822335E-004
  0.419354826      0.580645144       2.8379366089069369E-004
  0.451612890      0.580645144       3.2018407861536199E-004
  0.483870953      0.580645144       3.6236869586425880E-004
  0.516129017      0.580645144       4.1153438575253828E-004
  0.548387110      0.580645144       4.6849285137277402E-004
  0.580645144      0.580645144       5.3439160818120207E-004
  0.612903237      0.580645144       6.0737111071094800E-004
  0.645161271      0.580645144       6.8634128733940220E-004
  0.677419364      0.580645144       7.6202437053380712E-004
  0.709677398      0.580645144       8.2311989040888668E-004
  0.741935492      0.580645144       8.5945005956330458E-004
  0.774193525      0.580645144       8.6484221516831155E-004
  0.806451619      0.580645144       8.2632008133031983E-004
  0.838709652      0.580645144       7.5085010337854938E-004
  0.870967746      0.580645144       6.5842368887843779E-004
  0.903225780      0.580645144       5.6500879735856371E-004
  0.935483873      0.580645144       4.8517718900362199E-004
  0.967741907      0.580645144       4.2861940739369954E-004
   1.00000000      0.580645144       3.9921849859110017E-004
   0.00000000      0.612903237       6.4751833289504161E-005
   3.22580636E-02  0.612903237       6.7352428816777051E-005
   6.45161271E-02  0.612903237       7.2325473220920209E-005
   9.67741907E-02  0.612903237       7.9672648977225968E-005
  0.129032254      0.612903237       8.9026929205435264E-005
  0.161290318      0.612903237       1.0041988664400376E-004
  0.193548381      0.612903237       1.1383552802374869E-004
  0.225806445      0.612903237       1.2938366522672153E-004
  0.258064508      0.612903237       1.4727403864191606E-004
  0.290322572      0.612903237       1.6753424787020304E-004
  0.322580636      0.612903237       1.9060470996968898E-004
  0.354838699      0.612903237       2.1721779919388714E-004
  0.387096763      0.612903237       2.4776219455360034E-004
  0.419354826      0.612903237       2.8360075336086534E-004
  0.451612890      0.612903237       3.2607242086992735E-004
  0.483870953      0.612903237       3.7718464777491121E-004
  0.516129017      0.612903237       4.3902393490100148E-004
  0.548387110      0.612903237       5.1511461669594865E-004
  0.580645144      0.612903237       6.0737111071094388E-004
  0.612903237      0.612903237       7.1969387766591302E-004
  0.645161271      0.612903237       8.4812447481568711E-004
  0.677419364      0.612903237       9.8870094093188006E-004
  0.709677398      0.612903237       1.1294274917195413E-003
  0.741935492      0.612903237       1.2346503223482491E-003
  0.774193525      0.612903237       1.2581523933233522E-003
  0.806451619      0.612903237       1.2011109492270739E-003
  0.838709652      0.612903237       1.0769262508897458E-003
  0.870967746      0.612903237       9.1197928255952714E-004
  0.903225780      0.612903237       7.4408730901348531E-004
  0.935483873      0.612903237       6.0561262858008203E-004
  0.967741907      0.612903237       5.0938877472929802E-004
   1.00000000      0.612903237       4.6102494136165175E-004
   0.00000000      0.645161271       5.6726398090804277E-005
   3.22580636E-02  0.645161271       5.9241358489722117E-005
   6.45161271E-02  0.645161271       6.4184683084779489E-005
   9.67741907E-02  0.645161271       7.1223634819893002E-005
  0.129032254      0.645161271       8.0384384150232764E-005
  0.161290318      0.645161271       9.1483289623978790E-005
  0.193548381      0.645161271       1.0464894128958022E-004
  0.225806445      0.645161271       1.1991717609181542E-004
  0.258064508      0.645161271       1.3756374140954419E-004
  0.290322572      0.645161271       1.5797176637070458E-004
  0.322580636      0.645161271       1.8168217674410802E-004
  0.354838699      0.645161271       2.0925754741376481E-004
  0.387096763      0.645161271       2.4202380984264426E-004
  0.419354826      0.645161271       2.8120860157990755E-004
  0.451612890      0.645161271       3.2913597902075264E-004
  0.483870953      0.645161271       3.8843798546908762E-004
  0.516129017      0.645161271       4.6394034332382134E-004
  0.548387110      0.645161271       5.6001407245340684E-004
  0.580645144      0.645161271       6.8634128733940090E-004
  0.612903237      0.645161271       8.4812447481568407E-004
  0.645161271      0.645161271       1.0610966196873245E-003
  0.677419364      0.645161271       1.3243799497997370E-003
  0.709677398      0.645161271       1.6187905612416967E-003
  0.741935492      0.645161271       1.9032004544518230E-003
  0.774193525      0.645161271       2.1086722520715258E-003
  0.806451619      0.645161271       2.0646628075077344E-003
  0.838709652      0.645161271       1.7587745296258413E-003
  0.870967746      0.645161271       1.3434076041633799E-003
  0.903225780      0.645161271       9.9833712276739149E-004
  0.935483873      0.645161271       7.4921376369166241E-004
  0.967741907      0.645161271       5.9148588285918376E-004
   1.00000000      0.645161271       5.1429343558237212E-004
   0.00000000      0.677419364       4.8727366123255509E-005
   3.22580636E-02  0.677419364       5.1242583208716314E-005
   6.45161271E-02  0.677419364       5.6047584096696581E-005
   9.67741907E-02  0.677419364       6.2966054803601957E-005
  0.129032254      0.677419364       7.1768434327524312E-005
  0.161290318      0.677419364       8.2503620025962043E-005
  0.193548381      0.677419364       9.5218998813951478E-005
  0.225806445      0.677419364       1.1014179771825158E-004
  0.258064508      0.677419364       1.2757636458584287E-004
  0.290322572      0.677419364       1.4791452656718343E-004
  0.322580636      0.677419364       1.7181710771281769E-004
  0.354838699      0.677419364       2.0020379374137130E-004
  0.387096763      0.677419364       2.3434192711257977E-004
  0.419354826      0.677419364       2.7611555582168025E-004
  0.451612890      0.677419364       3.2835552357118436E-004
  0.483870953      0.677419364       3.9514190966567287E-004
  0.516129017      0.677419364       4.8254811452145115E-004
  0.548387110      0.677419364       6.0023236439975865E-004
  0.580645144      0.677419364       7.6202437053380810E-004
  0.612903237      0.677419364       9.8870094093186835E-004
  0.645161271      0.677419364       1.3243799497997487E-003
  0.677419364      0.677419364       1.8101779148764197E-003
  0.709677398      0.677419364       2.5852777649495681E-003
  0.741935492      0.677419364       3.6158732192296261E-003
  0.774193525      0.677419364       4.4755407527475475E-003
  0.806451619      0.677419364       4.6106848011809145E-003
  0.838709652      0.677419364       3.7734160738789198E-003
  0.870967746      0.677419364       2.4866062738141030E-003
  0.903225780      0.677419364       1.4706078733314404E-003
  0.935483873      0.677419364       9.1999097399523980E-004
  0.967741907      0.677419364       6.6248372706628116E-004
   1.00000000      0.677419364       5.4457301062093980E-004
   0.00000000      0.709677398       4.1032023223510439E-005
   3.22580636E-02  0.709677398       4.3483399303363375E-005
   6.45161271E-02  0.709677398       4.8196446949826356E-005
   9.67741907E-02  0.709677398       5.4886745800003232E-005
  0.129032254      0.709677398       6.3451684168903917E-005
  0.161290318      0.709677398       7.3812885305350964E-005
  0.193548381      0.709677398       8.6147055707721666E-005
  0.225806445      0.709677398       1.0062627694008798E-004
  0.258064508      0.709677398       1.1763647442654103E-004
  0.290322572      0.709677398       1.3766723448277937E-004
  0.322580636      0.709677398       1.6145197872699407E-004
  0.354838699      0.709677398       1.9000206935506278E-004
  0.387096763      0.709677398       2.2481139386311313E-004
  0.419354826      0.709677398       2.6812135041080391E-004
  0.451612890      0.709677398       3.2324664390977111E-004
  0.483870953      0.709677398       3.9555256497998854E-004
  0.516129017      0.709677398       4.9251252271951726E-004
  0.548387110      0.709677398       6.2981465781634265E-004
  0.580645144      0.709677398       8.2311989040889102E-004
  0.612903237      0.709677398       1.1294274917195359E-003
  0.645161271      0.709677398       1.6187905612416948E-003
  0.677419364      0.709677398       2.5852777649495850E-003
  0.709677398      0.709677398       4.5572168346581223E-003
  0.741935492      0.709677398       7.5069028397288943E-003
  0.774193525      0.709677398       1.0384767068550207E-002
  0.806451619      0.709677398       1.1194958820007895E-002
  0.838709652      0.709677398       9.2051562775078716E-003
  0.870967746      0.709677398       5.6657832192675050E-003
  0.903225780      0.709677398       2.6056131699510438E-003
  0.935483873      0.709677398       1.1304417631657717E-003
  0.967741907      0.709677398       6.9189098765422047E-004
   1.00000000      0.709677398       5.3722636281824693E-004
   0.00000000      0.741935492       3.3728470596064307E-005
   3.22580636E-02  0.741935492       3.6123155812431926E-005
   6.45161271E-02  0.741935492       4.0666620324979168E-005
   9.67741907E-02  0.741935492       4.7105056151335111E-005
  0.129032254      0.741935492       5.5276917567149185E-005
  0.161290318      0.741935492       6.5227456248025326E-005
  0.193548381      0.741935492       7.7044029543708791E-005
  0.225806445      0.741935492       9.1017444584229877E-005
  0.258064508      0.741935492       1.0751086082369727E-004
  0.290322572      0.741935492       1.2705059854378918E-004
  0.322580636      0.741935492       1.5042664689651110E-004
  0.354838699      0.741935492       1.7865200633338589E-004
  0.387096763      0.741935492       2.1348764988750183E-004
  0.419354826      0.741935492       2.5714711426711465E-004
  0.451612890      0.741935492       3.1361187507168611E-004
  0.483870953      0.741935492       3.8853904664038012E-004
  0.516129017      0.741935492       4.9185150227642322E-004
  0.548387110      0.741935492       6.4124272134720656E-004
  0.580645144      0.741935492       8.5945005956330513E-004
  0.612903237      0.741935492       1.2346503223482511E-003
  0.645161271      0.741935492       1.9032004544518057E-003
  0.677419364      0.741935492       3.6158732192296569E-003
  0.709677398      0.741935492       7.5069028397289003E-003
  0.741935492      0.741935492       1.3842623364423830E-002
  0.774193525      0.741935492       2.0323680118005626E-002
  0.806451619      0.741935492       2.2346196573088530E-002
  0.838709652      0.741935492       1.8327038347548775E-002
  0.870967746      0.741935492       1.1016665267830622E-002
  0.903225780      0.741935492       4.8827997630590267E-003
  0.935483873      0.741935492       1.4759599885702667E-003
  0.967741907      0.741935492       6.5503705051767492E-004
   1.00000000      0.741935492       4.7873708767963235E-004
   0.00000000      0.774193525       2.6975929588702467E-005
   3.22580636E-02  0.774193525       2.9267243104513990E-005
   6.45161271E-02  0.774193525       3.3618267540287696E-005
   9.67741907E-02  0.774193525       3.9765799476579275E-005
  0.129032254      0.774193525       4.7573969100649995E-005
  0.161290318      0.774193525       5.7037236173300835E-005
  0.193548381      0.774193525       6.8333112216999959E-005
  0.225806445      0.774193525       8.1707718065495867E-005
  0.258064508      0.774193525       9.7536427553972623E-005
  0.290322572      0.774193525       1.1640339142115408E-004
  0.322580636      0.774193525       1.3901926654412783E-004
  0.354838699      0.774193525       1.6658956144228454E-004
  0.387096763      0.774193525       2.0062392093001178E-004
  0.419354826      0.774193525       2.4359709406040567E-004
  0.451612890      0.774193525       2.9966298382008558E-004
  0.483870953      0.774193525       3.7403235958513716E-004
  0.516129017      0.774193525       4.7948792858527260E-004
  0.548387110      0.774193525       6.2990845251375681E-004
  0.580645144      0.774193525       8.6484221516832055E-004
  0.612903237      0.774193525       1.2581523933233379E-003
  0.645161271      0.774193525       2.1086722520715652E-003
  0.677419364      0.774193525       4.4755407527475076E-003
  0.709677398      0.774193525       1.0384767068550212E-002
  0.741935492      0.774193525       2.0323680118005675E-002
  0.774193525      0.774193525       3.0184915018835322E-002
  0.806451619      0.774193525       3.2991372284418154E-002
  0.838709652      0.774193525       2.7288389944260534E-002
  0.870967746      0.774193525       1.6487640352291326E-002
  0.903225780      0.774193525       7.2849405491236183E-003
  0.935483873      0.774193525       1.9936122056551627E-003
  0.967741907      0.774193525       5.4878700255436136E-004
   1.00000000      0.774193525       3.7257540442757979E-004
   0.00000000      0.806451619       2.0922746027015158E-005
   3.22580636E-02  0.806451619       2.3065418909439062E-005
   6.45161271E-02  0.806451619       2.7123686530789582E-005
   9.67741907E-02  0.806451619       3.2870153546799280E-005
  0.129032254      0.806451619       4.0196528071897549E-005
  0.161290318      0.806451619       4.9149648102329900E-005
  0.193548381      0.806451619       5.9836037361470818E-005
  0.225806445      0.806451619       7.2563557095312010E-005
  0.258064508      0.806451619       8.7680493509572605E-005
  0.290322572      0.806451619       1.0576586226597852E-004
  0.322580636      0.806451619       1.2749989014246627E-004
  0.354838699      0.806451619       1.5399667708124407E-004
  0.387096763      0.806451619       1.8677685027749871E-004
  0.419354826      0.806451619       2.2816726829390712E-004
  0.451612890      0.806451619       2.8204614060331972E-004
  0.483870953      0.806451619       3.5349789585743216E-004
  0.516129017      0.806451619       4.5495036998258317E-004
  0.548387110      0.806451619       5.9881610749016202E-004
  0.580645144      0.806451619       8.2632008133032265E-004
  0.612903237      0.806451619       1.2011109492270616E-003
  0.645161271      0.806451619       2.0646628075077535E-003
  0.677419364      0.806451619       4.6106848011808407E-003
  0.709677398      0.806451619       1.1194958820007973E-002
  0.741935492      0.806451619       2.2346196573088433E-002
  0.774193525      0.806451619       3.2991372284417973E-002
  0.806451619      0.806451619       3.6256669833706991E-002
  0.838709652      0.806451619       2.9850562595353989E-002
  0.870967746      0.806451619       1.8204806281846047E-002
  0.903225780      0.806451619       8.1211809878595897E-003
  0.935483873      0.806451619       2.1778062035306867E-003
  0.967741907      0.806451619       3.8728538888438109E-004
   1.00000000      0.806451619       2.4540118378311933E-004
   0.00000000      0.838709652       1.5679916654875154E-005
   3.22580636E-02  0.838709652       1.7622642505134791E-005
   6.45161271E-02  0.838709652       2.1324878992803593E-005
   9.67741907E-02  0.838709652       2.6615866718989396E-005
  0.129032254      0.838709652       3.3421028971532568E-005
  0.161290318      0.838709652       4.1784151601597099E-005
  0.193548381      0.838709652       5.1855160815266218E-005
  0.225806445      0.838709652       6.3894558220340078E-005
  0.258064508      0.838709652       7.8237668231186818E-005
  0.290322572      0.838709652       9.5450192006936530E-005
  0.322580636      0.838709652       1.1614711062974542E-004
  0.354838699      0.838709652       1.4143328661508659E-004
  0.387096763      0.838709652       1.7253889258420020E-004
  0.419354826      0.838709652       2.1172996740931587E-004
  0.451612890      0.838709652       2.6218498638316460E-004
  0.483870953      0.838709652       3.2881480130397296E-004
  0.516129017      0.838709652       4.2108317820276677E-004
  0.548387110      0.838709652       5.5243376134535109E-004
  0.580645144      0.838709652       7.5085010337854277E-004
  0.612903237      0.838709652       1.0769262508897595E-003
  0.645161271      0.838709652       1.7587745296258521E-003
  0.677419364      0.838709652       3.7734160738789185E-003
  0.709677398      0.838709652       9.2051562775080191E-003
  0.741935492      0.838709652       1.8327038347548709E-002
  0.774193525      0.838709652       2.7288389944260503E-002
  0.806451619      0.838709652       2.9850562595354006E-002
  0.838709652      0.838709652       2.4746837448011743E-002
  0.870967746      0.838709652       1.4984217358733823E-002
  0.903225780      0.838709652       6.6327396537007761E-003
  0.935483873      0.838709652       1.5325716795759105E-003
  0.967741907      0.838709652       2.0210181600059413E-004
   1.00000000      0.838709652       1.2847637158758466E-004
   0.00000000      0.870967746       1.1345635631345754E-005
   3.22580636E-02  0.870967746       1.3038162460660560E-005
   6.45161271E-02  0.870967746       1.6299823520937469E-005
   9.67741907E-02  0.870967746       2.1032975595382174E-005
  0.129032254      0.870967746       2.7233817710684055E-005
  0.161290318      0.870967746       3.4974663115860386E-005
  0.193548381      0.870967746       4.4396249797646374E-005
  0.225806445      0.870967746       5.5732761576208815E-005
  0.258064508      0.870967746       6.9348783845858840E-005
  0.290322572      0.870967746       8.5677716106252150E-005
  0.322580636      0.870967746       1.0542097541740869E-004
  0.354838699      0.870967746       1.2932618472386137E-004
  0.387096763      0.870967746       1.5881307015059884E-004
  0.419354826      0.870967746       1.9534079945857631E-004
  0.451612890      0.870967746       2.4203723380528217E-004
  0.483870953      0.870967746       3.0223250067335693E-004
  0.516129017      0.870967746       3.8378081501601726E-004
  0.548387110      0.870967746       4.9598921739225541E-004
  0.580645144      0.870967746       6.5842368887843530E-004
  0.612903237      0.870967746       9.1197928255952433E-004
  0.645161271      0.870967746       1.3434076041633819E-003
  0.677419364      0.870967746       2.4866062738140662E-003
  0.709677398      0.870967746       5.6657832192675258E-003
  0.741935492      0.870967746       1.1016665267830607E-002
  0.774193525      0.870967746       1.6487640352291284E-002
  0.806451619      0.870967746       1.8204806281846130E-002
  0.838709652      0.870967746       1.4984217358733697E-002
  0.870967746      0.870967746       9.1064225790296952E-003
  0.903225780      0.870967746       3.8626066378091239E-003
  0.935483873      0.870967746       5.0758234349075257E-004
  0.967741907      0.870967746       8.0472517458313243E-005
   1.00000000      0.870967746       5.1593692371842380E-005
   0.00000000      0.903225780       7.9707383587138254E-006
   3.22580636E-02  0.903225780       9.3817665995827690E-006
   6.45161271E-02  0.903225780       1.2157392346365334E-005
   9.67741907E-02  0.903225780       1.6289774340162418E-005
  0.129032254      0.903225780       2.1842052658532125E-005
  0.161290318      0.903225780       2.8922888405102371E-005
  0.193548381      0.903225780       3.7698099960120704E-005
  0.225806445      0.903225780       4.8376386849637643E-005
  0.258064508      0.903225780       6.1286991576178624E-005
  0.290322572      0.903225780       7.6841146320830200E-005
  0.322580636      0.903225780       9.5643430949008581E-005
  0.354838699      0.903225780       1.1839997331958455E-004
  0.387096763      0.903225780       1.4619660068606618E-004
  0.419354826      0.903225780       1.8037142597593923E-004
  0.451612890      0.903225780       2.2301193053111918E-004
  0.483870953      0.903225780       2.7713676443618317E-004
  0.516129017      0.903225780       3.4676350593499305E-004
  0.548387110      0.903225780       4.4004168260710838E-004
  0.580645144      0.903225780       5.6500879735855937E-004
  0.612903237      0.903225780       7.4408730901349073E-004
  0.645161271      0.903225780       9.9833712276738845E-004
  0.677419364      0.903225780       1.4706078733314309E-003
  0.709677398      0.903225780       2.6056131699510854E-003
  0.741935492      0.903225780       4.8827997630590710E-003
  0.774193525      0.903225780       7.2849405491236009E-003
  0.806451619      0.903225780       8.1211809878595238E-003
  0.838709652      0.903225780       6.6327396537007085E-003
  0.870967746      0.903225780       3.8626066378091646E-003
  0.903225780      0.903225780       1.1964067050500102E-003
  0.935483873      0.903225780       4.7125421162801154E-005
  0.967741907      0.903225780       2.5289839150138406E-005
   1.00000000      0.903225780       2.2896005514969221E-005
   0.00000000      0.935483873       5.5345773834852958E-006
   3.22580636E-02  0.935483873       6.6669201338244652E-006
   6.45161271E-02  0.935483873       8.9593475571912706E-006
   9.67741907E-02  0.935483873       1.2491484449812007E-005
  0.129032254      0.935483873       1.7393196534816038E-005
  0.161290318      0.935483873       2.3830494879541464E-005
  0.193548381      0.935483873       3.1989976084253884E-005
  0.225806445      0.935483873       4.2089083025754975E-005
  0.258064508      0.935483873       5.4417492223853031E-005
  0.290322572      0.935483873       6.9344389386343257E-005
  0.322580636      0.935483873       8.7413062172602283E-005
  0.354838699      0.935483873       1.0921700929440798E-004
  0.387096763      0.935483873       1.3570295075069518E-004
  0.419354826      0.935483873       1.6782689946154966E-004
  0.451612890      0.935483873       2.0722462437180336E-004
  0.483870953      0.935483873       2.5570397802614274E-004
  0.516129017      0.935483873       3.1575710878208263E-004
  0.548387110      0.935483873       3.9149351665219469E-004
  0.580645144      0.935483873       4.8517718900362064E-004
  0.612903237      0.935483873       6.0561262858008886E-004
  0.645161271      0.935483873       7.4921376369166198E-004
  0.677419364      0.935483873       9.1999097399523048E-004
  0.709677398      0.935483873       1.1304417631657702E-003
  0.741935492      0.935483873       1.4759599885702521E-003
  0.774193525      0.935483873       1.9936122056552030E-003
  0.806451619      0.935483873       2.1778062035306880E-003
  0.838709652      0.935483873       1.5325716795759525E-003
  0.870967746      0.935483873       5.0758234349075387E-004
  0.903225780      0.935483873       4.7125421162805504E-005
  0.935483873      0.935483873       2.3321832433392449E-005
  0.967741907      0.935483873       1.7881295817907513E-005
   1.00000000      0.935483873       1.6776355590758112E-005
   0.00000000      0.967741907       3.9867889397294625E-006
   3.22580636E-02  0.967741907       4.8886986568217673E-006
   6.45161271E-02  0.967741907       6.7733438306254356E-006
   9.67741907E-02  0.967741907       9.7918845664422193E-006
  0.129032254      0.967741907       1.4137283128994408E-005
  0.161290318      0.967741907       2.0028541826261048E-005
  0.193548381      0.967741907       2.7682192628399150E-005
  0.225806445      0.967741907       3.7335411710101166E-005
  0.258064508      0.967741907       4.9237758778634044E-005
  0.290322572      0.967741907       6.3756883500578135E-005
  0.322580636      0.967741907       8.1312265100305135E-005
  0.354838699      0.967741907       1.0252238953757646E-004
  0.387096763      0.967741907       1.2804250882727202E-004
  0.419354826      0.967741907       1.5881230692599743E-004
  0.451612890      0.967741907       1.9578476774974681E-004
  0.483870953      0.967741907       2.4025068126534856E-004
  0.516129017      0.967741907       2.9329600655075464E-004
  0.548387110      0.967741907       3.5614750252488283E-004
  0.580645144      0.967741907       4.2861940739369905E-004
  0.612903237      0.967741907       5.0938877472929401E-004
  0.645161271      0.967741907       5.9148588285918430E-004
  0.677419364      0.967741907       6.6248372706628029E-004
  0.709677398      0.967741907       6.9189098765421917E-004
  0.741935492      0.967741907       6.5503705051767438E-004
  0.774193525      0.967741907       5.4878700255436093E-004
  0.806451619      0.967741907       3.8728538888437800E-004
  0.838709652      0.967741907       2.0210181600058977E-004
  0.870967746      0.967741907       8.0472517458308825E-005
  0.903225780      0.967741907       2.5289839150137396E-005
  0.935483873      0.967741907       1.7881295817905718E-005
  0.967741907      0.967741907       1.5791370665439760E-005
   1.00000000      0.967741907       1.6098739309211670E-005
   0.00000000       1.00000000       3.2394384165070033E-006
   3.22580636E-02   1.00000000       4.0097704725137583E-006
   6.45161271E-02   1.00000000       5.6557559582685897E-006
   9.67741907E-02   1.00000000       8.3674125860069883E-006
  0.129032254       1.00000000       1.2377269617388628E-005
  0.161290318       1.00000000       1.7941873122057700E-005
  0.193548381       1.00000000       2.5302879121319713E-005
  0.225806445       1.00000000       3.4712646085316034E-005
  0.258064508       1.00000000       4.6401558315462877E-005
  0.290322572       1.00000000       6.0718279829179011E-005
  0.322580636       1.00000000       7.8035257346408229E-005
  0.354838699       1.00000000       9.8946167386873863E-005
  0.387096763       1.00000000       1.2401219655137259E-004
  0.419354826       1.00000000       1.5407339742612685E-004
  0.451612890       1.00000000       1.8983681072657342E-004
  0.483870953       1.00000000       2.3221953984866979E-004
  0.516129017       1.00000000       2.8158007108477373E-004
  0.548387110       1.00000000       3.3792607382969887E-004
  0.580645144       1.00000000       3.9921849859109740E-004
  0.612903237       1.00000000       4.6102494136164736E-004
  0.645161271       1.00000000       5.1429343558237277E-004
  0.677419364       1.00000000       5.4457301062093883E-004
  0.709677398       1.00000000       5.3722636281825105E-004
  0.741935492       1.00000000       4.7873708767963170E-004
  0.774193525       1.00000000       3.7257540442757838E-004
  0.806451619       1.00000000       2.4540118378311917E-004
  0.838709652       1.00000000       1.2847637158758780E-004
  0.870967746       1.00000000       5.1593692371843620E-005
  0.903225780       1.00000000       2.2896005514969780E-005
  0.935483873       1.00000000       1.6776355590761233E-005
  0.967741907       1.00000000       1.6098739309212470E-005
   1.00000000       1.00000000       1.5869520303948445E-005
