 # X Y F 
   0.00000000       0.00000000       4.9565117398950269E-006
   3.22580636E-02   0.00000000       5.0157589979412541E-006
   6.45161271E-02   0.00000000       5.1355388438670295E-006
   9.67741907E-02   0.00000000       5.3315781395050463E-006
  0.129032254       0.00000000       5.6312656018118961E-006
  0.161290318       0.00000000       6.0868427251618771E-006
  0.193548381       0.00000000       6.7837023299236414E-006
  0.225806445       0.00000000       7.7615441981770584E-006
  0.258064508       0.00000000       8.9892163388498527E-006
  0.290322572       0.00000000       1.0392893382667909E-005
  0.322580636       0.00000000       1.1828330927441435E-005
  0.354838699       0.00000000       1.3071428127886330E-005
  0.387096763       0.00000000       1.4015938600139921E-005
  0.419354826       0.00000000       1.4570526873456401E-005
  0.451612890       0.00000000       1.4721324545372217E-005
  0.483870953       0.00000000       1.4516641518956566E-005
  0.516129017       0.00000000       1.4014434380206597E-005
  0.548387110       0.00000000       1.3272898910456205E-005
  0.580645144       0.00000000       1.2348286755764441E-005
  0.612903237       0.00000000       1.1286560780276973E-005
  0.645161271       0.00000000       1.0128805514765560E-005
  0.677419364       0.00000000       8.9141982919499034E-006
  0.709677398       0.00000000       7.6764140161131279E-006
  0.741935492       0.00000000       6.4510640256893004E-006
  0.774193525       0.00000000       5.2715650852429942E-006
  0.806451619       0.00000000       4.1711920077290433E-006
  0.838709652       0.00000000       3.1823327145732108E-006
  0.870967746       0.00000000       2.3337457801071330E-006
  0.903225780       0.00000000       1.6481267743759197E-006
  0.935483873       0.00000000       1.1383579746084545E-006
  0.967741907       0.00000000       8.0510568679032537E-007
   1.00000000       0.00000000       6.4146136792249931E-007
   0.00000000       3.22580636E-02   5.0157589979419715E-006
   3.22580636E-02   3.22580636E-02   5.0839782194159176E-006
   6.45161271E-02   3.22580636E-02   5.2274334722582159E-006
   9.67741907E-02   3.22580636E-02   5.4591556859364485E-006
  0.129032254       3.22580636E-02   5.8264475079224997E-006
  0.161290318       3.22580636E-02   6.3981553850062480E-006
  0.193548381       3.22580636E-02   7.2065188786794217E-006
  0.225806445       3.22580636E-02   8.3380201596217972E-006
  0.258064508       3.22580636E-02   9.8189741773150930E-006
  0.290322572       3.22580636E-02   1.1425821105285798E-005
  0.322580636       3.22580636E-02   1.2872088953458631E-005
  0.354838699       3.22580636E-02   1.4125898222715431E-005
  0.387096763       3.22580636E-02   1.4959748062051712E-005
  0.419354826       3.22580636E-02   1.5358332962889022E-005
  0.451612890       3.22580636E-02   1.5401277721145069E-005
  0.483870953       3.22580636E-02   1.5103907812663918E-005
  0.516129017       3.22580636E-02   1.4548278049753364E-005
  0.548387110       3.22580636E-02   1.3772521422568418E-005
  0.580645144       3.22580636E-02   1.2831292168016924E-005
  0.612903237       3.22580636E-02   1.1761526177399103E-005
  0.645161271       3.22580636E-02   1.0601352056127193E-005
  0.677419364       3.22580636E-02   9.3850858329342108E-006
  0.709677398       3.22580636E-02   8.1448398688929876E-006
  0.741935492       3.22580636E-02   6.9131642966176651E-006
  0.774193525       3.22580636E-02   5.7216640271873288E-006
  0.806451619       3.22580636E-02   4.6014316870276446E-006
  0.838709652       3.22580636E-02   3.5825924812611944E-006
  0.870967746       3.22580636E-02   2.6929167859307315E-006
  0.903225780       3.22580636E-02   1.9560575096539807E-006
  0.935483873       3.22580636E-02   1.3903957741334468E-006
  0.967741907       3.22580636E-02   1.0072056338592104E-006
   1.00000000       3.22580636E-02   8.1326477623497809E-007
   0.00000000       6.45161271E-02   5.1355388438670489E-006
   3.22580636E-02   6.45161271E-02   5.2274334722584293E-006
   6.45161271E-02   6.45161271E-02   5.4250134172083451E-006
   9.67741907E-02   6.45161271E-02   5.7533220878094042E-006
  0.129032254       6.45161271E-02   6.2854875328581539E-006
  0.161290318       6.45161271E-02   7.1387100926241715E-006
  0.193548381       6.45161271E-02   8.4596687052425089E-006
  0.225806445       6.45161271E-02   1.0161167920769789E-005
  0.258064508       6.45161271E-02   1.2031291894416692E-005
  0.290322572       6.45161271E-02   1.3845518310178626E-005
  0.322580636       6.45161271E-02   1.5488098001908273E-005
  0.354838699       6.45161271E-02   1.6433456444756822E-005
  0.387096763       6.45161271E-02   1.6881337860241784E-005
  0.419354826       6.45161271E-02   1.6984540740636840E-005
  0.451612890       6.45161271E-02   1.6751078688517195E-005
  0.483870953       6.45161271E-02   1.6288157696153767E-005
  0.516129017       6.45161271E-02   1.5612129807013427E-005
  0.548387110       6.45161271E-02   1.4771718324484148E-005
  0.580645144       6.45161271E-02   1.3790572669990671E-005
  0.612903237       6.45161271E-02   1.2702176059298779E-005
  0.645161271       6.45161271E-02   1.1530666387275349E-005
  0.677419364       6.45161271E-02   1.0305859147801776E-005
  0.709677398       6.45161271E-02   9.0541378916094942E-006
  0.741935492       6.45161271E-02   7.8041531359063791E-006
  0.774193525       6.45161271E-02   6.5839792340718435E-006
  0.806451619       6.45161271E-02   5.4220643032069928E-006
  0.838709652       6.45161271E-02   4.3458178348651705E-006
  0.870967746       6.45161271E-02   3.3823883544478698E-006
  0.903225780       6.45161271E-02   2.5575646924934006E-006
  0.935483873       6.45161271E-02   1.8972911211586761E-006
  0.967741907       6.45161271E-02   1.4286006691868273E-006
   1.00000000       6.45161271E-02   1.1813837902707470E-006
   0.00000000       9.67741907E-02   5.3315781395053377E-006
   3.22580636E-02   9.67741907E-02   5.4591556859367331E-006
   6.45161271E-02   9.67741907E-02   5.7533220878084911E-006
   9.67741907E-02   9.67741907E-02   6.3421775980390307E-006
  0.129032254       9.67741907E-02   7.3093234809758490E-006
  0.161290318       9.67741907E-02   8.9632295505367485E-006
  0.193548381       9.67741907E-02   1.1484920137402731E-005
  0.225806445       9.67741907E-02   1.4338728428440431E-005
  0.258064508       9.67741907E-02   1.7089200525928770E-005
  0.290322572       9.67741907E-02   1.9478185647008212E-005
  0.322580636       9.67741907E-02   2.0186391152414040E-005
  0.354838699       9.67741907E-02   2.0180522126202513E-005
  0.387096763       9.67741907E-02   1.9928654601352415E-005
  0.419354826       9.67741907E-02   1.9399056811345767E-005
  0.451612890       9.67741907E-02   1.8794125227889351E-005
  0.483870953       9.67741907E-02   1.8049473858819221E-005
  0.516129017       9.67741907E-02   1.7210349690411108E-005
  0.548387110       9.67741907E-02   1.6263025753291891E-005
  0.580645144       9.67741907E-02   1.5222548931342785E-005
  0.612903237       9.67741907E-02   1.4096578890990367E-005
  0.645161271       9.67741907E-02   1.2901407371996154E-005
  0.677419364       9.67741907E-02   1.1654471992578453E-005
  0.709677398       9.67741907E-02   1.0376704693786695E-005
  0.741935492       9.67741907E-02   9.0921237739244699E-006
  0.774193525       9.67741907E-02   7.8237916519620658E-006
  0.806451619       9.67741907E-02   6.5996053575364871E-006
  0.838709652       9.67741907E-02   5.4435916609435224E-006
  0.870967746       9.67741907E-02   4.3847897258455428E-006
  0.903225780       9.67741907E-02   3.4508543937242914E-006
  0.935483873       9.67741907E-02   2.6761834966786705E-006
  0.967741907       9.67741907E-02   2.1039522219937055E-006
   1.00000000       9.67741907E-02   1.7914035445133365E-006
   0.00000000      0.129032254       5.6312656018125899E-006
   3.22580636E-02  0.129032254       5.8264475079235762E-006
   6.45161271E-02  0.129032254       6.2854875328564785E-006
   9.67741907E-02  0.129032254       7.3093234809767832E-006
  0.129032254      0.129032254       9.7602436477354505E-006
  0.161290318      0.129032254       1.3801143261508473E-005
  0.193548381      0.129032254       1.9110566391508613E-005
  0.225806445      0.129032254       2.6658690159549608E-005
  0.258064508      0.129032254       3.1235694694232283E-005
  0.290322572      0.129032254       2.9478880715583742E-005
  0.322580636      0.129032254       2.7363877405818589E-005
  0.354838699      0.129032254       2.5568214870280107E-005
  0.387096763      0.129032254       2.3908650423632009E-005
  0.419354826      0.129032254       2.2607821700580474E-005
  0.451612890      0.129032254       2.1450303524493757E-005
  0.483870953      0.129032254       2.0375325587926049E-005
  0.516129017      0.129032254       1.9322059175128291E-005
  0.548387110      0.129032254       1.8242061522481482E-005
  0.580645144      0.129032254       1.7122161082917072E-005
  0.612903237      0.129032254       1.5942998589209160E-005
  0.645161271      0.129032254       1.4709921757405830E-005
  0.677419364      0.129032254       1.3426688057433362E-005
  0.709677398      0.129032254       1.2107395968750203E-005
  0.741935492      0.129032254       1.0771368726755360E-005
  0.774193525      0.129032254       9.4372952195433369E-006
  0.806451619      0.129032254       8.1325100917401458E-006
  0.838709652      0.129032254       6.8801092638813232E-006
  0.870967746      0.129032254       5.7109615799301071E-006
  0.903225780      0.129032254       4.6567319863317087E-006
  0.935483873      0.129032254       3.7599341511535765E-006
  0.967741907      0.129032254       3.0798914713338648E-006
   1.00000000      0.129032254       2.7003509269750197E-006
   0.00000000      0.161290318       6.0868427251632840E-006
   3.22580636E-02  0.161290318       6.3981553850070061E-006
   6.45161271E-02  0.161290318       7.1387100926252591E-006
   9.67741907E-02  0.161290318       8.9632295505367976E-006
  0.129032254      0.161290318       1.3801143261511405E-005
  0.161290318      0.161290318       2.6458711330844501E-005
  0.193548381      0.161290318       7.0928636725691495E-005
  0.225806445      0.161290318       7.8132629509230500E-005
  0.258064508      0.161290318       5.6598179281474333E-005
  0.290322572      0.161290318       4.3158718808424067E-005
  0.322580636      0.161290318       3.6956540375352961E-005
  0.354838699      0.161290318       3.1853731892728038E-005
  0.387096763      0.161290318       2.8678209442886308E-005
  0.419354826      0.161290318       2.6350225466118008E-005
  0.451612890      0.161290318       2.4649113410141068E-005
  0.483870953      0.161290318       2.3198045663530974E-005
  0.516129017      0.161290318       2.1919119618123991E-005
  0.548387110      0.161290318       2.0703208876643902E-005
  0.580645144      0.161290318       1.9488845433588460E-005
  0.612903237      0.161290318       1.8255123769249035E-005
  0.645161271      0.161290318       1.6970851221431021E-005
  0.677419364      0.161290318       1.5643673369990927E-005
  0.709677398      0.161290318       1.4269195153451465E-005
  0.741935492      0.161290318       1.2868046863035023E-005
  0.774193525      0.161290318       1.1452998738783851E-005
  0.806451619      0.161290318       1.0052117134588783E-005
  0.838709652      0.161290318       8.6892990013949419E-006
  0.870967746      0.161290318       7.3985077522869711E-006
  0.903225780      0.161290318       6.2167265998147667E-006
  0.935483873      0.161290318       5.1960166047982383E-006
  0.967741907      0.161290318       4.4114384413381879E-006
   1.00000000      0.161290318       3.9699268296290097E-006
   0.00000000      0.193548381       6.7837023299232975E-006
   3.22580636E-02  0.193548381       7.2065188786783222E-006
   6.45161271E-02  0.193548381       8.4596687052423429E-006
   9.67741907E-02  0.193548381       1.1484920137404621E-005
  0.129032254      0.193548381       1.9110566391510964E-005
  0.161290318      0.193548381       7.0928636725692824E-005
  0.193548381      0.193548381       8.8856096347679080E-004
  0.225806445      0.193548381       2.0934349217121081E-004
  0.258064508      0.193548381       8.0686189661393436E-005
  0.290322572      0.193548381       5.7910620071292150E-005
  0.322580636      0.193548381       4.6172926292041908E-005
  0.354838699      0.193548381       3.8293115188216117E-005
  0.387096763      0.193548381       3.3506878873967351E-005
  0.419354826      0.193548381       3.0472364130675942E-005
  0.451612890      0.193548381       2.8164373940861759E-005
  0.483870953      0.193548381       2.6454509077542644E-005
  0.516129017      0.193548381       2.4951633652300964E-005
  0.548387110      0.193548381       2.3629984450655923E-005
  0.580645144      0.193548381       2.2336629710756562E-005
  0.612903237      0.193548381       2.1052092476244121E-005
  0.645161271      0.193548381       1.9723870912038661E-005
  0.677419364      0.193548381       1.8347988077568169E-005
  0.709677398      0.193548381       1.6914442347872681E-005
  0.741935492      0.193548381       1.5437699240971275E-005
  0.774193525      0.193548381       1.3929884247320410E-005
  0.806451619      0.193548381       1.2419269799103085E-005
  0.838709652      0.193548381       1.0932709562498562E-005
  0.870967746      0.193548381       9.5090801390055881E-006
  0.903225780      0.193548381       8.1931351891881464E-006
  0.935483873      0.193548381       7.0479115151872030E-006
  0.967741907      0.193548381       6.1645781252223753E-006
   1.00000000      0.193548381       5.6679353648214563E-006
   0.00000000      0.225806445       7.7615441981779885E-006
   3.22580636E-02  0.225806445       8.3380201596223748E-006
   6.45161271E-02  0.225806445       1.0161167920769964E-005
   9.67741907E-02  0.225806445       1.4338728428438918E-005
  0.129032254      0.225806445       2.6658690159550286E-005
  0.161290318      0.225806445       7.8132629509230405E-005
  0.193548381      0.225806445       2.0934349217121182E-004
  0.225806445      0.225806445       1.6621596323262536E-004
  0.258064508      0.225806445       9.8762754371060113E-005
  0.290322572      0.225806445       6.5772697866969406E-005
  0.322580636      0.225806445       5.2278197019496383E-005
  0.354838699      0.225806445       4.3418141044814530E-005
  0.387096763      0.225806445       3.8079914130787416E-005
  0.419354826      0.225806445       3.4472321128457333E-005
  0.451612890      0.225806445       3.1903621610958063E-005
  0.483870953      0.225806445       2.9997154320499218E-005
  0.516129017      0.225806445       2.8388380579521504E-005
  0.548387110      0.225806445       2.7011460104397432E-005
  0.580645144      0.225806445       2.5682612288244187E-005
  0.612903237      0.225806445       2.4380465103623513E-005
  0.645161271      0.225806445       2.3024982922268299E-005
  0.677419364      0.225806445       2.1614502150703133E-005
  0.709677398      0.225806445       2.0123249644976272E-005
  0.741935492      0.225806445       1.8568398986465766E-005
  0.774193525      0.225806445       1.6957959937776299E-005
  0.806451619      0.225806445       1.5324974793328526E-005
  0.838709652      0.225806445       1.3700212695649497E-005
  0.870967746      0.225806445       1.2131264887569096E-005
  0.903225780      0.225806445       1.0672138006664711E-005
  0.935483873      0.225806445       9.3998674568568874E-006
  0.967741907      0.225806445       8.4212996013884433E-006
   1.00000000      0.225806445       7.8747109530102876E-006
   0.00000000      0.258064508       8.9892163388506490E-006
   3.22580636E-02  0.258064508       9.8189741773140105E-006
   6.45161271E-02  0.258064508       1.2031291894417027E-005
   9.67741907E-02  0.258064508       1.7089200525928831E-005
  0.129032254      0.258064508       3.1235694694231097E-005
  0.161290318      0.258064508       5.6598179281473099E-005
  0.193548381      0.258064508       8.0686189661393937E-005
  0.225806445      0.258064508       9.8762754371058690E-005
  0.258064508      0.258064508       8.8476496031173179E-005
  0.290322572      0.258064508       6.6325336532499268E-005
  0.322580636      0.258064508       5.4021647828559809E-005
  0.354838699      0.258064508       4.6949204374210203E-005
  0.387096763      0.258064508       4.1640765608669284E-005
  0.419354826      0.258064508       3.8232802744256548E-005
  0.451612890      0.258064508       3.5625639772749648E-005
  0.483870953      0.258064508       3.3751581057651507E-005
  0.516129017      0.258064508       3.2182446821142258E-005
  0.548387110      0.258064508       3.0841159721730631E-005
  0.580645144      0.258064508       2.9568923699304540E-005
  0.612903237      0.258064508       2.8297084725875584E-005
  0.645161271      0.258064508       2.6966568999029499E-005
  0.677419364      0.258064508       2.5544992616743627E-005
  0.709677398      0.258064508       2.4016218331008636E-005
  0.741935492      0.258064508       2.2385396021527908E-005
  0.774193525      0.258064508       2.0668233052983002E-005
  0.806451619      0.258064508       1.8898809178512621E-005
  0.838709652      0.258064508       1.7119148427585950E-005
  0.870967746      0.258064508       1.5386221701923883E-005
  0.903225780      0.258064508       1.3770106839385087E-005
  0.935483873      0.258064508       1.2362899148389100E-005
  0.967741907      0.258064508       1.1288091847079993E-005
   1.00000000      0.258064508       1.0693069482252724E-005
   0.00000000      0.290322572       1.0392893382666774E-005
   3.22580636E-02  0.290322572       1.1425821105283836E-005
   6.45161271E-02  0.290322572       1.3845518310177610E-005
   9.67741907E-02  0.290322572       1.9478185647008327E-005
  0.129032254      0.290322572       2.9478880715584014E-005
  0.161290318      0.290322572       4.3158718808422129E-005
  0.193548381      0.290322572       5.7910620071291411E-005
  0.225806445      0.290322572       6.5772697866968958E-005
  0.258064508      0.290322572       6.6325336532500664E-005
  0.290322572      0.290322572       6.1189165823984562E-005
  0.322580636      0.290322572       5.3508529683390705E-005
  0.354838699      0.290322572       4.8265484479326597E-005
  0.387096763      0.290322572       4.4397257491657684E-005
  0.419354826      0.290322572       4.1404765721106332E-005
  0.451612890      0.290322572       3.9296209620797985E-005
  0.483870953      0.290322572       3.7621678291209364E-005
  0.516129017      0.290322572       3.6314573569986508E-005
  0.548387110      0.290322572       3.5148407292561720E-005
  0.580645144      0.290322572       3.4046645599540732E-005
  0.612903237      0.290322572       3.2908060858254570E-005
  0.645161271      0.290322572       3.1669756932873163E-005
  0.677419364      0.290322572       3.0296972723574234E-005
  0.709677398      0.290322572       2.8761239288691863E-005
  0.741935492      0.290322572       2.7071943795434721E-005
  0.774193525      0.290322572       2.5244481045385977E-005
  0.806451619      0.290322572       2.3323827683507964E-005
  0.838709652      0.290322572       2.1364850703629659E-005
  0.870967746      0.290322572       1.9442087886505573E-005
  0.903225780      0.290322572       1.7644486741346941E-005
  0.935483873      0.290322572       1.6084987340079954E-005
  0.967741907      0.290322572       1.4903884533286620E-005
   1.00000000      0.290322572       1.4256615670160738E-005
   0.00000000      0.322580636       1.1828330927441326E-005
   3.22580636E-02  0.322580636       1.2872088953458780E-005
   6.45161271E-02  0.322580636       1.5488098001909439E-005
   9.67741907E-02  0.322580636       2.0186391152413657E-005
  0.129032254      0.322580636       2.7363877405817962E-005
  0.161290318      0.322580636       3.6956540375351301E-005
  0.193548381      0.322580636       4.6172926292042612E-005
  0.225806445      0.322580636       5.2278197019496017E-005
  0.258064508      0.322580636       5.4021647828558616E-005
  0.290322572      0.322580636       5.3508529683392257E-005
  0.322580636      0.322580636       5.1520518481574949E-005
  0.354838699      0.322580636       4.8417691803187463E-005
  0.387096763      0.322580636       4.6086832899663090E-005
  0.419354826      0.322580636       4.4208487244558320E-005
  0.451612890      0.322580636       4.2728251270479651E-005
  0.483870953      0.322580636       4.1654106502585679E-005
  0.516129017      0.322580636       4.0753540914610474E-005
  0.548387110      0.322580636       3.9993546415584981E-005
  0.580645144      0.322580636       3.9210037478763154E-005
  0.612903237      0.322580636       3.8351082433293318E-005
  0.645161271      0.322580636       3.7322575190007378E-005
  0.677419364      0.322580636       3.6086689004271314E-005
  0.709677398      0.322580636       3.4607915019116855E-005
  0.741935492      0.322580636       3.2889831269706908E-005
  0.774193525      0.322580636       3.0957325451320470E-005
  0.806451619      0.322580636       2.8864597618837535E-005
  0.838709652      0.322580636       2.6689910676456569E-005
  0.870967746      0.322580636       2.4531607896264305E-005
  0.903225780      0.322580636       2.2509787410907660E-005
  0.935483873      0.322580636       2.0763369434372275E-005
  0.967741907      0.322580636       1.9453313730612373E-005
   1.00000000      0.322580636       1.8742428225745887E-005
   0.00000000      0.354838699       1.3071428127887238E-005
   3.22580636E-02  0.354838699       1.4125898222717389E-005
   6.45161271E-02  0.354838699       1.6433456444757293E-005
   9.67741907E-02  0.354838699       2.0180522126202964E-005
  0.129032254      0.354838699       2.5568214870279995E-005
  0.161290318      0.354838699       3.1853731892728201E-005
  0.193548381      0.354838699       3.8293115188216212E-005
  0.225806445      0.354838699       4.3418141044815296E-005
  0.258064508      0.354838699       4.6949204374210427E-005
  0.290322572      0.354838699       4.8265484479326902E-005
  0.322580636      0.354838699       4.8417691803188053E-005
  0.354838699      0.354838699       4.8045133861709083E-005
  0.387096763      0.354838699       4.7175015688611808E-005
  0.419354826      0.354838699       4.6558260498896553E-005
  0.451612890      0.354838699       4.6081025172007526E-005
  0.483870953      0.354838699       4.5771685409014300E-005
  0.516129017      0.354838699       4.5599679366384378E-005
  0.548387110      0.354838699       4.5433902289127003E-005
  0.580645144      0.354838699       4.5218452757052017E-005
  0.612903237      0.354838699       4.4828319895175668E-005
  0.645161271      0.354838699       4.4194556043365381E-005
  0.677419364      0.354838699       4.3239230642821340E-005
  0.709677398      0.354838699       4.1921156807478271E-005
  0.741935492      0.354838699       4.0233922572832554E-005
  0.774193525      0.354838699       3.8205882301024766E-005
  0.806451619      0.354838699       3.5911824770544493E-005
  0.838709652      0.354838699       3.3460657617284109E-005
  0.870967746      0.354838699       3.0991815687948943E-005
  0.903225780      0.354838699       2.8667685088223678E-005
  0.935483873      0.354838699       2.6667162005674176E-005
  0.967741907      0.354838699       2.5179984284347855E-005
   1.00000000      0.354838699       2.4380388674801833E-005
   0.00000000      0.387096763       1.4015938600139748E-005
   3.22580636E-02  0.387096763       1.4959748062051509E-005
   6.45161271E-02  0.387096763       1.6881337860241896E-005
   9.67741907E-02  0.387096763       1.9928654601351748E-005
  0.129032254      0.387096763       2.3908650423632443E-005
  0.161290318      0.387096763       2.8678209442885153E-005
  0.193548381      0.387096763       3.3506878873966944E-005
  0.225806445      0.387096763       3.8079914130785918E-005
  0.258064508      0.387096763       4.1640765608669182E-005
  0.290322572      0.387096763       4.4397257491657454E-005
  0.322580636      0.387096763       4.6086832899661945E-005
  0.354838699      0.387096763       4.7175015688611558E-005
  0.387096763      0.387096763       4.8020581640433839E-005
  0.419354826      0.387096763       4.8641570796569031E-005
  0.451612890      0.387096763       4.9350569658770845E-005
  0.483870953      0.387096763       5.0094620000528130E-005
  0.516129017      0.387096763       5.0876682263148645E-005
  0.548387110      0.387096763       5.1634862992882526E-005
  0.580645144      0.387096763       5.2259994254068117E-005
  0.612903237      0.387096763       5.2647965735686854E-005
  0.645161271      0.387096763       5.2674856077138680E-005
  0.677419364      0.387096763       5.2237816891633068E-005
  0.709677398      0.387096763       5.1257782918900820E-005
  0.741935492      0.387096763       4.9706460420065797E-005
  0.774193525      0.387096763       4.7611293407691910E-005
  0.806451619      0.387096763       4.5071662734725655E-005
  0.838709652      0.387096763       4.2238745531459963E-005
  0.870967746      0.387096763       3.9321071024427786E-005
  0.903225780      0.387096763       3.6548623186881456E-005
  0.935483873      0.387096763       3.4167851133102264E-005
  0.967741907      0.387096763       3.2410078609743087E-005
   1.00000000      0.387096763       3.1473403297445104E-005
   0.00000000      0.419354826       1.4570526873455298E-005
   3.22580636E-02  0.419354826       1.5358332962889378E-005
   6.45161271E-02  0.419354826       1.6984540740636708E-005
   9.67741907E-02  0.419354826       1.9399056811346661E-005
  0.129032254      0.419354826       2.2607821700578784E-005
  0.161290318      0.419354826       2.6350225466117669E-005
  0.193548381      0.419354826       3.0472364130674878E-005
  0.225806445      0.419354826       3.4472321128457509E-005
  0.258064508      0.419354826       3.8232802744256459E-005
  0.290322572      0.419354826       4.1404765721106326E-005
  0.322580636      0.419354826       4.4208487244558280E-005
  0.354838699      0.419354826       4.6558260498897346E-005
  0.387096763      0.419354826       4.8641570796568212E-005
  0.419354826      0.419354826       5.0670011442284113E-005
  0.451612890      0.419354826       5.2628981608632084E-005
  0.483870953      0.419354826       5.4671794055710466E-005
  0.516129017      0.419354826       5.6724402305330394E-005
  0.548387110      0.419354826       5.8757476836504228E-005
  0.580645144      0.419354826       6.0640873716748557E-005
  0.612903237      0.419354826       6.2234752371205987E-005
  0.645161271      0.419354826       6.3353647365403879E-005
  0.677419364      0.419354826       6.3824256983934598E-005
  0.709677398      0.419354826       6.3493921450428922E-005
  0.741935492      0.419354826       6.2273442729875742E-005
  0.774193525      0.419354826       6.0177919779420234E-005
  0.806451619      0.419354826       5.7312177367980894E-005
  0.838709652      0.419354826       5.3920731077447968E-005
  0.870967746      0.419354826       5.0295964855961680E-005
  0.903225780      0.419354826       4.6806525911430966E-005
  0.935483873      0.419354826       4.3793160336424292E-005
  0.967741907      0.419354826       4.1582930367491539E-005
   1.00000000      0.419354826       4.0409445274125127E-005
   0.00000000      0.451612890       1.4721324545372812E-005
   3.22580636E-02  0.451612890       1.5401277721145343E-005
   6.45161271E-02  0.451612890       1.6751078688516616E-005
   9.67741907E-02  0.451612890       1.8794125227889365E-005
  0.129032254      0.451612890       2.1450303524493303E-005
  0.161290318      0.451612890       2.4649113410141938E-005
  0.193548381      0.451612890       2.8164373940861830E-005
  0.225806445      0.451612890       3.1903621610957589E-005
  0.258064508      0.451612890       3.5625639772747778E-005
  0.290322572      0.451612890       3.9296209620798209E-005
  0.322580636      0.451612890       4.2728251270479197E-005
  0.354838699      0.451612890       4.6081025172007126E-005
  0.387096763      0.451612890       4.9350569658770798E-005
  0.419354826      0.451612890       5.2628981608630817E-005
  0.451612890      0.451612890       5.6041348921177481E-005
  0.483870953      0.451612890       5.9574832792213793E-005
  0.516129017      0.451612890       6.3270251678373870E-005
  0.548387110      0.451612890       6.7041234506686162E-005
  0.580645144      0.451612890       7.0759309849699315E-005
  0.612903237      0.451612890       7.4211805501615629E-005
  0.645161271      0.451612890       7.7120566535719007E-005
  0.677419364      0.451612890       7.9173297022035896E-005
  0.709677398      0.451612890       8.0057960616670786E-005
  0.741935492      0.451612890       7.9565266617431557E-005
  0.774193525      0.451612890       7.7595104256211078E-005
  0.806451619      0.451612890       7.4311034033966984E-005
  0.838709652      0.451612890       7.0001481676616273E-005
  0.870967746      0.451612890       6.5200415148752410E-005
  0.903225780      0.451612890       6.0444529800690894E-005
  0.935483873      0.451612890       5.6325349213653336E-005
  0.967741907      0.451612890       5.3290231954042365E-005
   1.00000000      0.451612890       5.1691035678988298E-005
   0.00000000      0.483870953       1.4516641518956321E-005
   3.22580636E-02  0.483870953       1.5103907812663927E-005
   6.45161271E-02  0.483870953       1.6288157696153147E-005
   9.67741907E-02  0.483870953       1.8049473858819180E-005
  0.129032254      0.483870953       2.0375325587925372E-005
  0.161290318      0.483870953       2.3198045663530293E-005
  0.193548381      0.483870953       2.6454509077542882E-005
  0.225806445      0.483870953       2.9997154320499248E-005
  0.258064508      0.483870953       3.3751581057651575E-005
  0.290322572      0.483870953       3.7621678291209682E-005
  0.322580636      0.483870953       4.1654106502585774E-005
  0.354838699      0.483870953       4.5771685409014998E-005
  0.387096763      0.483870953       5.0094620000528455E-005
  0.419354826      0.483870953       5.4671794055710113E-005
  0.451612890      0.483870953       5.9574832792214315E-005
  0.483870953      0.483870953       6.4896494067390675E-005
  0.516129017      0.483870953       7.0642031841287994E-005
  0.548387110      0.483870953       7.6774278620375192E-005
  0.580645144      0.483870953       8.3150117154768825E-005
  0.612903237      0.483870953       8.9485798323058526E-005
  0.645161271      0.483870953       9.5365755974529672E-005
  0.677419364      0.483870953       1.0021601845581743E-004
  0.709677398      0.483870953       1.0344563646837338E-004
  0.741935492      0.483870953       1.0446349795121605E-004
  0.774193525      0.483870953       1.0302007844283545E-004
  0.806451619      0.483870953       9.9087953728260248E-005
  0.838709652      0.483870953       9.3250497354169801E-005
  0.870967746      0.483870953       8.6251248544648036E-005
  0.903225780      0.483870953       7.9181238784863681E-005
  0.935483873      0.483870953       7.2935698022744103E-005
  0.967741907      0.483870953       6.8359153040741538E-005
   1.00000000      0.483870953       6.5930950367510790E-005
   0.00000000      0.516129017       1.4014434380207446E-005
   3.22580636E-02  0.516129017       1.4548278049753403E-005
   6.45161271E-02  0.516129017       1.5612129807012679E-005
   9.67741907E-02  0.516129017       1.7210349690410979E-005
  0.129032254      0.516129017       1.9322059175127796E-005
  0.161290318      0.516129017       2.1919119618123564E-005
  0.193548381      0.516129017       2.4951633652300585E-005
  0.225806445      0.516129017       2.8388380579521737E-005
  0.258064508      0.516129017       3.2182446821142888E-005
  0.290322572      0.516129017       3.6314573569986040E-005
  0.322580636      0.516129017       4.0753540914611456E-005
  0.354838699      0.516129017       4.5599679366384893E-005
  0.387096763      0.516129017       5.0876682263148293E-005
  0.419354826      0.516129017       5.6724402305330685E-005
  0.451612890      0.516129017       6.3270251678374046E-005
  0.483870953      0.516129017       7.0642031841288468E-005
  0.516129017      0.516129017       7.8959607499895401E-005
  0.548387110      0.516129017       8.8277183231632336E-005
  0.580645144      0.516129017       9.8509874322268138E-005
  0.612903237      0.516129017       1.0938194405034661E-004
  0.645161271      0.516129017       1.2029093462131697E-004
  0.677419364      0.516129017       1.3033484473874468E-004
  0.709677398      0.516129017       1.3820656452785598E-004
  0.741935492      0.516129017       1.4267902305741635E-004
  0.774193525      0.516129017       1.4258853756854537E-004
  0.806451619      0.516129017       1.3785613569300710E-004
  0.838709652      0.516129017       1.2900718470547422E-004
  0.870967746      0.516129017       1.1778020262598865E-004
  0.903225780      0.516129017       1.0597770593942464E-004
  0.935483873      0.516129017       9.5584353020555278E-005
  0.967741907      0.516129017       8.7894317710920326E-005
   1.00000000      0.516129017       8.3866758242745921E-005
   0.00000000      0.548387110       1.3272898910455999E-005
   3.22580636E-02  0.548387110       1.3772521422567937E-005
   6.45161271E-02  0.548387110       1.4771718324484077E-005
   9.67741907E-02  0.548387110       1.6263025753291352E-005
  0.129032254      0.548387110       1.8242061522481804E-005
  0.161290318      0.548387110       2.0703208876642662E-005
  0.193548381      0.548387110       2.3629984450655299E-005
  0.225806445      0.548387110       2.7011460104397208E-005
  0.258064508      0.548387110       3.0841159721731187E-005
  0.290322572      0.548387110       3.5148407292559891E-005
  0.322580636      0.548387110       3.9993546415585421E-005
  0.354838699      0.548387110       4.5433902289127037E-005
  0.387096763      0.548387110       5.1634862992881164E-005
  0.419354826      0.548387110       5.8757476836504486E-005
  0.451612890      0.548387110       6.7041234506685674E-005
  0.483870953      0.548387110       7.6774278620375463E-005
  0.516129017      0.548387110       8.8277183231631848E-005
  0.548387110      0.548387110       1.0185039264414525E-004
  0.580645144      0.548387110       1.1771390026746658E-004
  0.612903237      0.548387110       1.3581145414321100E-004
  0.645161271      0.548387110       1.5559323930619735E-004
  0.677419364      0.548387110       1.7565332443317180E-004
  0.709677398      0.548387110       1.9371194048499680E-004
  0.741935492      0.548387110       2.0633137476014954E-004
  0.774193525      0.548387110       2.1065248752334524E-004
  0.806451619      0.548387110       2.0464596345568407E-004
  0.838709652      0.548387110       1.8962869417435475E-004
  0.870967746      0.548387110       1.6877713144415542E-004
  0.903225780      0.548387110       1.4682469916762003E-004
  0.935483873      0.548387110       1.2747608018079607E-004
  0.967741907      0.548387110       1.1352813930399004E-004
   1.00000000      0.548387110       1.0622910869788261E-004
   0.00000000      0.580645144       1.2348286755763294E-005
   3.22580636E-02  0.580645144       1.2831292168017129E-005
   6.45161271E-02  0.580645144       1.3790572669990444E-005
   9.67741907E-02  0.580645144       1.5222548931342697E-005
  0.129032254      0.580645144       1.7122161082917722E-005
  0.161290318      0.580645144       1.9488845433588907E-005
  0.193548381      0.580645144       2.2336629710756972E-005
  0.225806445      0.580645144       2.5682612288244309E-005
  0.258064508      0.580645144       2.9568923699304171E-005
  0.290322572      0.580645144       3.4046645599541003E-005
  0.322580636      0.580645144       3.9210037478763730E-005
  0.354838699      0.580645144       4.5218452757050953E-005
  0.387096763      0.580645144       5.2259994254068618E-005
  0.419354826      0.580645144       6.0640873716748340E-005
  0.451612890      0.580645144       7.0759309849699302E-005
  0.483870953      0.580645144       8.3150117154769083E-005
  0.516129017      0.580645144       9.8509874322267934E-005
  0.548387110      0.580645144       1.1771390026746664E-004
  0.580645144      0.580645144       1.4175297608100794E-004
  0.612903237      0.580645144       1.7151998413951686E-004
  0.645161271      0.580645144       2.0746470310470819E-004
  0.677419364      0.580645144       2.4845895520556234E-004
  0.709677398      0.580645144       2.9038626966131005E-004
  0.741935492      0.580645144       3.2567259617178002E-004
  0.774193525      0.580645144       3.4323392972179453E-004
  0.806451619      0.580645144       3.3645214610765353E-004
  0.838709652      0.580645144       3.0586511122849544E-004
  0.870967746      0.580645144       2.6101885716295917E-004
  0.903225780      0.580645144       2.1417037811785586E-004
  0.935483873      0.580645144       1.7483018129611777E-004
  0.967741907      0.580645144       1.4743378157882074E-004
   1.00000000      0.580645144       1.3361648574377195E-004
   0.00000000      0.612903237       1.1286560780276428E-005
   3.22580636E-02  0.612903237       1.1761526177398059E-005
   6.45161271E-02  0.612903237       1.2702176059299009E-005
   9.67741907E-02  0.612903237       1.4096578890990140E-005
  0.129032254      0.612903237       1.5942998589208862E-005
  0.161290318      0.612903237       1.8255123769248736E-005
  0.193548381      0.612903237       2.1052092476242455E-005
  0.225806445      0.612903237       2.4380465103623160E-005
  0.258064508      0.612903237       2.8297084725876048E-005
  0.290322572      0.612903237       3.2908060858255322E-005
  0.322580636      0.612903237       3.8351082433294083E-005
  0.354838699      0.612903237       4.4828319895176400E-005
  0.387096763      0.612903237       5.2647965735686501E-005
  0.419354826      0.612903237       6.2234752371206136E-005
  0.451612890      0.612903237       7.4211805501615534E-005
  0.483870953      0.612903237       8.9485798323057740E-005
  0.516129017      0.612903237       1.0938194405034617E-004
  0.548387110      0.612903237       1.3581145414321151E-004
  0.580645144      0.612903237       1.7151998413951952E-004
  0.612903237      0.612903237       2.2035599401176365E-004
  0.645161271      0.612903237       2.8652913253924720E-004
  0.677419364      0.612903237       3.7330943932816467E-004
  0.709677398      0.612903237       4.7563325505360426E-004
  0.741935492      0.612903237       5.7321841547958413E-004
  0.774193525      0.612903237       6.3481737787206315E-004
  0.806451619      0.612903237       6.2960874011501618E-004
  0.838709652      0.612903237       5.5582452532185872E-004
  0.870967746      0.612903237       4.4597933154794843E-004
  0.903225780      0.612903237       3.3557375939669546E-004
  0.935483873      0.612903237       2.4894309035208465E-004
  0.967741907      0.612903237       1.9285990063726627E-004
   1.00000000      0.612903237       1.6594170723107694E-004
   0.00000000      0.645161271       1.0128805514765294E-005
   3.22580636E-02  0.645161271       1.0601352056127554E-005
   6.45161271E-02  0.645161271       1.1530666387275168E-005
   9.67741907E-02  0.645161271       1.2901407371996546E-005
  0.129032254      0.645161271       1.4709921757405029E-005
  0.161290318      0.645161271       1.6970851221430587E-005
  0.193548381      0.645161271       1.9723870912038806E-005
  0.225806445      0.645161271       2.3024982922267025E-005
  0.258064508      0.645161271       2.6966568999028970E-005
  0.290322572      0.645161271       3.1669756932872770E-005
  0.322580636      0.645161271       3.7322575190007866E-005
  0.354838699      0.645161271       4.4194556043365869E-005
  0.387096763      0.645161271       5.2674856077138361E-005
  0.419354826      0.645161271       6.3353647365403838E-005
  0.451612890      0.645161271       7.7120566535719657E-005
  0.483870953      0.645161271       9.5365755974529361E-005
  0.516129017      0.645161271       1.2029093462131707E-004
  0.548387110      0.645161271       1.5559323930619545E-004
  0.580645144      0.645161271       2.0746470310470781E-004
  0.612903237      0.645161271       2.8652913253924617E-004
  0.645161271      0.645161271       4.0990739239119180E-004
  0.677419364      0.645161271       5.9430128528341092E-004
  0.709677398      0.645161271       8.4177433634036777E-004
  0.741935492      0.645161271       1.1134882968748736E-003
  0.774193525      0.645161271       1.3142367872038569E-003
  0.806451619      0.645161271       1.3286045470756046E-003
  0.838709652      0.645161271       1.1322094391919902E-003
  0.870967746      0.645161271       8.2839485819976764E-004
  0.903225780      0.645161271       5.6026372492697996E-004
  0.935483873      0.645161271       3.6830047776880705E-004
  0.967741907      0.645161271       2.5387203003788254E-004
   1.00000000      0.645161271       2.0161959822174972E-004
   0.00000000      0.677419364       8.9141982919489987E-006
   3.22580636E-02  0.677419364       9.3850858329333977E-006
   6.45161271E-02  0.677419364       1.0305859147801432E-005
   9.67741907E-02  0.677419364       1.1654471992578092E-005
  0.129032254      0.677419364       1.3426688057432354E-005
  0.161290318      0.677419364       1.5643673369991693E-005
  0.193548381      0.677419364       1.8347988077568430E-005
  0.225806445      0.677419364       2.1614502150703519E-005
  0.258064508      0.677419364       2.5544992616743325E-005
  0.290322572      0.677419364       3.0296972723574309E-005
  0.322580636      0.677419364       3.6086689004270894E-005
  0.354838699      0.677419364       4.3239230642821299E-005
  0.387096763      0.677419364       5.2237816891633386E-005
  0.419354826      0.677419364       6.3824256983934679E-005
  0.451612890      0.677419364       7.9173297022036424E-005
  0.483870953      0.677419364       1.0021601845581728E-004
  0.516129017      0.677419364       1.3033484473874636E-004
  0.548387110      0.677419364       1.7565332443317155E-004
  0.580645144      0.677419364       2.4845895520556234E-004
  0.612903237      0.677419364       3.7330943932816700E-004
  0.645161271      0.677419364       5.9430128528340789E-004
  0.677419364      0.677419364       9.7096731968623418E-004
  0.709677398      0.677419364       1.5301346854991356E-003
  0.741935492      0.677419364       2.2816323877218603E-003
  0.774193525      0.677419364       3.0961326355098545E-003
  0.806451619      0.677419364       3.2789671610493755E-003
  0.838709652      0.677419364       2.5390609899236718E-003
  0.870967746      0.677419364       1.6019713391467068E-003
  0.903225780      0.677419364       9.4945856937172449E-004
  0.935483873      0.677419364       5.5133002097635601E-004
  0.967741907      0.677419364       3.2985930119576522E-004
   1.00000000      0.677419364       2.3685694043391661E-004
   0.00000000      0.709677398       7.6764140161136514E-006
   3.22580636E-02  0.709677398       8.1448398688928063E-006
   6.45161271E-02  0.709677398       9.0541378916085252E-006
   9.67741907E-02  0.709677398       1.0376704693786121E-005
  0.129032254      0.709677398       1.2107395968750094E-005
  0.161290318      0.709677398       1.4269195153451421E-005
  0.193548381      0.709677398       1.6914442347873037E-005
  0.225806445      0.709677398       2.0123249644975980E-005
  0.258064508      0.709677398       2.4016218331008849E-005
  0.290322572      0.709677398       2.8761239288692716E-005
  0.322580636      0.709677398       3.4607915019116116E-005
  0.354838699      0.709677398       4.1921156807478461E-005
  0.387096763      0.709677398       5.1257782918902093E-005
  0.419354826      0.709677398       6.3493921450428922E-005
  0.451612890      0.709677398       8.0057960616671748E-005
  0.483870953      0.709677398       1.0344563646837428E-004
  0.516129017      0.709677398       1.3820656452785657E-004
  0.548387110      0.709677398       1.9371194048499856E-004
  0.580645144      0.709677398       2.9038626966130805E-004
  0.612903237      0.709677398       4.7563325505360518E-004
  0.645161271      0.709677398       8.4177433634037146E-004
  0.677419364      0.709677398       1.5301346854991378E-003
  0.709677398      0.709677398       2.9699927358966430E-003
  0.741935492      0.709677398       6.5304510236908649E-003
  0.774193525      0.709677398       1.0950638460303953E-002
  0.806451619      0.709677398       1.2326839951593978E-002
  0.838709652      0.709677398       9.3530512937328308E-003
  0.870967746      0.709677398       4.5476554096255794E-003
  0.903225780      0.709677398       1.6119385881356654E-003
  0.935483873      0.709677398       7.8206291444366221E-004
  0.967741907      0.709677398       4.1186430886215218E-004
   1.00000000      0.709677398       2.6275711324034274E-004
   0.00000000      0.741935492       6.4510640256903770E-006
   3.22580636E-02  0.741935492       6.9131642966168918E-006
   6.45161271E-02  0.741935492       7.8041531359057794E-006
   9.67741907E-02  0.741935492       9.0921237739247206E-006
  0.129032254      0.741935492       1.0771368726755086E-005
  0.161290318      0.741935492       1.2868046863035213E-005
  0.193548381      0.741935492       1.5437699240970472E-005
  0.225806445      0.741935492       1.8568398986465644E-005
  0.258064508      0.741935492       2.2385396021528084E-005
  0.290322572      0.741935492       2.7071943795434209E-005
  0.322580636      0.741935492       3.2889831269706888E-005
  0.354838699      0.741935492       4.0233922572831395E-005
  0.387096763      0.741935492       4.9706460420065871E-005
  0.419354826      0.741935492       6.2273442729876026E-005
  0.451612890      0.741935492       7.9565266617431110E-005
  0.483870953      0.741935492       1.0446349795121601E-004
  0.516129017      0.741935492       1.4267902305741589E-004
  0.548387110      0.741935492       2.0633137476014945E-004
  0.580645144      0.741935492       3.2567259617177725E-004
  0.612903237      0.741935492       5.7321841547958456E-004
  0.645161271      0.741935492       1.1134882968748788E-003
  0.677419364      0.741935492       2.2816323877218369E-003
  0.709677398      0.741935492       6.5304510236909030E-003
  0.741935492      0.741935492       1.6756221799654154E-002
  0.774193525      0.741935492       2.7392612574037342E-002
  0.806451619      0.741935492       3.0699879764236708E-002
  0.838709652      0.741935492       2.3688745459054458E-002
  0.870967746      0.741935492       1.2406037149017569E-002
  0.903225780      0.741935492       3.8339623914781843E-003
  0.935483873      0.741935492       9.9989203533429175E-004
  0.967741907      0.741935492       4.7843643642618268E-004
   1.00000000      0.741935492       2.6602511030425702E-004
   0.00000000      0.774193525       5.2715650852430518E-006
   3.22580636E-02  0.774193525       5.7216640271875118E-006
   6.45161271E-02  0.774193525       6.5839792340724101E-006
   9.67741907E-02  0.774193525       7.8237916519620217E-006
  0.129032254      0.774193525       9.4372952195432200E-006
  0.161290318      0.774193525       1.1452998738783702E-005
  0.193548381      0.774193525       1.3929884247320051E-005
  0.225806445      0.774193525       1.6957959937776899E-005
  0.258064508      0.774193525       2.0668233052982456E-005
  0.290322572      0.774193525       2.5244481045386306E-005
  0.322580636      0.774193525       3.0957325451321060E-005
  0.354838699      0.774193525       3.8205882301023668E-005
  0.387096763      0.774193525       4.7611293407691943E-005
  0.419354826      0.774193525       6.0177919779420654E-005
  0.451612890      0.774193525       7.7595104256210102E-005
  0.483870953      0.774193525       1.0302007844283769E-004
  0.516129017      0.774193525       1.4258853756854629E-004
  0.548387110      0.774193525       2.1065248752334543E-004
  0.580645144      0.774193525       3.4323392972179377E-004
  0.612903237      0.774193525       6.3481737787205871E-004
  0.645161271      0.774193525       1.3142367872038543E-003
  0.677419364      0.774193525       3.0961326355098437E-003
  0.709677398      0.774193525       1.0950638460303959E-002
  0.741935492      0.774193525       2.7392612574037474E-002
  0.774193525      0.774193525       4.4377963562401770E-002
  0.806451619      0.774193525       4.9585755466757725E-002
  0.838709652      0.774193525       3.8449464419775890E-002
  0.870967746      0.774193525       2.0341874952877322E-002
  0.903225780      0.774193525       6.9832069888380536E-003
  0.935483873      0.774193525       1.2374710958611274E-003
  0.967741907      0.774193525       4.8906959365581978E-004
   1.00000000      0.774193525       2.3870787184263300E-004
   0.00000000      0.806451619       4.1711920077288916E-006
   3.22580636E-02  0.806451619       4.6014316870278131E-006
   6.45161271E-02  0.806451619       5.4220643032071401E-006
   9.67741907E-02  0.806451619       6.5996053575360280E-006
  0.129032254      0.806451619       8.1325100917396714E-006
  0.161290318      0.806451619       1.0052117134588014E-005
  0.193548381      0.806451619       1.2419269799103137E-005
  0.225806445      0.806451619       1.5324974793327733E-005
  0.258064508      0.806451619       1.8898809178512472E-005
  0.290322572      0.806451619       2.3323827683507947E-005
  0.322580636      0.806451619       2.8864597618837385E-005
  0.354838699      0.806451619       3.5911824770544330E-005
  0.387096763      0.806451619       4.5071662734725893E-005
  0.419354826      0.806451619       5.7312177367981464E-005
  0.451612890      0.806451619       7.4311034033966374E-005
  0.483870953      0.806451619       9.9087953728261807E-005
  0.516129017      0.806451619       1.3785613569300770E-004
  0.548387110      0.806451619       2.0464596345568295E-004
  0.580645144      0.806451619       3.3645214610765424E-004
  0.612903237      0.806451619       6.2960874011501054E-004
  0.645161271      0.806451619       1.3286045470756059E-003
  0.677419364      0.806451619       3.2789671610493837E-003
  0.709677398      0.806451619       1.2326839951594042E-002
  0.741935492      0.806451619       3.0699879764236628E-002
  0.774193525      0.806451619       4.9585755466757725E-002
  0.806451619      0.806451619       5.5269399737007896E-002
  0.838709652      0.806451619       4.2987452409670515E-002
  0.870967746      0.806451619       2.2860278599501856E-002
  0.903225780      0.806451619       8.0087151560394136E-003
  0.935483873      0.806451619       1.4243417477700882E-003
  0.967741907      0.806451619       4.0441806285558139E-004
   1.00000000      0.806451619       1.8429806759295191E-004
   0.00000000      0.838709652       3.1823327145726462E-006
   3.22580636E-02  0.838709652       3.5825924812617594E-006
   6.45161271E-02  0.838709652       4.3458178348657330E-006
   9.67741907E-02  0.838709652       5.4435916609444168E-006
  0.129032254      0.838709652       6.8801092638814435E-006
  0.161290318      0.838709652       8.6892990013960904E-006
  0.193548381      0.838709652       1.0932709562498908E-005
  0.225806445      0.838709652       1.3700212695649480E-005
  0.258064508      0.838709652       1.7119148427585235E-005
  0.290322572      0.838709652       2.1364850703629906E-005
  0.322580636      0.838709652       2.6689910676456250E-005
  0.354838699      0.838709652       3.3460657617284156E-005
  0.387096763      0.838709652       4.2238745531460661E-005
  0.419354826      0.838709652       5.3920731077448144E-005
  0.451612890      0.838709652       7.0001481676616476E-005
  0.483870953      0.838709652       9.3250497354171007E-005
  0.516129017      0.838709652       1.2900718470547389E-004
  0.548387110      0.838709652       1.8962869417435532E-004
  0.580645144      0.838709652       3.0586511122849647E-004
  0.612903237      0.838709652       5.5582452532185102E-004
  0.645161271      0.838709652       1.1322094391919934E-003
  0.677419364      0.838709652       2.5390609899237021E-003
  0.709677398      0.838709652       9.3530512937327042E-003
  0.741935492      0.838709652       2.3688745459054406E-002
  0.774193525      0.838709652       3.8449464419776029E-002
  0.806451619      0.838709652       4.2987452409670064E-002
  0.838709652      0.838709652       3.3325088588381110E-002
  0.870967746      0.838709652       1.7649533344834392E-002
  0.903225780      0.838709652       6.1679174984974813E-003
  0.935483873      0.838709652       1.0587000508747257E-003
  0.967741907      0.838709652       2.6988203804050471E-004
   1.00000000      0.838709652       1.1562644777231489E-004
   0.00000000      0.870967746       2.3337457801072969E-006
   3.22580636E-02  0.870967746       2.6929167859309725E-006
   6.45161271E-02  0.870967746       3.3823883544478609E-006
   9.67741907E-02  0.870967746       4.3847897258450998E-006
  0.129032254      0.870967746       5.7109615799291948E-006
  0.161290318      0.870967746       7.3985077522868263E-006
  0.193548381      0.870967746       9.5090801390052848E-006
  0.225806445      0.870967746       1.2131264887568968E-005
  0.258064508      0.870967746       1.5386221701923412E-005
  0.290322572      0.870967746       1.9442087886505546E-005
  0.322580636      0.870967746       2.4531607896264017E-005
  0.354838699      0.870967746       3.0991815687949390E-005
  0.387096763      0.870967746       3.9321071024428538E-005
  0.419354826      0.870967746       5.0295964855961178E-005
  0.451612890      0.870967746       6.5200415148752858E-005
  0.483870953      0.870967746       8.6251248544648063E-005
  0.516129017      0.870967746       1.1778020262598798E-004
  0.548387110      0.870967746       1.6877713144415656E-004
  0.580645144      0.870967746       2.6101885716295505E-004
  0.612903237      0.870967746       4.4597933154794480E-004
  0.645161271      0.870967746       8.2839485819977273E-004
  0.677419364      0.870967746       1.6019713391467081E-003
  0.709677398      0.870967746       4.5476554096255907E-003
  0.741935492      0.870967746       1.2406037149017678E-002
  0.774193525      0.870967746       2.0341874952877204E-002
  0.806451619      0.870967746       2.2860278599502144E-002
  0.838709652      0.870967746       1.7649533344834319E-002
  0.870967746      0.870967746       9.3174562607314642E-003
  0.903225780      0.870967746       3.0928319642626110E-003
  0.935483873      0.870967746       4.0348404992960002E-004
  0.967741907      0.870967746       1.4661287056374491E-004
   1.00000000      0.870967746       5.4471420593048583E-005
   0.00000000      0.903225780       1.6481267743755955E-006
   3.22580636E-02  0.903225780       1.9560575096538846E-006
   6.45161271E-02  0.903225780       2.5575646924930521E-006
   9.67741907E-02  0.903225780       3.4508543937241817E-006
  0.129032254      0.903225780       4.6567319863313673E-006
  0.161290318      0.903225780       6.2167265998142212E-006
  0.193548381      0.903225780       8.1931351891880346E-006
  0.225806445      0.903225780       1.0672138006664939E-005
  0.258064508      0.903225780       1.3770106839385080E-005
  0.290322572      0.903225780       1.7644486741347320E-005
  0.322580636      0.903225780       2.2509787410907281E-005
  0.354838699      0.903225780       2.8667685088223363E-005
  0.387096763      0.903225780       3.6548623186882133E-005
  0.419354826      0.903225780       4.6806525911431190E-005
  0.451612890      0.903225780       6.0444529800691571E-005
  0.483870953      0.903225780       7.9181238784863965E-005
  0.516129017      0.903225780       1.0597770593942521E-004
  0.548387110      0.903225780       1.4682469916761916E-004
  0.580645144      0.903225780       2.1417037811785410E-004
  0.612903237      0.903225780       3.3557375939669232E-004
  0.645161271      0.903225780       5.6026372492698246E-004
  0.677419364      0.903225780       9.4945856937171419E-004
  0.709677398      0.903225780       1.6119385881356607E-003
  0.741935492      0.903225780       3.8339623914781882E-003
  0.774193525      0.903225780       6.9832069888380787E-003
  0.806451619      0.903225780       8.0087151560393009E-003
  0.838709652      0.903225780       6.1679174984974787E-003
  0.870967746      0.903225780       3.0928319642626496E-003
  0.903225780      0.903225780       8.7392531329452748E-004
  0.935483873      0.903225780       8.8666051285745325E-005
  0.967741907      0.903225780       4.6984935132609710E-005
   1.00000000      0.903225780       2.2737341088455060E-005
   0.00000000      0.935483873       1.1383579746079219E-006
   3.22580636E-02  0.935483873       1.3903957741331478E-006
   6.45161271E-02  0.935483873       1.8972911211586703E-006
   9.67741907E-02  0.935483873       2.6761834966786963E-006
  0.129032254      0.935483873       3.7599341511532161E-006
  0.161290318      0.935483873       5.1960166047974192E-006
  0.193548381      0.935483873       7.0479115151869557E-006
  0.225806445      0.935483873       9.3998674568577819E-006
  0.258064508      0.935483873       1.2362899148389111E-005
  0.290322572      0.935483873       1.6084987340079761E-005
  0.322580636      0.935483873       2.0763369434372323E-005
  0.354838699      0.935483873       2.6667162005674210E-005
  0.387096763      0.935483873       3.4167851133102189E-005
  0.419354826      0.935483873       4.3793160336424556E-005
  0.451612890      0.935483873       5.6325349213653187E-005
  0.483870953      0.935483873       7.2935698022742735E-005
  0.516129017      0.935483873       9.5584353020556389E-005
  0.548387110      0.935483873       1.2747608018079485E-004
  0.580645144      0.935483873       1.7483018129611596E-004
  0.612903237      0.935483873       2.4894309035208655E-004
  0.645161271      0.935483873       3.6830047776880602E-004
  0.677419364      0.935483873       5.5133002097634929E-004
  0.709677398      0.935483873       7.8206291444365918E-004
  0.741935492      0.935483873       9.9989203533427332E-004
  0.774193525      0.935483873       1.2374710958611285E-003
  0.806451619      0.935483873       1.4243417477701119E-003
  0.838709652      0.935483873       1.0587000508747318E-003
  0.870967746      0.935483873       4.0348404992959091E-004
  0.903225780      0.935483873       8.8666051285747629E-005
  0.935483873      0.935483873       2.9689625188148501E-005
  0.967741907      0.935483873       2.0936989107444835E-005
   1.00000000      0.935483873       1.5072480843646063E-005
   0.00000000      0.967741907       8.0510568679019662E-007
   3.22580636E-02  0.967741907       1.0072056338592769E-006
   6.45161271E-02  0.967741907       1.4286006691867387E-006
   9.67741907E-02  0.967741907       2.1039522219929609E-006
  0.129032254      0.967741907       3.0798914713329572E-006
  0.161290318      0.967741907       4.4114384413381430E-006
  0.193548381      0.967741907       6.1645781252221390E-006
  0.225806445      0.967741907       8.4212996013892225E-006
  0.258064508      0.967741907       1.1288091847079644E-005
  0.290322572      0.967741907       1.4903884533286837E-005
  0.322580636      0.967741907       1.9453313730613030E-005
  0.354838699      0.967741907       2.5179984284347780E-005
  0.387096763      0.967741907       3.2410078609744022E-005
  0.419354826      0.967741907       4.1582930367491295E-005
  0.451612890      0.967741907       5.3290231954041450E-005
  0.483870953      0.967741907       6.8359153040741755E-005
  0.516129017      0.967741907       8.7894317710920705E-005
  0.548387110      0.967741907       1.1352813930399151E-004
  0.580645144      0.967741907       1.4743378157882213E-004
  0.612903237      0.967741907       1.9285990063727055E-004
  0.645161271      0.967741907       2.5387203003788330E-004
  0.677419364      0.967741907       3.2985930119576749E-004
  0.709677398      0.967741907       4.1186430886215326E-004
  0.741935492      0.967741907       4.7843643642618078E-004
  0.774193525      0.967741907       4.8906959365582303E-004
  0.806451619      0.967741907       4.0441806285558757E-004
  0.838709652      0.967741907       2.6988203804051349E-004
  0.870967746      0.967741907       1.4661287056375030E-004
  0.903225780      0.967741907       4.6984935132608612E-005
  0.935483873      0.967741907       2.0936989107446369E-005
  0.967741907      0.967741907       1.5996980190470820E-005
   1.00000000      0.967741907       1.3583935973999247E-005
   0.00000000       1.00000000       6.4146136792222307E-007
   3.22580636E-02   1.00000000       8.1326477623440200E-007
   6.45161271E-02   1.00000000       1.1813837902711328E-006
   9.67741907E-02   1.00000000       1.7914035445129793E-006
  0.129032254       1.00000000       2.7003509269739995E-006
  0.161290318       1.00000000       3.9699268296290131E-006
  0.193548381       1.00000000       5.6679353648211666E-006
  0.225806445       1.00000000       7.8747109530109331E-006
  0.258064508       1.00000000       1.0693069482252489E-005
  0.290322572       1.00000000       1.4256615670160753E-005
  0.322580636       1.00000000       1.8742428225746680E-005
  0.354838699       1.00000000       2.4380388674801328E-005
  0.387096763       1.00000000       3.1473403297445978E-005
  0.419354826       1.00000000       4.0409445274124855E-005
  0.451612890       1.00000000       5.1691035678987397E-005
  0.483870953       1.00000000       6.5930950367510234E-005
  0.516129017       1.00000000       8.3866758242745839E-005
  0.548387110       1.00000000       1.0622910869788131E-004
  0.580645144       1.00000000       1.3361648574377358E-004
  0.612903237       1.00000000       1.6594170723107870E-004
  0.645161271       1.00000000       2.0161959822174899E-004
  0.677419364       1.00000000       2.3685694043391946E-004
  0.709677398       1.00000000       2.6275711324034117E-004
  0.741935492       1.00000000       2.6602511030425594E-004
  0.774193525       1.00000000       2.3870787184263365E-004
  0.806451619       1.00000000       1.8429806759295061E-004
  0.838709652       1.00000000       1.1562644777231206E-004
  0.870967746       1.00000000       5.4471420593047343E-005
  0.903225780       1.00000000       2.2737341088456398E-005
  0.935483873       1.00000000       1.5072480843646063E-005
  0.967741907       1.00000000       1.3583935973999010E-005
   1.00000000       1.00000000       1.2865365316458775E-005
