 # X Y T Z 
   0.00000000       0.00000000      -4.5009402841736032E-008
   3.33333351E-02   0.00000000      -4.4912763752427004E-008
   6.66666701E-02   0.00000000      -4.4533043768455252E-008
  0.100000001       0.00000000      -4.3611957151103858E-008
  0.133333340       0.00000000      -4.2004495248368356E-008
  0.166666672       0.00000000      -3.9825155764101547E-008
  0.200000003       0.00000000      -3.7367282237866714E-008
  0.233333334       0.00000000      -3.4929617548514445E-008
  0.266666681       0.00000000      -3.2724139885278308E-008
  0.300000012       0.00000000      -3.0911428885635993E-008
  0.333333343       0.00000000      -2.9565533486925269E-008
  0.366666675       0.00000000      -2.8642313608341283E-008
  0.400000006       0.00000000      -2.8040257447990019E-008
  0.433333337       0.00000000      -2.7651769734420364E-008
  0.466666669       0.00000000      -2.7399445942568462E-008
  0.500000000       0.00000000      -2.7238765569156421E-008
  0.533333361       0.00000000      -2.7217280772684135E-008
  0.566666663       0.00000000      -2.7490170001042563E-008
  0.600000024       0.00000000      -2.8246778450329371E-008
  0.633333325       0.00000000      -2.9560527953068939E-008
  0.666666687       0.00000000      -3.1283815783971630E-008
  0.699999988       0.00000000      -3.3095898574757483E-008
  0.733333349       0.00000000      -3.4634564876874843E-008
  0.766666651       0.00000000      -3.5637071675804002E-008
  0.800000012       0.00000000      -3.5967926136060667E-008
  0.833333313       0.00000000      -3.5648119207616971E-008
  0.866666675       0.00000000      -3.4804503321484576E-008
  0.899999976       0.00000000      -3.3656496832134425E-008
  0.933333337       0.00000000      -3.2476529610329583E-008
  0.966666639       0.00000000      -3.1521790908170186E-008
   1.00000000       0.00000000      -3.0990523243543816E-008
   0.00000000       3.33333351E-02  -4.7550157656174943E-008
   3.33333351E-02   3.33333351E-02  -4.7611595334687284E-008
   6.66666701E-02   3.33333351E-02  -4.7433055927036810E-008
  0.100000001       3.33333351E-02  -4.6577294279294412E-008
  0.133333340       3.33333351E-02  -4.4768396603549199E-008
  0.166666672       3.33333351E-02  -4.2233554834987877E-008
  0.200000003       3.33333351E-02  -3.9388832742768415E-008
  0.233333334       3.33333351E-02  -3.6607721487524371E-008
  0.266666681       3.33333351E-02  -3.4088586576327268E-008
  0.300000012       3.33333351E-02  -3.2080986673058663E-008
  0.333333343       3.33333351E-02  -3.0697617750172733E-008
  0.366666675       3.33333351E-02  -2.9826329152153608E-008
  0.400000006       3.33333351E-02  -2.9267520968074591E-008
  0.433333337       3.33333351E-02  -2.8886705463293354E-008
  0.466666669       3.33333351E-02  -2.8628124217684910E-008
  0.500000000       3.33333351E-02  -2.8397459792624431E-008
  0.533333361       3.33333351E-02  -2.8221645308342501E-008
  0.566666663       3.33333351E-02  -2.8320078200171246E-008
  0.600000024       3.33333351E-02  -2.9028642620633309E-008
  0.633333325       3.33333351E-02  -3.0536353444660970E-008
  0.666666687       3.33333351E-02  -3.2652882417253185E-008
  0.699999988       3.33333351E-02  -3.4926378700630978E-008
  0.733333349       3.33333351E-02  -3.6836055768911351E-008
  0.766666651       3.33333351E-02  -3.8071007019981583E-008
  0.800000012       3.33333351E-02  -3.8444688491923520E-008
  0.833333313       3.33333351E-02  -3.8050363778416654E-008
  0.866666675       3.33333351E-02  -3.7014534773815652E-008
  0.899999976       3.33333351E-02  -3.5582805958883981E-008
  0.933333337       3.33333351E-02  -3.4116671181064553E-008
  0.966666639       3.33333351E-02  -3.2934747154532776E-008
   1.00000000       3.33333351E-02  -3.2278209134836353E-008
   0.00000000       6.66666701E-02  -5.2661036678254905E-008
   3.33333351E-02   6.66666701E-02  -5.3141455015311492E-008
   6.66666701E-02   6.66666701E-02  -5.3510836141475171E-008
  0.100000001       6.66666701E-02  -5.2850727871346648E-008
  0.133333340       6.66666701E-02  -5.0422583076307342E-008
  0.166666672       6.66666701E-02  -4.7067914668878427E-008
  0.200000003       6.66666701E-02  -4.3348874287883754E-008
  0.233333334       6.66666701E-02  -3.9882450780922771E-008
  0.266666681       6.66666701E-02  -3.6549268201367668E-008
  0.300000012       6.66666701E-02  -3.4062785071297536E-008
  0.333333343       6.66666701E-02  -3.2688847504173078E-008
  0.366666675       6.66666701E-02  -3.2164661932163052E-008
  0.400000006       6.66666701E-02  -3.1794346074432052E-008
  0.433333337       6.66666701E-02  -3.1419755375152597E-008
  0.466666669       6.66666701E-02  -3.1193573646207465E-008
  0.500000000       6.66666701E-02  -3.0842061266565281E-008
  0.533333361       6.66666701E-02  -3.0293561263878069E-008
  0.566666663       6.66666701E-02  -2.9890926409384400E-008
  0.600000024       6.66666701E-02  -3.0372089152822142E-008
  0.633333325       6.66666701E-02  -3.2298940944443071E-008
  0.666666687       6.66666701E-02  -3.5307572892402835E-008
  0.699999988       6.66666701E-02  -3.8647873462725052E-008
  0.733333349       6.66666701E-02  -4.1302294314358480E-008
  0.766666651       6.66666701E-02  -4.2983698478912639E-008
  0.800000012       6.66666701E-02  -4.3338978199377806E-008
  0.833333313       6.66666701E-02  -4.2900027817692823E-008
  0.866666675       6.66666701E-02  -4.1558000979293602E-008
  0.899999976       6.66666701E-02  -3.9497570519363839E-008
  0.933333337       6.66666701E-02  -3.7400841012115785E-008
  0.966666639       6.66666701E-02  -3.5721416801522826E-008
   1.00000000       6.66666701E-02  -3.4790526344139969E-008
   0.00000000      0.100000001      -6.0289985187415851E-008
   3.33333351E-02  0.100000001      -6.1699203568509400E-008
   6.66666701E-02  0.100000001      -6.3309930127151623E-008
  0.100000001      0.100000001      -6.3123372802008013E-008
  0.133333340      0.100000001      -5.8317953953359453E-008
  0.166666672      0.100000001      -5.3310789182442475E-008
  0.200000003      0.100000001      -4.7243259278370239E-008
  0.233333334      0.100000001      -4.3606310421275343E-008
  0.266666681      0.100000001      -3.8283165931731096E-008
  0.300000012      0.100000001      -3.4797821851979306E-008
  0.333333343      0.100000001      -3.3811916536909646E-008
  0.366666675      0.100000001      -3.5392780205179518E-008
  0.400000006      0.100000001      -3.5832673465777468E-008
  0.433333337      0.100000001      -3.5327905882143532E-008
  0.466666669      0.100000001      -3.5331205075527297E-008
  0.500000000      0.100000001      -3.4885318146368749E-008
  0.533333361      0.100000001      -3.3598255757953145E-008
  0.566666663      0.100000001      -3.1924540984298172E-008
  0.600000024      0.100000001      -3.1553189155453590E-008
  0.633333325      0.100000001      -3.4199014029533126E-008
  0.666666687      0.100000001      -3.8380748345234923E-008
  0.699999988      0.100000001      -4.3222934236093746E-008
  0.733333349      0.100000001      -4.6505249135788893E-008
  0.766666651      0.100000001      -4.8764612994552439E-008
  0.800000012      0.100000001      -4.9079490145164523E-008
  0.833333313      0.100000001      -4.9849132563971332E-008
  0.866666675      0.100000001      -4.8766071808524838E-008
  0.899999976      0.100000001      -4.5488842107801672E-008
  0.933333337      0.100000001      -4.2277939929329100E-008
  0.966666639      0.100000001      -3.9742169143271167E-008
   1.00000000      0.100000001      -3.8338437565029956E-008
   0.00000000      0.133333340      -7.0042376596173711E-008
   3.33333351E-02  0.133333340      -7.3378584047314663E-008
   6.66666701E-02  0.133333340      -7.7492775509219528E-008
  0.100000001      0.133333340      -7.8909801201967888E-008
  0.133333340      0.133333340      -6.2495145126831644E-008
  0.166666672      0.133333340      -5.3415954589641074E-008
  0.200000003      0.133333340      -2.9015036357056545E-008
  0.233333334      0.133333340      -3.9942722452907670E-008
  0.266666681      0.133333340      -2.9783191085467134E-008
  0.300000012      0.133333340      -2.4905087721511024E-008
  0.333333343      0.133333340      -2.5763522511776729E-008
  0.366666675      0.133333340      -3.9585872831874452E-008
  0.400000006      0.133333340      -4.3085907464220086E-008
  0.433333337      0.133333340      -4.0640521957934980E-008
  0.466666669      0.133333340      -4.1532691293848061E-008
  0.500000000      0.133333340      -4.1211905515915921E-008
  0.533333361      0.133333340      -3.8579918586623824E-008
  0.566666663      0.133333340      -3.3820560921380034E-008
  0.600000024      0.133333340      -3.0873405112161537E-008
  0.633333325      0.133333340      -3.5711879780284984E-008
  0.666666687      0.133333340      -3.6105270515636619E-008
  0.699999988      0.133333340      -3.2565155363875435E-008
  0.733333349      0.133333340      -3.1263703079500993E-008
  0.766666651      0.133333340      -3.5940440341929517E-008
  0.800000012      0.133333340      -4.4931654420753489E-008
  0.833333313      0.133333340      -5.7650501771077181E-008
  0.866666675      0.133333340      -6.0745446674517756E-008
  0.899999976      0.133333340      -5.3680105796842167E-008
  0.933333337      0.133333340      -4.8493063410518303E-008
  0.966666639      0.133333340      -4.4603436179973047E-008
   1.00000000      0.133333340      -4.2445823112162093E-008
   0.00000000      0.166666672      -8.0739956990821468E-008
   3.33333351E-02  0.166666672      -8.8018986365082097E-008
   6.66666701E-02  0.166666672      -9.5593344316474357E-008
  0.100000001      0.166666672      -1.0945879229135730E-007
  0.133333340      0.166666672      -4.4488655692991735E-008
  0.166666672      0.166666672      -2.6236039401541719E-008
  0.200000003      0.166666672       2.3978087065781688E-007
  0.233333334      0.166666672      -8.8305591888250545E-009
  0.266666681      0.166666672       6.9649056838767820E-009
  0.300000012      0.166666672       8.1270126301401235E-009
  0.333333343      0.166666672       5.4884171787417460E-009
  0.366666675      0.166666672      -6.2710774563446911E-008
  0.400000006      0.166666672      -7.1859486849021673E-008
  0.433333337      0.166666672      -4.5548476074294859E-008
  0.466666669      0.166666672      -5.0604887311708584E-008
  0.500000000      0.166666672      -5.1212449460520150E-008
  0.533333361      0.166666672      -4.6627100752693121E-008
  0.566666663      0.166666672      -3.5300205720859880E-008
  0.600000024      0.166666672      -2.8293568442240742E-008
  0.633333325      0.166666672      -5.9555766313565753E-008
  0.666666687      0.166666672      -1.7562442821209001E-008
  0.699999988      0.166666672       1.7522683118560700E-007
  0.733333349      0.166666672       2.2740579819538996E-007
  0.766666651      0.166666672       1.8712044414946269E-007
  0.800000012      0.166666672       4.8709059854122605E-009
  0.833333313      0.166666672      -7.6019015549664073E-008
  0.866666675      0.166666672      -9.5969813007981686E-008
  0.899999976      0.166666672      -6.3962143233373819E-008
  0.933333337      0.166666672      -5.5046979413955754E-008
  0.966666639      0.166666672      -4.9282881015065907E-008
   1.00000000      0.166666672      -4.5958489365734156E-008
   0.00000000      0.200000003      -8.9819281838326645E-008
   3.33333351E-02  0.200000003      -1.0751083645414196E-007
   6.66666701E-02  0.200000003      -1.0711368887304437E-007
  0.100000001      0.200000003       8.0211237309373712E-007
  0.133333340      0.200000003       1.4803974703650989E-006
  0.166666672      0.200000003       2.7003423904749246E-006
  0.200000003      0.200000003       3.8350752834021180E-006
  0.233333334      0.200000003       4.0923237405077369E-006
  0.266666681      0.200000003       3.5260879225308076E-006
  0.300000012      0.200000003       3.7394973775640473E-006
  0.333333343      0.200000003       2.4885205959159114E-006
  0.366666675      0.200000003       6.3164587050471704E-007
  0.400000006      0.200000003       5.9982533301124272E-007
  0.433333337      0.200000003       9.3942561099971678E-009
  0.466666669      0.200000003      -5.5396807247865866E-008
  0.500000000      0.200000003      -6.5839292348449964E-008
  0.533333361      0.200000003      -6.1745231233261907E-008
  0.566666663      0.200000003      -4.0517062518431735E-008
  0.600000024      0.200000003      -5.0883099502623853E-008
  0.633333325      0.200000003       8.4289855150894519E-007
  0.666666687      0.200000003       2.3464503460148955E-006
  0.699999988      0.200000003       4.1110500265243745E-006
  0.733333349      0.200000003       5.0863179140432473E-006
  0.766666651      0.200000003       4.7033169815690300E-006
  0.800000012      0.200000003       3.2056043914423238E-006
  0.833333313      0.200000003       1.5865275948348263E-006
  0.866666675      0.200000003       3.3100265356867005E-007
  0.899999976      0.200000003      -6.3371241393545344E-008
  0.933333337      0.200000003      -5.6405720823488395E-008
  0.966666639      0.200000003      -5.1018774745474268E-008
   1.00000000      0.200000003      -4.5880391522871294E-008
   0.00000000      0.233333334      -8.9220197762142697E-008
   3.33333351E-02  0.233333334       1.5885721247298201E-007
   6.66666701E-02  0.233333334       6.5050077194955813E-007
  0.100000001      0.233333334       2.3171275797219046E-006
  0.133333340      0.233333334       6.5118493157833440E-006
  0.166666672      0.233333334       1.3500603752552784E-005
  0.200000003      0.233333334       2.2437889681381235E-005
  0.233333334      0.233333334       2.7489635321750402E-005
  0.266666681      0.233333334       2.5490226556634972E-005
  0.300000012      0.233333334       2.3511041221033896E-005
  0.333333343      0.233333334       9.4585169664747858E-006
  0.366666675      0.233333334       6.0477892448325930E-006
  0.400000006      0.233333334       3.1668374340808238E-006
  0.433333337      0.233333334       9.8633062319626770E-007
  0.466666669      0.233333334       3.8343278754762039E-008
  0.500000000      0.233333334      -7.8907989777693421E-008
  0.533333361      0.233333334      -9.4493341114883916E-008
  0.566666663      0.233333334      -7.2756249727494969E-008
  0.600000024      0.233333334       1.5851304828663933E-006
  0.633333325      0.233333334       5.6886025702218047E-006
  0.666666687      0.233333334       1.3168794831972409E-005
  0.699999988      0.233333334       2.2877286639464475E-005
  0.733333349      0.233333334       2.9694658511227132E-005
  0.766666651      0.233333334       2.8527444627256867E-005
  0.800000012      0.233333334       2.0089537176103990E-005
  0.833333313      0.233333334       1.0426007204323955E-005
  0.866666675      0.233333334       4.0401233342673547E-006
  0.899999976      0.233333334       1.1188121561093306E-006
  0.933333337      0.233333334      -1.2149120659585982E-008
  0.966666639      0.233333334      -4.2504550194820759E-008
   1.00000000      0.233333334      -3.2635519842984240E-008
   0.00000000      0.266666681       3.8376847884442900E-009
   3.33333351E-02  0.266666681       6.0123688373726544E-007
   6.66666701E-02  0.266666681       1.5395116622460465E-006
  0.100000001      0.266666681       5.9799888841843146E-006
  0.133333340      0.266666681       2.2961343820694733E-005
  0.166666672      0.266666681       5.9447504709141032E-005
  0.200000003      0.266666681       1.1448303197054239E-004
  0.233333334      0.266666681       1.4972729152195165E-004
  0.266666681      0.266666681       1.5592484217702342E-004
  0.300000012      0.266666681       9.8960807051480700E-005
  0.333333343      0.266666681       5.3677508192861295E-005
  0.366666675      0.266666681       2.3231153975985467E-005
  0.400000006      0.266666681       8.4277569436792647E-006
  0.433333337      0.266666681       3.4414526483203794E-006
  0.466666669      0.266666681       1.3459937332209633E-006
  0.500000000      0.266666681       2.0398958005488771E-007
  0.533333361      0.266666681      -1.9311097645361569E-007
  0.566666663      0.266666681       6.3262606654959901E-007
  0.600000024      0.266666681       6.3063663955256581E-006
  0.633333325      0.266666681       2.2717755489595585E-005
  0.666666687      0.266666681       5.8553380270908329E-005
  0.699999988      0.266666681       1.1050493174114689E-004
  0.733333349      0.266666681       1.5201308676110296E-004
  0.766666651      0.266666681       1.5111561171974154E-004
  0.800000012      0.266666681       1.0784627912143081E-004
  0.833333313      0.266666681       5.4920354560737943E-005
  0.866666675      0.266666681       2.0031206935967058E-005
  0.899999976      0.266666681       5.2986124946794756E-006
  0.933333337      0.266666681       1.0183463693301184E-006
  0.966666639      0.266666681       2.9065896065840445E-007
   1.00000000      0.266666681       3.7561629858328879E-008
   0.00000000      0.300000012       8.7440162554368664E-008
   3.33333351E-02  0.300000012       9.0820418862562827E-007
   6.66666701E-02  0.300000012       3.4810494168456725E-006
  0.100000001      0.300000012       1.8044360517324156E-005
  0.133333340      0.300000012       8.0160979407275677E-005
  0.166666672      0.300000012       2.4652951620143695E-004
  0.200000003      0.300000012       4.8771735886155476E-004
  0.233333334      0.300000012       7.0737431688635828E-004
  0.266666681      0.300000012       6.5250018977037485E-004
  0.300000012      0.300000012       4.4335601274015052E-004
  0.333333343      0.300000012       2.1968070517872388E-004
  0.366666675      0.300000012       7.6344499861195078E-005
  0.400000006      0.300000012       2.5768337758466826E-005
  0.433333337      0.300000012       8.3180144877430338E-006
  0.466666669      0.300000012       2.3947819143021500E-006
  0.500000000      0.300000012       8.4783581946702366E-007
  0.533333361      0.300000012      -2.4981169030277063E-007
  0.566666663      0.300000012       2.5885305082096102E-006
  0.600000024      0.300000012       1.9516743397484434E-005
  0.633333325      0.300000012       7.9538317646165538E-005
  0.666666687      0.300000012       2.2493190760229697E-004
  0.699999988      0.300000012       4.5273269505893268E-004
  0.733333349      0.300000012       6.5271596575021754E-004
  0.766666651      0.300000012       6.7135173239258683E-004
  0.800000012      0.300000012       4.8915302518919078E-004
  0.833333313      0.300000012       2.4986503948774830E-004
  0.866666675      0.300000012       8.8725898604991200E-005
  0.899999976      0.300000012       2.1846813587060414E-005
  0.933333337      0.300000012       3.7702628639037662E-006
  0.966666639      0.300000012       5.0983307347271870E-007
   1.00000000      0.300000012       4.0423107789148635E-007
   0.00000000      0.333333343       1.3715322442456497E-007
   3.33333351E-02  0.333333343       1.4646620771520662E-006
   6.66666701E-02  0.333333343       9.0578311393784902E-006
  0.100000001      0.333333343       5.7321020997891294E-005
  0.133333340      0.333333343       2.7423236022616412E-004
  0.166666672      0.333333343       8.3737337796305905E-004
  0.200000003      0.333333343       1.7542662389154245E-003
  0.233333334      0.333333343       2.3936474201308273E-003
  0.266666681      0.333333343       2.3015043036383152E-003
  0.300000012      0.333333343       1.5255342092069038E-003
  0.333333343      0.333333343       7.0543917367352086E-004
  0.366666675      0.333333343       2.4454672842864271E-004
  0.400000006      0.333333343       6.9344878181995485E-005
  0.433333337      0.333333343       1.5756549075191363E-005
  0.466666669      0.333333343       4.8763846883441257E-006
  0.500000000      0.333333343       1.0089880874636706E-006
  0.533333361      0.333333343      -2.1411706976090343E-007
  0.566666663      0.333333343       6.5735517522386849E-006
  0.600000024      0.333333343       5.1405348141063314E-005
  0.633333325      0.333333343       2.3192435087585799E-004
  0.666666687      0.333333343       7.0276189574229272E-004
  0.699999988      0.333333343       1.4868749084764824E-003
  0.733333349      0.333333343       2.2276441038146947E-003
  0.766666651      0.333333343       2.3643604924548376E-003
  0.800000012      0.333333343       1.7655768002122697E-003
  0.833333313      0.333333343       9.1717654312568181E-004
  0.866666675      0.333333343       3.2713898731265019E-004
  0.899999976      0.333333343       7.9073064163194648E-005
  0.933333337      0.333333343       1.2783014268520870E-005
  0.966666639      0.333333343       1.4063225943946852E-006
   1.00000000      0.333333343       5.3641460344986194E-007
   0.00000000      0.366666675       1.5378229481402116E-007
   3.33333351E-02  0.366666675       2.7163180570834297E-006
   6.66666701E-02  0.366666675       2.5152861659135826E-005
  0.100000001      0.366666675       1.6754544594586873E-004
  0.133333340      0.366666675       7.5095281017062681E-004
  0.166666672      0.366666675       2.2811009473533328E-003
  0.200000003      0.366666675       4.5768021270281237E-003
  0.233333334      0.366666675       6.3460506358038451E-003
  0.266666681      0.366666675       6.0240683407484716E-003
  0.300000012      0.366666675       3.9415032013870996E-003
  0.333333343      0.366666675       1.8138920566660899E-003
  0.366666675      0.366666675       6.1746971084701834E-004
  0.400000006      0.366666675       1.5232747245853319E-004
  0.433333337      0.366666675       3.6852059064146131E-005
  0.466666669      0.366666675       6.8526965171370521E-006
  0.500000000      0.366666675       5.3517398353121644E-007
  0.533333361      0.366666675      -1.9337992952653607E-007
  0.566666663      0.366666675       1.2586863158629185E-005
  0.600000024      0.366666675       1.0924732480721393E-004
  0.633333325      0.366666675       5.3192981990196728E-004
  0.666666687      0.366666675       1.6989159273553113E-003
  0.699999988      0.366666675       3.7371561405152107E-003
  0.733333349      0.366666675       5.7761520522019039E-003
  0.766666651      0.366666675       6.3002928827066247E-003
  0.800000012      0.366666675       4.8195132867679697E-003
  0.833333313      0.366666675       2.5566780999827826E-003
  0.866666675      0.366666675       9.2848810140950459E-004
  0.899999976      0.366666675       2.2790183816532222E-004
  0.933333337      0.366666675       3.7227469036387557E-005
  0.966666639      0.366666675       3.8845591616310654E-006
   1.00000000      0.366666675       6.0330078564970434E-007
   0.00000000      0.400000006       2.5071648287198003E-007
   3.33333351E-02  0.400000006       6.6622273368987617E-006
   6.66666701E-02  0.400000006       5.2171216565942750E-005
  0.100000001      0.400000006       3.5080793559489341E-004
  0.133333340      0.400000006       1.5327734940674955E-003
  0.166666672      0.400000006       4.4761284767101447E-003
  0.200000003      0.400000006       8.9665662114092222E-003
  0.233333334      0.400000006       1.2234798804487065E-002
  0.266666681      0.400000006       1.1495326655007621E-002
  0.300000012      0.400000006       7.5113656436139745E-003
  0.333333343      0.400000006       3.4172437681276998E-003
  0.366666675      0.400000006       1.0976618012630010E-003
  0.400000006      0.400000006       2.9707179902314061E-004
  0.433333337      0.400000006       6.3037831035415721E-005
  0.466666669      0.400000006       1.0143672734009017E-005
  0.500000000      0.400000006       1.0625833090846526E-006
  0.533333361      0.400000006      -1.5735077461007455E-007
  0.566666663      0.400000006       1.8543708117435553E-005
  0.600000024      0.400000006       1.7626601036692391E-004
  0.633333325      0.400000006       9.1045249715499574E-004
  0.666666687      0.400000006       3.0291000848767704E-003
  0.699999988      0.400000006       6.8846755668205721E-003
  0.733333349      0.400000006       1.0964063708842056E-002
  0.766666651      0.400000006       1.2282607166010555E-002
  0.800000012      0.400000006       9.6178550590631327E-003
  0.833333313      0.400000006       5.2058323725375577E-003
  0.866666675      0.400000006       1.9232589256311847E-003
  0.899999976      0.400000006       4.7924898442887592E-004
  0.933333337      0.400000006       7.9715452502982409E-005
  0.966666639      0.400000006       8.5338289355250062E-006
   1.00000000      0.400000006       8.6117701482963760E-007
   0.00000000      0.433333337       7.1871007242187038E-007
   3.33333351E-02  0.433333337       8.5802669726975324E-006
   6.66666701E-02  0.433333337       7.8419963564643042E-005
  0.100000001      0.433333337       5.0378439407823062E-004
  0.133333340      0.433333337       2.1631762015568877E-003
  0.166666672      0.433333337       6.2346207921098263E-003
  0.200000003      0.433333337       1.2198028105862634E-002
  0.233333334      0.433333337       1.6445712578067758E-002
  0.266666681      0.433333337       1.5344455955435734E-002
  0.300000012      0.433333337       9.9172939090990814E-003
  0.333333343      0.433333337       4.4839000323800733E-003
  0.366666675      0.433333337       1.4555623734244854E-003
  0.400000006      0.433333337       3.4425556907633951E-004
  0.433333337      0.433333337       7.4517965440205880E-005
  0.466666669      0.433333337       1.7896624387702396E-005
  0.500000000      0.433333337       4.8627837007253092E-006
  0.533333361      0.433333337       4.4613970126951633E-008
  0.566666663      0.433333337       1.9145698090094554E-005
  0.600000024      0.433333337       2.0118816438134809E-004
  0.633333325      0.433333337       1.0933391716894457E-003
  0.666666687      0.433333337       3.7690765157810825E-003
  0.699999988      0.433333337       8.8469835151755976E-003
  0.733333349      0.433333337       1.4505740136523369E-002
  0.766666651      0.433333337       1.6677266393293547E-002
  0.800000012      0.433333337       1.3358917833265557E-002
  0.833333313      0.433333337       7.3735613714754917E-003
  0.866666675      0.433333337       2.7697563996936462E-003
  0.899999976      0.433333337       6.9993304101965113E-004
  0.933333337      0.433333337       1.1794828801225742E-004
  0.966666639      0.433333337       1.2932595810789002E-005
   1.00000000      0.433333337       9.3996611729850639E-007
   0.00000000      0.466666669       9.4692201003217645E-007
   3.33333351E-02  0.466666669       8.8708134644232238E-006
   6.66666701E-02  0.466666669       7.5748601162454446E-005
  0.100000001      0.466666669       4.6190434170012941E-004
  0.133333340      0.466666669       1.9027851859581145E-003
  0.166666672      0.466666669       5.3462060592100753E-003
  0.200000003      0.466666669       1.0300620709719639E-002
  0.233333334      0.466666669       1.3701695863686799E-002
  0.266666681      0.466666669       1.2670365880813319E-002
  0.300000012      0.466666669       8.1720868147163710E-003
  0.333333343      0.466666669       3.6750317874297816E-003
  0.366666675      0.466666669       1.1655563114766031E-003
  0.400000006      0.466666669       2.8150435693568285E-004
  0.433333337      0.466666669       5.6520838722846635E-005
  0.466666669      0.466666669       1.1623811466322489E-005
  0.500000000      0.466666669       3.6602614467454945E-006
  0.533333361      0.466666669       1.5322415940449523E-007
  0.566666663      0.466666669       1.2927247792094603E-005
  0.600000024      0.466666669       1.4549897803504248E-004
  0.633333325      0.466666669       8.2251086184388742E-004
  0.666666687      0.466666669       2.9277492283857386E-003
  0.699999988      0.466666669       7.0778922044580405E-003
  0.733333349      0.466666669       1.1920362449811183E-002
  0.766666651      0.466666669       1.4037470287683563E-002
  0.800000012      0.466666669       1.1484092514782962E-002
  0.833333313      0.466666669       6.4555313272052365E-003
  0.866666675      0.466666669       2.4629421997380899E-003
  0.899999976      0.466666669       6.3054289004820505E-004
  0.933333337      0.466666669       1.0736722941970950E-004
  0.966666639      0.466666669       1.1839495920901861E-005
   1.00000000      0.466666669       8.8289647579740070E-007
   0.00000000      0.500000000       8.7935930955911384E-007
   3.33333351E-02  0.500000000       5.1982444450825974E-006
   6.66666701E-02  0.500000000       3.2580731397495726E-005
  0.100000001      0.500000000       1.9078105440472812E-004
  0.133333340      0.500000000       7.9773291842738048E-004
  0.166666672      0.500000000       2.3041278510605280E-003
  0.200000003      0.500000000       4.6233873088248247E-003
  0.233333334      0.500000000       6.4670585519876651E-003
  0.266666681      0.500000000       6.3175387286720664E-003
  0.300000012      0.500000000       4.3103208595072903E-003
  0.333333343      0.500000000       2.0522821533814958E-003
  0.366666675      0.500000000       6.8858987541680066E-004
  0.400000006      0.500000000       1.7113343790604876E-004
  0.433333337      0.500000000       3.6001973919449207E-005
  0.466666669      0.500000000       7.4807118098808704E-006
  0.500000000      0.500000000       2.0973229735013000E-006
  0.533333361      0.500000000       8.1824568071674209E-008
  0.566666663      0.500000000       5.3563674756445124E-006
  0.600000024      0.500000000       6.4228428570487742E-005
  0.633333325      0.500000000       3.7234995183075431E-004
  0.666666687      0.500000000       1.3583203388760801E-003
  0.699999988      0.500000000       3.3542415325090906E-003
  0.733333349      0.500000000       5.7497226864987681E-003
  0.766666651      0.500000000       6.8675902969857969E-003
  0.800000012      0.500000000       5.6800783405088866E-003
  0.833333313      0.500000000       3.2185590717973365E-003
  0.866666675      0.500000000       1.2347125968316360E-003
  0.899999976      0.500000000       3.1721167134941933E-004
  0.933333337      0.500000000       5.3998217114313677E-005
  0.966666639      0.500000000       5.6407588649795599E-006
   1.00000000      0.500000000       6.2634451742863749E-007
   0.00000000      0.533333361       8.7666583739042805E-007
   3.33333351E-02  0.533333361       5.4581926921279476E-006
   6.66666701E-02  0.533333361       4.2444832992451697E-005
  0.100000001      0.533333361       2.8373880067979250E-004
  0.133333340      0.533333361       1.3039377151538385E-003
  0.166666672      0.533333361       4.0532757229791421E-003
  0.200000003      0.533333361       8.5810360138653743E-003
  0.233333334      0.533333361       1.2464097594900417E-002
  0.266666681      0.533333361       1.2484057756602218E-002
  0.300000012      0.533333361       8.6435367107010868E-003
  0.333333343      0.533333361       4.1479460087461093E-003
  0.366666675      0.533333361       1.4018697213417769E-003
  0.400000006      0.533333361       3.5566031966863048E-004
  0.433333337      0.533333361       7.6823376719363122E-005
  0.466666669      0.533333361       1.5809737458126179E-005
  0.500000000      0.533333361       3.8710075287823028E-006
  0.533333361      0.533333361       1.8446621664869843E-007
  0.566666663      0.533333361       1.4123453328602521E-005
  0.600000024      0.533333361       1.5382821417729130E-004
  0.633333325      0.533333361       8.4352647040599133E-004
  0.666666687      0.533333361       2.9189441779545501E-003
  0.699999988      0.533333361       6.8785910813507533E-003
  0.733333349      0.533333361       1.1311781792822398E-002
  0.766666651      0.533333361       1.3031111390204171E-002
  0.800000012      0.533333361       1.0444595242566634E-002
  0.833333313      0.533333361       5.7615285447468172E-003
  0.866666675      0.533333361       2.1612033391958585E-003
  0.899999976      0.533333361       5.4415394781295759E-004
  0.933333337      0.533333361       9.2016144002735593E-005
  0.966666639      0.533333361       1.0898213755359729E-005
   1.00000000      0.533333361       1.4382469961452931E-006
   0.00000000      0.566666663       9.2502995367274338E-007
   3.33333351E-02  0.566666663       8.4965668046972339E-006
   6.66666701E-02  0.566666663       7.4793569766739296E-005
  0.100000001      0.566666663       4.9961514990681571E-004
  0.133333340      0.566666663       2.2342060395172713E-003
  0.166666672      0.566666663       6.7108723312811237E-003
  0.200000003      0.566666663       1.3672325085102568E-002
  0.233333334      0.566666663       1.9045614522968268E-002
  0.266666681      0.566666663       1.8242680833134857E-002
  0.300000012      0.566666663       1.2057258053745927E-002
  0.333333343      0.566666663       5.5273205888212718E-003
  0.366666675      0.566666663       1.7975143048839075E-003
  0.400000006      0.566666663       4.4711483153814756E-004
  0.433333337      0.566666663       9.6344994462755631E-005
  0.466666669      0.566666663       1.9698563816823158E-005
  0.500000000      0.566666663       4.9998337125665374E-006
  0.533333361      0.566666663       5.2993415440658748E-007
  0.566666663      0.566666663       2.3284167190882601E-005
  0.600000024      0.566666663       2.4446275036285234E-004
  0.633333325      0.566666663       1.3091253139441445E-003
  0.666666687      0.566666663       4.4506571203439373E-003
  0.699999988      0.566666663       1.0331098725350953E-002
  0.733333349      0.566666663       1.6816847853025015E-002
  0.766666651      0.566666663       1.9229940061307311E-002
  0.800000012      0.566666663       1.5348680013755837E-002
  0.833333313      0.566666663       8.4512709144787222E-003
  0.866666675      0.566666663       3.1701471689023438E-003
  0.899999976      0.566666663       8.0223542004358671E-004
  0.933333337      0.566666663       1.3493465242161025E-004
  0.966666639      0.566666663       1.4396578020375368E-005
   1.00000000      0.566666663       6.1131806259549218E-007
   0.00000000      0.600000024       5.1468373024111426E-007
   3.33333351E-02  0.600000024       8.5619416307115837E-006
   6.66666701E-02  0.600000024       7.4992498947971660E-005
  0.100000001      0.600000024       4.8752988341944990E-004
  0.133333340      0.600000024       2.1096688053450809E-003
  0.166666672      0.600000024       6.1146435862553744E-003
  0.200000003      0.600000024       1.1991572101736580E-002
  0.233333334      0.600000024       1.6043434589148056E-002
  0.266666681      0.600000024       1.4732085100444785E-002
  0.300000012      0.600000024       9.3265802716514350E-003
  0.333333343      0.600000024       4.1024707373897564E-003
  0.366666675      0.600000024       1.2912879482948746E-003
  0.400000006      0.600000024       3.1693778538273155E-004
  0.433333337      0.600000024       6.8399362538529762E-005
  0.466666669      0.600000024       1.4128285827839015E-005
  0.500000000      0.600000024       3.1418550095418073E-006
  0.533333361      0.600000024       1.1173488541956628E-008
  0.566666663      0.600000024       2.0773802756887194E-005
  0.600000024      0.600000024       2.0753975970956616E-004
  0.633333325      0.600000024       1.0979762999036068E-003
  0.666666687      0.600000024       3.6973656427614116E-003
  0.699999988      0.600000024       8.5375841503847819E-003
  0.733333349      0.600000024       1.3834857405015217E-002
  0.766666651      0.600000024       1.5806278984152759E-002
  0.800000012      0.600000024       1.2637441442276066E-002
  0.833333313      0.600000024       6.9921722822107631E-003
  0.866666675      0.600000024       2.6410263166093116E-003
  0.899999976      0.600000024       6.7115857786404041E-004
  0.933333337      0.600000024       1.1399100543520681E-004
  0.966666639      0.600000024       1.2876185261338487E-005
   1.00000000      0.600000024       5.1002775348843855E-007
   0.00000000      0.633333325       7.5813227601458609E-008
   3.33333351E-02  0.633333325       5.9499256557601519E-006
   6.66666701E-02  0.633333325       4.7103893236026648E-005
  0.100000001      0.633333325       2.9510879780373517E-004
  0.133333340      0.633333325       1.2403048502959788E-003
  0.166666672      0.633333325       3.4864556604242000E-003
  0.200000003      0.633333325       6.6155442535753822E-003
  0.233333334      0.633333325       8.5447888840824177E-003
  0.266666681      0.633333325       7.5616769857137119E-003
  0.300000012      0.633333325       4.6103726409492717E-003
  0.333333343      0.633333325       1.9575369838175250E-003
  0.366666675      0.633333325       6.0062980314722438E-004
  0.400000006      0.633333325       1.4659667211219921E-004
  0.433333337      0.633333325       3.2022512484103371E-005
  0.466666669      0.633333325       6.7415118381098141E-006
  0.500000000      0.633333325       1.2396732226685773E-006
  0.533333361      0.633333325      -1.8703630045679813E-007
  0.566666663      0.633333325       1.2258038216571201E-005
  0.600000024      0.633333325       1.1441264298534762E-004
  0.633333325      0.633333325       5.9495178387384011E-004
  0.666666687      0.633333325       1.9695324394222663E-003
  0.699999988      0.633333325       4.5204931163234053E-003
  0.733333349      0.633333325       7.2644186985410027E-003
  0.766666651      0.633333325       8.2689746107856808E-003
  0.800000012      0.633333325       6.6086541430734232E-003
  0.833333313      0.633333325       3.6678575013624113E-003
  0.866666675      0.633333325       1.3931791688539534E-003
  0.899999976      0.633333325       3.5703969018668398E-004
  0.933333337      0.633333325       6.1122700712307366E-005
  0.966666639      0.633333325       6.5009680899740657E-006
   1.00000000      0.633333325       7.8795140802013380E-007
   0.00000000      0.666666687       3.8789885979054889E-008
   3.33333351E-02  0.666666687       3.0781842273214406E-006
   6.66666701E-02  0.666666687       2.0317239282691048E-005
  0.100000001      0.666666687       1.1951697998373117E-004
  0.133333340      0.666666687       4.8829825918021122E-004
  0.166666672      0.666666687       1.3362337137767027E-003
  0.200000003      0.666666687       2.4632119579684813E-003
  0.233333334      0.666666687       3.0835596750259727E-003
  0.266666681      0.666666687       2.6397151059339668E-003
  0.300000012      0.666666687       1.5557862672746282E-003
  0.333333343      0.666666687       6.4023152087019594E-004
  0.366666675      0.666666687       1.9255305809299221E-004
  0.400000006      0.666666687       4.7217898003789146E-005
  0.433333337      0.666666687       1.0656909839593153E-005
  0.466666669      0.666666687       2.4208199750176207E-006
  0.500000000      0.666666687      -1.1165935392401169E-007
  0.533333361      0.666666687      -1.2954794141432652E-007
  0.566666663      0.666666687       6.1843789285144415E-006
  0.600000024      0.666666687       4.4953935075485929E-005
  0.633333325      0.666666687       2.1831271859197848E-004
  0.666666687      0.666666687       7.3774887086074548E-004
  0.699999988      0.666666687       1.6262730220200526E-003
  0.733333349      0.666666687       2.6118514225300263E-003
  0.766666651      0.666666687       2.9406606626060563E-003
  0.800000012      0.666666687       2.3487966336552947E-003
  0.833333313      0.666666687       1.3033545300749634E-003
  0.866666675      0.666666687       4.9565495304773285E-004
  0.899999976      0.666666687       1.2749524849539693E-004
  0.933333337      0.666666687       2.2235687276202495E-005
  0.966666639      0.666666687       2.8298767804302917E-006
   1.00000000      0.666666687       3.7601429258050391E-007
   0.00000000      0.699999988       4.5969426973107783E-008
   3.33333351E-02  0.699999988       7.3723121759802258E-008
   6.66666701E-02  0.699999988       7.0460024481540113E-006
  0.100000001      0.699999988       3.4437387806856299E-005
  0.133333340      0.699999988       1.3366991457353170E-004
  0.166666672      0.699999988       3.5596366076614974E-004
  0.200000003      0.699999988       6.3888329184251785E-004
  0.233333334      0.699999988       7.7706399960776606E-004
  0.266666681      0.699999988       6.4495434723804918E-004
  0.300000012      0.699999988       3.6823290670536608E-004
  0.333333343      0.699999988       1.4739418805124595E-004
  0.366666675      0.699999988       4.4009408077419802E-005
  0.400000006      0.699999988       1.1177399345240922E-005
  0.433333337      0.699999988       2.6428022716890433E-006
  0.466666669      0.699999988       1.3177406659988303E-007
  0.500000000      0.699999988      -7.1235705750741056E-008
  0.533333361      0.699999988      -1.0170307539192347E-007
  0.566666663      0.699999988       2.6083295620226094E-006
  0.600000024      0.699999988       1.4324247232936401E-005
  0.633333325      0.699999988       6.1341696333270255E-005
  0.666666687      0.699999988       1.8748151142750199E-004
  0.699999988      0.699999988       4.2560419281948754E-004
  0.733333349      0.699999988       6.4749493957197294E-004
  0.766666651      0.699999988       7.3690972147196626E-004
  0.800000012      0.699999988       5.8320126661260850E-004
  0.833333313      0.699999988       3.2232255494313398E-004
  0.866666675      0.699999988       1.2250386560083980E-004
  0.899999976      0.699999988       3.2275901914380418E-005
  0.933333337      0.699999988       6.3876399505171576E-006
  0.966666639      0.699999988       1.2968598082880396E-006
   1.00000000      0.699999988       5.8039319747319514E-008
   0.00000000      0.733333349       3.3887867374976337E-008
   3.33333351E-02  0.733333349       4.3058171964667664E-008
   6.66666701E-02  0.733333349       2.1908212769177881E-006
  0.100000001      0.733333349       7.9943689294384229E-006
  0.133333340      0.733333349       2.6644542454222692E-005
  0.166666672      0.733333349       6.7302967421803081E-005
  0.200000003      0.733333349       1.1722120756846701E-004
  0.233333334      0.733333349       1.3847170529039400E-004
  0.266666681      0.733333349       1.1168038397526626E-004
  0.300000012      0.733333349       6.2097783683002063E-005
  0.333333343      0.733333349       2.4690511520055787E-005
  0.366666675      0.733333349       7.6719912285737779E-006
  0.400000006      0.733333349       2.0605775779096707E-006
  0.433333337      0.733333349       9.2295617482355229E-008
  0.466666669      0.733333349      -3.4936097780121841E-008
  0.500000000      0.733333349      -5.1567102984408086E-008
  0.533333361      0.733333349      -6.3243969034769247E-008
  0.566666663      0.733333349       1.2285567741548119E-006
  0.600000024      0.733333349       5.9695771317420107E-006
  0.633333325      0.733333349       1.3775536317798057E-005
  0.666666687      0.733333349       3.4035007355491509E-005
  0.699999988      0.733333349       7.5941954706036934E-005
  0.733333349      0.733333349       1.1715366190108802E-004
  0.766666651      0.733333349       1.2982609887927596E-004
  0.800000012      0.733333349       1.0256336016491502E-004
  0.833333313      0.733333349       5.6350766247326888E-005
  0.866666675      0.733333349       2.2188761601298274E-005
  0.899999976      0.733333349       6.8257102167269037E-006
  0.933333337      0.733333349       2.0435878661519916E-006
  0.966666639      0.733333349       8.4249479351641062E-008
   1.00000000      0.733333349       6.2332803775206995E-008
   0.00000000      0.766666651       2.1828529963826074E-008
   3.33333351E-02  0.766666651       2.1738269842508894E-008
   6.66666701E-02  0.766666651       1.5667010968504341E-008
  0.100000001      0.766666651       2.0549733678550987E-006
  0.133333340      0.766666651       4.6291341860865308E-006
  0.166666672      0.766666651       9.9763378148530501E-006
  0.200000003      0.766666651       1.6006218478609657E-005
  0.233333334      0.766666651       1.8181465177664327E-005
  0.266666681      0.766666651       1.4404293749967309E-005
  0.300000012      0.766666651       8.1816428479749746E-006
  0.333333343      0.766666651       3.4030761355430955E-006
  0.366666675      0.766666651       9.1808886797383219E-007
  0.400000006      0.766666651      -4.7366217854200032E-008
  0.433333337      0.766666651      -1.7581855683910901E-008
  0.466666669      0.766666651      -2.5888010586247977E-008
  0.500000000      0.766666651      -2.4716614990924653E-008
  0.533333361      0.766666651      -2.2369506406830046E-008
  0.566666663      0.766666651       5.0062609321520780E-007
  0.600000024      0.766666651       2.2379201167940484E-006
  0.633333325      0.766666651       4.4532837363808189E-006
  0.666666687      0.766666651       4.7782438998974445E-006
  0.699999988      0.766666651       7.2949789133948178E-006
  0.733333349      0.766666651       1.7351454864126810E-005
  0.766666651      0.766666651       1.7536883821331215E-005
  0.800000012      0.766666651       1.3568959234947051E-005
  0.833333313      0.766666651       8.0323030618419458E-006
  0.866666675      0.766666651       3.9865328713771628E-006
  0.899999976      0.766666651       1.5828376975211313E-006
  0.933333337      0.766666651       2.1316223036780407E-007
  0.966666639      0.766666651       7.3396724093854199E-008
   1.00000000      0.766666651       5.2212999522701850E-008
   0.00000000      0.800000012       1.4328061166126935E-008
   3.33333351E-02  0.800000012       1.4167519124226938E-008
   6.66666701E-02  0.800000012       1.3907452451385888E-008
  0.100000001      0.800000012       9.4877812943389844E-009
  0.133333340      0.800000012       9.0678581203366970E-007
  0.166666672      0.800000012       1.4962184796640755E-006
  0.200000003      0.800000012       2.1759530141024063E-006
  0.233333334      0.800000012       2.2606275510021799E-006
  0.266666681      0.800000012       1.8224316582871958E-006
  0.300000012      0.800000012       9.5473773075029989E-007
  0.333333343      0.800000012       1.1039509869952262E-007
  0.366666675      0.800000012      -3.5750219715569714E-008
  0.400000006      0.800000012      -1.4398352518076030E-008
  0.433333337      0.800000012      -1.2511923263517494E-008
  0.466666669      0.800000012      -1.1554544817357452E-008
  0.500000000      0.800000012      -6.0216141464937943E-009
  0.533333361      0.800000012       8.7962399580453383E-009
  0.566666663      0.800000012       4.0517719663722609E-008
  0.600000024      0.800000012       6.3579552000969913E-007
  0.633333325      0.800000012       8.4425477790207090E-007
  0.666666687      0.800000012       7.2448027699202003E-007
  0.699999988      0.800000012       2.4799701044098902E-007
  0.733333349      0.800000012       2.1316423067930905E-006
  0.766666651      0.800000012       2.8967216256029220E-006
  0.800000012      0.800000012       2.1725539065235049E-006
  0.833333313      0.800000012       1.3513252829643226E-006
  0.866666675      0.800000012       7.0581470615880583E-007
  0.899999976      0.800000012       4.1812274157978016E-008
  0.933333337      0.800000012       4.7880857398396350E-008
  0.966666639      0.800000012       4.0751555368916115E-008
   1.00000000      0.800000012       3.7834294340033728E-008
   0.00000000      0.833333313       9.1081020575038002E-009
   3.33333351E-02  0.833333313       8.2246485518400886E-009
   6.66666701E-02  0.833333313       5.8527918980495058E-009
  0.100000001      0.833333313      -4.0001436421056857E-009
  0.133333340      0.833333313      -7.1403891233317446E-008
  0.166666672      0.833333313       3.9896817121722050E-010
  0.200000003      0.833333313       6.0589569289950032E-008
  0.233333334      0.833333313       6.7406477458759051E-008
  0.266666681      0.833333313       2.9157372839392313E-008
  0.300000012      0.833333313      -2.6326236260963178E-008
  0.333333343      0.833333313       1.6173679897538845E-010
  0.366666675      0.833333313      -7.0184116842883504E-009
  0.400000006      0.833333313      -5.8642092227089923E-009
  0.433333337      0.833333313      -5.3756981221054351E-009
  0.466666669      0.833333313      -3.1920720407196956E-009
  0.500000000      0.833333313       2.2637290644431096E-009
  0.533333361      0.833333313       1.2760302084175064E-008
  0.566666663      0.833333313       2.5996782228060889E-008
  0.600000024      0.833333313       3.2400578794380616E-009
  0.633333325      0.833333313      -2.7143269159873515E-008
  0.666666687      0.833333313      -3.5624740098204669E-008
  0.699999988      0.833333313      -2.7037834893521226E-008
  0.733333349      0.833333313      -6.3284305110503092E-008
  0.766666651      0.833333313       6.0599402161012547E-008
  0.800000012      0.833333313       7.1084191535612795E-008
  0.833333313      0.833333313      -1.4679560193277263E-010
  0.866666675      0.833333313      -3.5826699429841388E-008
  0.899999976      0.833333313       1.8340622312757252E-008
  0.933333337      0.833333313       2.5469406130461912E-008
  0.966666639      0.833333313       2.7493585319201055E-008
   1.00000000      0.833333313       2.8039377061080811E-008
   0.00000000      0.866666675       6.0759217632199228E-009
   3.33333351E-02  0.866666675       5.1630945311232496E-009
   6.66666701E-02  0.866666675       3.2287541767810068E-009
  0.100000001      0.866666675      -4.1965335980526097E-010
  0.133333340      0.866666675      -7.7928072315415486E-009
  0.166666672      0.866666675       4.2921194056593295E-009
  0.200000003      0.866666675       1.7427160584407297E-008
  0.233333334      0.866666675       1.9785893724745714E-008
  0.266666681      0.866666675       1.2135522060017535E-008
  0.300000012      0.866666675       2.5740727303564387E-009
  0.333333343      0.866666675       5.4627240805935756E-010
  0.366666675      0.866666675      -8.5104810330048630E-010
  0.400000006      0.866666675      -1.2900266292475634E-009
  0.433333337      0.866666675      -8.6608891494135629E-010
  0.466666669      0.866666675       1.0557098345477176E-009
  0.500000000      0.866666675       4.8511599049362412E-009
  0.533333361      0.866666675       1.0286492771992024E-008
  0.566666663      0.866666675       1.4376111345739025E-008
  0.600000024      0.866666675       6.9987528705404631E-009
  0.633333325      0.866666675      -5.6233110088971944E-009
  0.666666687      0.866666675      -1.2948001839436195E-008
  0.699999988      0.866666675      -1.4316965038421031E-008
  0.733333349      0.866666675      -1.7685754010485048E-008
  0.766666651      0.866666675       1.4464146414882445E-009
  0.800000012      0.866666675       9.2044758141351241E-009
  0.833333313      0.866666675       4.3463626218064044E-009
  0.866666675      0.866666675       3.4387652898815180E-009
  0.899999976      0.866666675       1.3836512345166002E-008
  0.933333337      0.866666675       1.8290987707520606E-008
  0.966666639      0.866666675       2.0683842470270268E-008
   1.00000000      0.866666675       2.1723293144133501E-008
   0.00000000      0.899999976       4.6424543269970447E-009
   3.33333351E-02  0.899999976       4.0051030109587715E-009
   6.66666701E-02  0.899999976       2.8432422858161790E-009
  0.100000001      0.899999976       1.4459200897145794E-009
  0.133333340      0.899999976       5.4321423346905678E-010
  0.166666672      0.899999976       3.0390791252912081E-009
  0.200000003      0.899999976       5.9656460369523698E-009
  0.233333334      0.899999976       7.1201013028196480E-009
  0.266666681      0.899999976       5.8582108705034289E-009
  0.300000012      0.899999976       4.0526158841518861E-009
  0.333333343      0.899999976       2.6320410356425739E-009
  0.366666675      0.899999976       1.7376832434990233E-009
  0.400000006      0.899999976       1.3282210181968929E-009
  0.433333337      0.899999976       1.6749549176559193E-009
  0.466666669      0.899999976       2.9935057093192184E-009
  0.500000000      0.899999976       5.1853144379188434E-009
  0.533333361      0.899999976       7.5532385207521813E-009
  0.566666663      0.899999976       8.2253192410387116E-009
  0.600000024      0.899999976       4.3429106443872156E-009
  0.633333325      0.899999976      -1.9671358277104783E-009
  0.666666687      0.899999976      -6.8015276787417034E-009
  0.699999988      0.899999976      -9.1985177107668098E-009
  0.733333349      0.899999976      -1.0193857939298952E-008
  0.766666651      0.899999976      -6.5465154284929244E-009
  0.800000012      0.899999976      -1.6249362719093774E-009
  0.833333313      0.899999976       2.5210975585811257E-009
  0.866666675      0.899999976       6.5082662435321167E-009
  0.899999976      0.899999976       1.1310408118761495E-008
  0.933333337      0.899999976       1.4607798689094710E-008
  0.966666639      0.899999976       1.6687654015037044E-008
   1.00000000      0.899999976       1.7682793639712743E-008
   0.00000000      0.933333337       4.1066448791884924E-009
   3.33333351E-02  0.933333337       3.7328294242525845E-009
   6.66666701E-02  0.933333337       3.1152107118946962E-009
  0.100000001      0.933333337       2.5368717586696232E-009
  0.133333340      0.933333337       2.4255285617459307E-009
  0.166666672      0.933333337       3.2031107131914524E-009
  0.200000003      0.933333337       4.2553451717192159E-009
  0.233333334      0.933333337       4.9258221455732165E-009
  0.266666681      0.933333337       4.8158850943572085E-009
  0.300000012      0.933333337       4.3135269223691652E-009
  0.333333343      0.933333337       3.6336598251791516E-009
  0.366666675      0.933333337       3.0588025311424627E-009
  0.400000006      0.933333337       2.7852190961018784E-009
  0.433333337      0.933333337       3.0114725792272992E-009
  0.466666669      0.933333337       3.7849826996032808E-009
  0.500000000      0.933333337       4.8857406763423532E-009
  0.533333361      0.933333337       5.7267556970424377E-009
  0.566666663      0.933333337       5.3409120076325541E-009
  0.600000024      0.933333337       2.9101003692303534E-009
  0.633333325      0.933333337      -6.3097617148538676E-010
  0.666666687      0.933333337      -3.6493905040914029E-009
  0.699999988      0.933333337      -5.3857153633736846E-009
  0.733333349      0.933333337      -5.7404457293316544E-009
  0.766666651      0.933333337      -4.1017717629550365E-009
  0.800000012      0.933333337      -8.8865895393232253E-010
  0.833333313      0.933333337       2.8941529639416735E-009
  0.866666675      0.933333337       6.5867440146886655E-009
  0.899999976      0.933333337       9.9772477101965282E-009
  0.933333337      0.933333337       1.2576479950661933E-008
  0.966666639      0.933333337       1.4310156763773854E-008
   1.00000000      0.933333337       1.5170324610446276E-008
   0.00000000      0.966666639       3.9717179471480957E-009
   3.33333351E-02  0.966666639       3.7661355765765403E-009
   6.66666701E-02  0.966666639       3.4530372303902615E-009
  0.100000001      0.966666639       3.2149586785086212E-009
  0.133333340      0.966666639       3.2574014204294482E-009
  0.166666672      0.966666639       3.6648496255960172E-009
  0.200000003      0.966666639       4.2353839031870205E-009
  0.233333334      0.966666639       4.6667818888804224E-009
  0.266666681      0.966666639       4.7429173387130916E-009
  0.300000012      0.966666639       4.5240192845163660E-009
  0.333333343      0.966666639       4.1277509330505877E-009
  0.366666675      0.966666639       3.7425528727529425E-009
  0.400000006      0.966666639       3.5479618907532581E-009
  0.433333337      0.966666639       3.6643892619152470E-009
  0.466666669      0.966666639       4.0714511642214561E-009
  0.500000000      0.966666639       4.5560686030106032E-009
  0.533333361      0.966666639       4.7129498178437659E-009
  0.566666663      0.966666639       4.0602980611492874E-009
  0.600000024      0.966666639       2.3787161508104573E-009
  0.633333325      0.966666639       1.6278586052916044E-010
  0.666666687      0.966666639      -1.7717648908340683E-009
  0.699999988      0.966666639      -2.8697299346959818E-009
  0.733333349      0.966666639      -2.8730553070085638E-009
  0.766666651      0.966666639      -1.6046843653123519E-009
  0.800000012      0.966666639       7.5761959737481038E-010
  0.833333313      0.966666639       3.6859228728014157E-009
  0.866666675      0.966666639       6.6657291174351471E-009
  0.899999976      0.966666639       9.3597150802385287E-009
  0.933333337      0.966666639       1.1505159880028683E-008
  0.966666639      0.966666639       1.2976888617280066E-008
   1.00000000      0.966666639       1.3720946651107381E-008
   0.00000000       1.00000000       3.9623287272777530E-009
   3.33333351E-02   1.00000000       3.8338356307980256E-009
   6.66666701E-02   1.00000000       3.6520457732166361E-009
  0.100000001       1.00000000       3.5442181133297709E-009
  0.133333340       1.00000000       3.6311527797181636E-009
  0.166666672       1.00000000       3.9392605296435443E-009
  0.200000003       1.00000000       4.3521509780373654E-009
  0.233333334       1.00000000       4.6786290308544615E-009
  0.266666681       1.00000000       4.7739420212106198E-009
  0.300000012       1.00000000       4.6321353045592970E-009
  0.333333343       1.00000000       4.3381718766322824E-009
  0.366666675       1.00000000       4.0368855428601913E-009
  0.400000006       1.00000000       3.8730757040113598E-009
  0.433333337       1.00000000       3.9272805709518119E-009
  0.466666669       1.00000000       4.1572582874013081E-009
  0.500000000       1.00000000       4.3735851357087734E-009
  0.533333361       1.00000000       4.2750496627962098E-009
  0.566666663       1.00000000       3.5759246066091772E-009
  0.600000024       1.00000000       2.2230172339976310E-009
  0.633333325       1.00000000       5.5684087999245332E-010
  0.666666687       1.00000000      -8.8415970541082939E-010
  0.699999988       1.00000000      -1.6570350353352706E-009
  0.733333349       1.00000000      -1.5081523688318527E-009
  0.766666651       1.00000000      -3.5302575359524857E-010
  0.800000012       1.00000000       1.6577495361679018E-009
  0.833333313       1.00000000       4.1596047150324958E-009
  0.866666675       1.00000000       6.7539693448430763E-009
  0.899999976       1.00000000       9.1242542329126111E-009
  0.933333337       1.00000000       1.1044104728289393E-008
  0.966666639       1.00000000       1.2379031856220649E-008
   1.00000000       1.00000000       1.3060015770227640E-008
