 # X Y T Z 
   0.00000000       0.00000000      -4.8176845699864773E-008
   3.33333351E-02   0.00000000      -4.8151053279365044E-008
   6.66666701E-02   0.00000000      -4.7873037044548344E-008
  0.100000001       0.00000000      -4.7008755724642012E-008
  0.133333340       0.00000000      -4.5330060971125394E-008
  0.166666672       0.00000000      -4.2908236304751296E-008
  0.200000003       0.00000000      -4.0157703372692422E-008
  0.233333334       0.00000000      -3.7464840830798291E-008
  0.266666681       0.00000000      -3.5077056812870926E-008
  0.300000012       0.00000000      -3.3147164054791317E-008
  0.333333343       0.00000000      -3.1758034972954007E-008
  0.366666675       0.00000000      -3.0858142040647400E-008
  0.400000006       0.00000000      -3.0375322297693762E-008
  0.433333337       0.00000000      -3.0139807379470779E-008
  0.466666669       0.00000000      -3.0007374304222463E-008
  0.500000000       0.00000000      -2.9897804167621465E-008
  0.533333361       0.00000000      -2.9872797302011103E-008
  0.566666663       0.00000000      -3.0143375411191553E-008
  0.600000024       0.00000000      -3.0959313721597853E-008
  0.633333325       0.00000000      -3.2394967830104947E-008
  0.666666687       0.00000000      -3.4243053616939655E-008
  0.699999988       0.00000000      -3.6101285520576988E-008
  0.733333349       0.00000000      -3.7562503463770339E-008
  0.766666651       0.00000000      -3.8387886439387141E-008
  0.800000012       0.00000000      -3.8504928487424067E-008
  0.833333313       0.00000000      -3.7948849469305115E-008
  0.866666675       0.00000000      -3.6879035513782965E-008
  0.899999976       0.00000000      -3.5547320375662120E-008
  0.933333337       0.00000000      -3.4231867967636151E-008
  0.966666639       0.00000000      -3.3187969863826897E-008
   1.00000000       0.00000000      -3.2612408639928758E-008
   0.00000000       3.33333351E-02  -5.0379913578597890E-008
   3.33333351E-02   3.33333351E-02  -5.0572603023076382E-008
   6.66666701E-02   3.33333351E-02  -5.0612234479396195E-008
  0.100000001       3.33333351E-02  -4.9960411963728690E-008
  0.133333340       3.33333351E-02  -4.8210833606754724E-008
  0.166666672       3.33333351E-02  -4.5353589183273063E-008
  0.200000003       3.33333351E-02  -4.2124623445905299E-008
  0.233333334       3.33333351E-02  -3.9025549823396705E-008
  0.266666681       3.33333351E-02  -3.6344965219066785E-008
  0.300000012       3.33333351E-02  -3.4253686891040289E-008
  0.333333343       3.33333351E-02  -3.2871467405904201E-008
  0.366666675       3.33333351E-02  -3.1948225407319071E-008
  0.400000006       3.33333351E-02  -3.1513762350316929E-008
  0.433333337       3.33333351E-02  -3.1323075282401608E-008
  0.466666669       3.33333351E-02  -3.1226075301003797E-008
  0.500000000       3.33333351E-02  -3.1050610875462542E-008
  0.533333361       3.33333351E-02  -3.0830416315611245E-008
  0.566666663       3.33333351E-02  -3.0870602000469122E-008
  0.600000024       3.33333351E-02  -3.1628182924135599E-008
  0.633333325       3.33333351E-02  -3.3299965907234060E-008
  0.666666687       3.33333351E-02  -3.5587490072332660E-008
  0.699999988       3.33333351E-02  -3.7882470312142896E-008
  0.733333349       3.33333351E-02  -3.9700815531221699E-008
  0.766666651       3.33333351E-02  -4.0786834349824594E-008
  0.800000012       3.33333351E-02  -4.0983447805158918E-008
  0.833333313       3.33333351E-02  -4.0260139181876389E-008
  0.866666675       3.33333351E-02  -3.8901656507651233E-008
  0.899999976       3.33333351E-02  -3.7249254669679058E-008
  0.933333337       3.33333351E-02  -3.5641563016696950E-008
  0.966666639       3.33333351E-02  -3.4372772912466196E-008
   1.00000000       3.33333351E-02  -3.3674557577308140E-008
   0.00000000       6.66666701E-02  -5.4646996834996700E-008
   3.33333351E-02   6.66666701E-02  -5.5401371606197264E-008
   6.66666701E-02   6.66666701E-02  -5.6302023418875607E-008
  0.100000001       6.66666701E-02  -5.6340685160218701E-008
  0.133333340       6.66666701E-02  -5.4784309071230844E-008
  0.166666672       6.66666701E-02  -5.1014894166022742E-008
  0.200000003       6.66666701E-02  -4.6857868480970274E-008
  0.233333334       6.66666701E-02  -4.2761490483744433E-008
  0.266666681       6.66666701E-02  -3.9357534477031490E-008
  0.300000012       6.66666701E-02  -3.6871365977769743E-008
  0.333333343       6.66666701E-02  -3.5634626737129742E-008
  0.366666675       6.66666701E-02  -3.4334943167595687E-008
  0.400000006       6.66666701E-02  -3.3904553029787295E-008
  0.433333337       6.66666701E-02  -3.3688401495182187E-008
  0.466666669       6.66666701E-02  -3.3742069717175409E-008
  0.500000000       6.66666701E-02  -3.3496990408440203E-008
  0.533333361       6.66666701E-02  -3.2839238775766305E-008
  0.566666663       6.66666701E-02  -3.2254413791536415E-008
  0.600000024       6.66666701E-02  -3.2805591975793372E-008
  0.633333325       6.66666701E-02  -3.5140949182672909E-008
  0.666666687       6.66666701E-02  -3.8701700843862472E-008
  0.699999988       6.66666701E-02  -4.1845213812779537E-008
  0.733333349       6.66666701E-02  -4.4448999150402055E-008
  0.766666651       6.66666701E-02  -4.6325528827492052E-008
  0.800000012       6.66666701E-02  -4.6644472096639758E-008
  0.833333313       6.66666701E-02  -4.5105000731149661E-008
  0.866666675       6.66666701E-02  -4.2973526650797594E-008
  0.899999976       6.66666701E-02  -4.0591676279348038E-008
  0.933333337       6.66666701E-02  -3.8367282552843190E-008
  0.966666639       6.66666701E-02  -3.6624614883603093E-008
   1.00000000       6.66666701E-02  -3.5666813507414380E-008
   0.00000000      0.100000001      -6.0521190708073477E-008
   3.33333351E-02  0.100000001      -6.2467131523675709E-008
   6.66666701E-02  0.100000001      -6.5351730079571402E-008
  0.100000001      0.100000001      -6.7352103904705710E-008
  0.133333340      0.100000001      -6.8437601617689012E-008
  0.166666672      0.100000001      -6.3838401531375946E-008
  0.200000003      0.100000001      -5.9793420333293171E-008
  0.233333334      0.100000001      -5.3562483169925998E-008
  0.266666681      0.100000001      -4.8673641176583127E-008
  0.300000012      0.100000001      -4.4912663942184468E-008
  0.333333343      0.100000001      -4.3729230065898787E-008
  0.366666675      0.100000001      -3.8484517728295219E-008
  0.400000006      0.100000001      -3.7642097795763732E-008
  0.433333337      0.100000001      -3.6787435591582700E-008
  0.466666669      0.100000001      -3.7570567795524798E-008
  0.500000000      0.100000001      -3.7543109118591024E-008
  0.533333361      0.100000001      -3.6152974319000712E-008
  0.566666663      0.100000001      -3.4021423035864549E-008
  0.600000024      0.100000001      -3.3774844660416567E-008
  0.633333325      0.100000001      -3.7952121904796104E-008
  0.666666687      0.100000001      -4.7366683276605509E-008
  0.699999988      0.100000001      -5.1672963120928499E-008
  0.733333349      0.100000001      -5.5718817605588875E-008
  0.766666651      0.100000001      -5.9701074271289317E-008
  0.800000012      0.100000001      -5.9112180324878347E-008
  0.833333313      0.100000001      -5.2353789586770741E-008
  0.866666675      0.100000001      -4.8812354076907191E-008
  0.899999976      0.100000001      -4.5236833681955649E-008
  0.933333337      0.100000001      -4.2120404533142752E-008
  0.966666639      0.100000001      -3.9638687191747776E-008
   1.00000000      0.100000001      -3.8265123088795233E-008
   0.00000000      0.133333340      -6.6813901843879725E-008
   3.33333351E-02  0.133333340      -7.1120543022754404E-008
   6.66666701E-02  0.133333340      -7.8570695133872367E-008
  0.100000001      0.133333340      -8.5561336405888880E-008
  0.133333340      0.133333340      -1.0623863132752306E-007
  0.166666672      0.133333340      -1.0293412556323066E-007
  0.200000003      0.133333340      -1.1066053517017754E-007
  0.233333334      0.133333340      -1.0153647125106698E-007
  0.266666681      0.133333340      -9.6456623096749516E-008
  0.300000012      0.133333340      -8.6043886741624630E-008
  0.333333343      0.133333340      -7.9102279220192272E-008
  0.366666675      0.133333340      -3.7126056502733221E-008
  0.400000006      0.133333340      -3.7835004945653214E-008
  0.433333337      0.133333340      -3.6811809516661478E-008
  0.466666669      0.133333340      -4.2091592318159107E-008
  0.500000000      0.133333340      -4.3704904837001644E-008
  0.533333361      0.133333340      -4.1368291597409373E-008
  0.566666663      0.133333340      -3.4995628677260762E-008
  0.600000024      0.133333340      -3.0297851428130566E-008
  0.633333325      0.133333340      -3.3236925814448398E-008
  0.666666687      0.133333340      -8.9774064653620929E-008
  0.699999988      0.133333340      -9.6377648705053137E-008
  0.733333349      0.133333340      -1.0278075756263959E-007
  0.766666651      0.133333340      -1.0749121522740657E-007
  0.800000012      0.133333340      -9.8990181717460712E-008
  0.833333313      0.133333340      -5.2400259586710823E-008
  0.866666675      0.133333340      -5.4265307796114506E-008
  0.899999976      0.133333340      -4.9862361949440381E-008
  0.933333337      0.133333340      -4.6245122304255579E-008
  0.966666639      0.133333340      -4.2807276619261092E-008
   1.00000000      0.133333340      -4.0853148126776886E-008
   0.00000000      0.166666672      -7.0880853092741142E-008
   3.33333351E-02  0.166666672      -7.9873381478518315E-008
   6.66666701E-02  0.166666672      -1.0111769369763358E-007
  0.100000001      0.166666672      -1.1620201819002862E-007
  0.133333340      0.166666672       4.9885026074379148E-007
  0.166666672      0.166666672       4.4832905052197107E-007
  0.200000003      0.166666672       1.4621533322917765E-006
  0.233333334      0.166666672       9.4781490330938557E-007
  0.266666681      0.166666672       9.3516715704415089E-007
  0.300000012      0.166666672       8.7200147769379583E-007
  0.333333343      0.166666672       8.7001483710337155E-007
  0.366666675      0.166666672       1.0595766272280399E-007
  0.400000006      0.166666672       3.6243587193409386E-008
  0.433333337      0.166666672      -2.1671290879985046E-008
  0.466666669      0.166666672      -4.6935109183736390E-008
  0.500000000      0.166666672      -5.3701810816893410E-008
  0.533333361      0.166666672      -5.0537231611547453E-008
  0.566666663      0.166666672      -3.3228096659810094E-008
  0.600000024      0.166666672      -1.3612028135949819E-008
  0.633333325      0.166666672       1.4073850602579121E-007
  0.666666687      0.166666672       8.1827254351735448E-007
  0.699999988      0.166666672       1.5673730905491848E-006
  0.733333349      0.166666672       1.6594298291880763E-006
  0.766666651      0.166666672       1.3374868112654703E-006
  0.800000012      0.166666672       5.7033997121445912E-007
  0.833333313      0.166666672       8.5133641052363360E-008
  0.866666675      0.166666672      -5.3777195467997335E-008
  0.899999976      0.166666672      -5.0329517310493052E-008
  0.933333337      0.166666672      -4.9949845197516662E-008
  0.966666639      0.166666672      -4.5181001640057922E-008
   1.00000000      0.166666672      -4.2486300996444348E-008
   0.00000000      0.200000003      -6.7476596890287538E-008
   3.33333351E-02  0.200000003      -8.6100680088668086E-008
   6.66666701E-02  0.200000003       1.1060389294020867E-007
  0.100000001      0.200000003       9.6537712719309623E-007
  0.133333340      0.200000003       2.7361518678370271E-006
  0.166666672      0.200000003       5.3491808937756319E-006
  0.200000003      0.200000003       8.1166794179887355E-006
  0.233333334      0.200000003       1.0452435910636351E-005
  0.266666681      0.200000003       9.5383794505000084E-006
  0.300000012      0.200000003       9.7141022312569568E-006
  0.333333343      0.200000003       6.9335140370115067E-006
  0.366666675      0.200000003       2.2556501637304143E-006
  0.400000006      0.200000003       2.1981087546232760E-006
  0.433333337      0.200000003       7.3035911516881012E-007
  0.466666669      0.200000003      -8.1571310392306376E-008
  0.500000000      0.200000003      -8.1215347599861154E-008
  0.533333361      0.200000003      -7.3813939099128152E-008
  0.566666663      0.200000003      -6.0476413251916473E-008
  0.600000024      0.200000003       9.2629396273127048E-007
  0.633333325      0.200000003       3.5502244797626370E-006
  0.666666687      0.200000003       7.1450234672937145E-006
  0.699999988      0.200000003       1.0771168195314144E-005
  0.733333349      0.200000003       1.2193673915934528E-005
  0.766666651      0.200000003       1.0379033500877884E-005
  0.800000012      0.200000003       6.6377967533296379E-006
  0.833333313      0.200000003       3.1303974883665001E-006
  0.866666675      0.200000003       1.0528935466033295E-006
  0.899999976      0.200000003      -3.7041051267460573E-008
  0.933333337      0.200000003      -5.6550159896820440E-008
  0.966666639      0.200000003      -4.5831572409622823E-008
   1.00000000      0.200000003      -4.2365543640723521E-008
   0.00000000      0.233333334      -4.7141898022176262E-008
   3.33333351E-02  0.233333334       1.6182185778412621E-007
   6.66666701E-02  0.233333334       8.5930812408437952E-007
  0.100000001      0.233333334       2.5223944250924411E-006
  0.133333340      0.233333334       9.0222492080190442E-006
  0.166666672      0.233333334       2.2173599157444043E-005
  0.200000003      0.233333334       4.2197207965074743E-005
  0.233333334      0.233333334       5.9060408904122036E-005
  0.266666681      0.233333334       6.0971904961347120E-005
  0.300000012      0.233333334       5.6147366161920110E-005
  0.333333343      0.233333334       2.6910565603385306E-005
  0.366666675      0.233333334       1.5607356952839413E-005
  0.400000006      0.233333334       7.3840823297500417E-006
  0.433333337      0.233333334       2.5220771144734717E-006
  0.466666669      0.233333334       1.0141970623034607E-006
  0.500000000      0.233333334       1.6167202382009679E-007
  0.533333361      0.233333334      -1.2286124620865084E-007
  0.566666663      0.233333334       6.5650446246987276E-007
  0.600000024      0.233333334       5.2565352354056166E-006
  0.633333325      0.233333334       1.5949248275552372E-005
  0.666666687      0.233333334       3.4768910386131190E-005
  0.699999988      0.233333334       5.6020631778386492E-005
  0.733333349      0.233333334       6.6645890420845722E-005
  0.766666651      0.233333334       5.8285779919675868E-005
  0.800000012      0.233333334       3.7367547025018120E-005
  0.833333313      0.233333334       1.7524164924939906E-005
  0.866666675      0.233333334       6.1115880834439716E-006
  0.899999976      0.233333334       1.5423830779456599E-006
  0.933333337      0.233333334       2.3580504088151905E-007
  0.966666639      0.233333334      -4.3374267759714244E-008
   1.00000000      0.233333334      -4.2593549975889974E-008
   0.00000000      0.266666681      -1.4142753491539969E-008
   3.33333351E-02  0.266666681       4.3247208791506384E-007
   6.66666701E-02  0.266666681       1.6882343022840782E-006
  0.100000001      0.266666681       6.5208554914960963E-006
  0.133333340      0.266666681       2.8544986300350125E-005
  0.166666672      0.266666681       8.7260331055345492E-005
  0.200000003      0.266666681       1.8996995508785311E-004
  0.233333334      0.266666681       2.8198240458314483E-004
  0.266666681      0.266666681       3.2480219822685953E-004
  0.300000012      0.266666681       2.3031169516277345E-004
  0.333333343      0.266666681       1.3676520757683100E-004
  0.366666675      0.266666681       6.0290337690621079E-005
  0.400000006      0.266666681       2.0820589037754073E-005
  0.433333337      0.266666681       8.1173940355329117E-006
  0.466666669      0.266666681       3.2181797268609254E-006
  0.500000000      0.266666681       8.6455087967211679E-007
  0.533333361      0.266666681      -1.8879896722650419E-007
  0.566666663      0.266666681       3.0360292251274072E-006
  0.600000024      0.266666681       1.7904045391944554E-005
  0.633333325      0.266666681       6.1250560732339573E-005
  0.666666687      0.266666681       1.4593837199721967E-004
  0.699999988      0.266666681       2.4990508062881691E-004
  0.733333349      0.266666681       3.1052608417324323E-004
  0.766666651      0.266666681       2.7960534972730857E-004
  0.800000012      0.266666681       1.8153114761933643E-004
  0.833333313      0.266666681       8.4334466388129217E-005
  0.866666675      0.266666681       2.8013278063065321E-005
  0.899999976      0.266666681       6.7145174869269030E-006
  0.933333337      0.266666681       1.2286678806698592E-006
  0.966666639      0.266666681       2.7338616907638703E-007
   1.00000000      0.266666681       1.6179962717744779E-007
   0.00000000      0.300000012       2.6120062226629367E-008
   3.33333351E-02  0.300000012       7.1528467147116519E-007
   6.66666701E-02  0.300000012       3.4533445852820161E-006
  0.100000001      0.300000012       1.8551330181853327E-005
  0.133333340      0.300000012       9.0491516982029721E-005
  0.166666672      0.300000012       3.1473545458761540E-004
  0.200000003      0.300000012       6.9875660550726003E-004
  0.233333334      0.300000012       1.1377364482574716E-003
  0.266666681      0.300000012       1.1840627273630108E-003
  0.300000012      0.300000012       9.0982375143917448E-004
  0.333333343      0.300000012       5.0055372626121582E-004
  0.366666675      0.300000012       1.9431840429286369E-004
  0.400000006      0.300000012       6.5074209838571033E-005
  0.433333337      0.300000012       2.0526512068958511E-005
  0.466666669      0.300000012       5.7896315052772922E-006
  0.500000000      0.300000012       1.8959283840831731E-006
  0.533333361      0.300000012      -1.7405124915913402E-007
  0.566666663      0.300000012       8.0433873348457335E-006
  0.600000024      0.300000012       5.2627377517109990E-005
  0.633333325      0.300000012       1.9839738839027340E-004
  0.666666687      0.300000012       5.0476982273836980E-004
  0.699999988      0.300000012       9.0733975093952590E-004
  0.733333349      0.300000012       1.1712029341885812E-003
  0.766666651      0.300000012       1.0868620676508490E-003
  0.800000012      0.300000012       7.2072011636781469E-004
  0.833333313      0.300000012       3.3790413587962286E-004
  0.866666675      0.300000012       1.1083698268316488E-004
  0.899999976      0.300000012       2.5281482989293353E-005
  0.933333337      0.300000012       4.0331882145791965E-006
  0.966666639      0.300000012       4.9736560398514797E-007
   1.00000000      0.300000012       4.1035553614843234E-007
   0.00000000      0.333333343       1.6470008820960655E-008
   3.33333351E-02  0.333333343       1.2379129930044017E-006
   6.66666701E-02  0.333333343       7.9724058835633832E-006
  0.100000001      0.333333343       5.2652058932744681E-005
  0.133333340      0.333333343       2.7370944043980726E-004
  0.166666672      0.333333343       9.1835608640857230E-004
  0.200000003      0.333333343       2.1561144644575672E-003
  0.233333334      0.333333343       3.2852812564724862E-003
  0.266666681      0.333333343       3.5788242793025043E-003
  0.300000012      0.333333343       2.6962109176589277E-003
  0.333333343      0.333333343       1.4168247472795025E-003
  0.366666675      0.333333343       5.5185657813150543E-004
  0.400000006      0.333333343       1.6882838995076969E-004
  0.433333337      0.333333343       4.3301064117295821E-005
  0.466666669      0.333333343       1.1945038258459519E-005
  0.500000000      0.333333343       2.3925639333816952E-006
  0.533333361      0.333333343      -1.0886546934307621E-007
  0.566666663      0.333333343       1.7427175844626384E-005
  0.600000024      0.333333343       1.2706832469558654E-004
  0.633333325      0.333333343       5.1528190902237194E-004
  0.666666687      0.333333343       1.3813386068514547E-003
  0.699999988      0.333333343       2.5871793319620926E-003
  0.733333349      0.333333343       3.4555543738868195E-003
  0.766666651      0.333333343       3.3023608414814451E-003
  0.800000012      0.333333343       2.2442357265676353E-003
  0.833333313      0.333333343       1.0721673461071145E-003
  0.866666675      0.333333343       3.5522629460418191E-004
  0.899999976      0.333333343       8.0514107354318640E-005
  0.933333337      0.333333343       1.2319166994730871E-005
  0.966666639      0.333333343       1.3003655324174629E-006
   1.00000000      0.333333343       4.3354795167729193E-007
   0.00000000      0.366666675       2.0733725017798611E-008
   3.33333351E-02  0.366666675       2.1409377434925339E-006
   6.66666701E-02  0.366666675       1.8677607045867605E-005
  0.100000001      0.366666675       1.3384003554077061E-004
  0.133333340      0.366666675       6.4949008581537788E-004
  0.166666672      0.366666675       2.1744825391769255E-003
  0.200000003      0.366666675       4.8141864136959610E-003
  0.233333334      0.366666675       7.4943912430058225E-003
  0.266666681      0.366666675       8.0339414322899774E-003
  0.300000012      0.366666675       5.9884080513038862E-003
  0.333333343      0.366666675       3.1433696095547864E-003
  0.366666675      0.366666675       1.2003902722755532E-003
  0.400000006      0.366666675       3.4174880228077774E-004
  0.433333337      0.366666675       9.0460162845527100E-005
  0.466666669      0.366666675       1.9715185432817440E-005
  0.500000000      0.366666675       2.7056320404679046E-006
  0.533333361      0.366666675      -3.7327678407668777E-008
  0.566666663      0.366666675       3.0185020367022152E-005
  0.600000024      0.366666675       2.4030509737995144E-004
  0.633333325      0.366666675       1.0329106443783122E-003
  0.666666687      0.366666675       2.8928181405529856E-003
  0.699999988      0.366666675       5.6149055701902508E-003
  0.733333349      0.366666675       7.7347445521226566E-003
  0.766666651      0.366666675       7.5993679247478184E-003
  0.800000012      0.366666675       5.2936738533359857E-003
  0.833333313      0.366666675       2.5846070443511400E-003
  0.866666675      0.366666675       8.7254378892453555E-004
  0.899999976      0.366666675       2.0093838221204669E-004
  0.933333337      0.366666675       3.1115197153694645E-005
  0.966666639      0.366666675       3.0815127431733252E-006
   1.00000000      0.366666675       4.7225322534466931E-007
   0.00000000      0.400000006       5.7653650990460714E-008
   3.33333351E-02  0.400000006       4.4200419312843335E-006
   6.66666701E-02  0.400000006       3.3543076576917252E-005
  0.100000001      0.400000006       2.4323126640177087E-004
  0.133333340      0.400000006       1.1580010257010776E-003
  0.166666672      0.400000006       3.6841409878534560E-003
  0.200000003      0.400000006       8.1802666056718966E-003
  0.233333334      0.400000006       1.2469339144300174E-002
  0.266666681      0.400000006       1.3220479339359926E-002
  0.300000012      0.400000006       9.8351244268107142E-003
  0.333333343      0.400000006       5.1283636707498579E-003
  0.366666675      0.400000006       1.8780906335578154E-003
  0.400000006      0.400000006       5.5340693417673683E-004
  0.433333337      0.400000006       1.3596108987612475E-004
  0.466666669      0.400000006       2.8516510859914290E-005
  0.500000000      0.400000006       5.0966727209944768E-006
  0.533333361      0.400000006       2.3959363505774572E-008
  0.566666663      0.400000006       3.9640065842506218E-005
  0.600000024      0.400000006       3.4014229042951907E-004
  0.633333325      0.400000006       1.5359299814293298E-003
  0.666666687      0.400000006       4.4680342587971079E-003
  0.699999988      0.400000006       8.9622722943609474E-003
  0.733333349      0.400000006       1.2724733095684511E-002
  0.766666651      0.400000006       1.2848110045413360E-002
  0.800000012      0.400000006       9.1696013632053767E-003
  0.833333313      0.400000006       4.5729812957045566E-003
  0.866666675      0.400000006       1.5723218732021393E-003
  0.899999976      0.400000006       3.6796624090123804E-004
  0.933333337      0.400000006       5.7991281645900904E-005
  0.966666639      0.400000006       5.8798364654090115E-006
   1.00000000      0.400000006       5.9274362337088504E-007
   0.00000000      0.433333337       3.2723072692944998E-007
   3.33333351E-02  0.433333337       4.8393591077236725E-006
   6.66666701E-02  0.433333337       4.4604028439723512E-005
  0.100000001      0.433333337       3.0450893353492080E-004
  0.133333340      0.433333337       1.4178017038253524E-003
  0.166666672      0.433333337       4.4793223588378821E-003
  0.200000003      0.433333337       9.6574118963240353E-003
  0.233333334      0.433333337       1.4521087334256954E-002
  0.266666681      0.433333337       1.5289953115514570E-002
  0.300000012      0.433333337       1.1253802596588367E-002
  0.333333343      0.433333337       5.8248910371252478E-003
  0.366666675      0.433333337       2.1656367699281589E-003
  0.400000006      0.433333337       5.8168714131159893E-004
  0.433333337      0.433333337       1.3608237415887648E-004
  0.466666669      0.433333337       3.3488606563749696E-005
  0.500000000      0.433333337       9.7524907133935009E-006
  0.533333361      0.433333337       2.7137831182961212E-006
  0.566666663      0.433333337       3.5644572516359448E-005
  0.600000024      0.433333337       3.3929712181116252E-004
  0.633333325      0.433333337       1.6037620088242242E-003
  0.666666687      0.433333337       4.8329543543651860E-003
  0.699999988      0.433333337       1.0012203345044777E-002
  0.733333349      0.433333337       1.4641146314787391E-002
  0.766666651      0.433333337       1.5182168970645515E-002
  0.800000012      0.433333337       1.1095005828082465E-002
  0.833333313      0.433333337       5.6490620376252760E-003
  0.866666675      0.433333337       1.9773084220600146E-003
  0.899999976      0.433333337       4.6986278542693880E-004
  0.933333337      0.433333337       7.5089711686983297E-005
  0.966666639      0.433333337       7.8088501975338387E-006
   1.00000000      0.433333337       5.2693405699096149E-007
   0.00000000      0.466666669       4.5199084571827865E-007
   3.33333351E-02  0.466666669       4.7688551789398076E-006
   6.66666701E-02  0.466666669       3.8604126231936496E-005
  0.100000001      0.466666669       2.4731028412369738E-004
  0.133333340      0.466666669       1.0922385227968940E-003
  0.166666672      0.466666669       3.3432094524138306E-003
  0.200000003      0.466666669       7.1173193836796579E-003
  0.233333334      0.466666669       1.0574211297119111E-002
  0.266666681      0.466666669       1.1040811777146661E-002
  0.300000012      0.466666669       8.1283022758935619E-003
  0.333333343      0.466666669       4.2039877668461423E-003
  0.366666675      0.466666669       1.5292825092734130E-003
  0.400000006      0.466666669       4.1918898444151434E-004
  0.433333337      0.466666669       9.4894203807034688E-005
  0.466666669      0.466666669       1.9926818894135443E-005
  0.500000000      0.466666669       5.1969835675543430E-006
  0.533333361      0.466666669       2.0597657575828878E-006
  0.566666663      0.466666669       2.1450248140224629E-005
  0.600000024      0.466666669       2.1612863512403485E-004
  0.633333325      0.466666669       1.0596512360377499E-003
  0.666666687      0.466666669       3.2958303086693666E-003
  0.699999988      0.466666669       7.0303102565918976E-003
  0.733333349      0.466666669       1.0559825938341415E-002
  0.766666651      0.466666669       1.1218907250976091E-002
  0.800000012      0.466666669       8.3779456109773654E-003
  0.833333313      0.466666669       4.3474043399938760E-003
  0.866666675      0.466666669       1.5468483177537846E-003
  0.899999976      0.466666669       3.7269515394506951E-004
  0.933333337      0.466666669       6.0231742803212155E-005
  0.966666639      0.466666669       6.2488316899642008E-006
   1.00000000      0.466666669       4.9459307320080193E-007
   0.00000000      0.500000000       4.3897387113823761E-007
   3.33333351E-02  0.500000000       2.7731207911094234E-006
   6.66666701E-02  0.500000000       1.4572550214356683E-005
  0.100000001      0.500000000       8.4230073404232533E-005
  0.133333340      0.500000000       3.7217462286664267E-004
  0.166666672      0.500000000       1.1570463109232033E-003
  0.200000003      0.500000000       2.5412190613530012E-003
  0.233333334      0.500000000       3.9495133792749075E-003
  0.266666681      0.500000000       4.3416852700431541E-003
  0.300000012      0.500000000       3.3722451030664168E-003
  0.333333343      0.500000000       1.8441092221071313E-003
  0.366666675      0.500000000       7.1209230785780316E-004
  0.400000006      0.500000000       2.0081686428947165E-004
  0.433333337      0.500000000       4.6887719776369055E-005
  0.466666669      0.500000000       1.0355405049314461E-005
  0.500000000      0.500000000       2.4327757714553413E-006
  0.533333361      0.500000000       1.3275701147218936E-007
  0.566666663      0.500000000       7.6650787465443486E-006
  0.600000024      0.500000000       7.7345774251678327E-005
  0.633333325      0.500000000       3.8785983468718488E-004
  0.666666687      0.500000000       1.2344570888055901E-003
  0.699999988      0.500000000       2.6878014934667775E-003
  0.733333349      0.500000000       4.1090130022573427E-003
  0.766666651      0.500000000       4.4296961561483134E-003
  0.800000012      0.500000000       3.3465789044249124E-003
  0.833333313      0.500000000       1.7518495616853664E-003
  0.866666675      0.500000000       6.2719310529107584E-004
  0.899999976      0.500000000       1.5170700110423910E-004
  0.933333337      0.500000000       2.4335514353973811E-005
  0.966666639      0.500000000       2.1742728271870303E-006
   1.00000000      0.500000000       2.7788779181690122E-007
   0.00000000      0.533333361       4.3389037119402401E-007
   3.33333351E-02  0.533333361       2.5074907080841196E-006
   6.66666701E-02  0.533333361       1.6459901150201687E-005
  0.100000001      0.533333361       1.1398548481367731E-004
  0.133333340      0.533333361       5.7698458025992768E-004
  0.166666672      0.533333361       2.0064251409642421E-003
  0.200000003      0.533333361       4.8000928253111239E-003
  0.233333334      0.533333361       7.9572696043659127E-003
  0.266666681      0.533333361       9.1851658530441426E-003
  0.300000012      0.533333361       7.3945199662996050E-003
  0.333333343      0.533333361       4.1507587824707115E-003
  0.366666675      0.533333361       1.6358274815745336E-003
  0.400000006      0.533333361       4.7432101743634245E-004
  0.433333337      0.533333361       1.1510416114450712E-004
  0.466666669      0.533333361       2.6105023574233990E-005
  0.500000000      0.533333361       6.0002221300643798E-006
  0.533333361      0.533333361       1.8496277473280254E-006
  0.566666663      0.533333361       2.0491495072238065E-005
  0.600000024      0.533333361       1.9842130453450639E-004
  0.633333325      0.533333361       9.4154676162417901E-004
  0.666666687      0.533333361       2.8426385646844205E-003
  0.699999988      0.533333361       5.9019543961805684E-003
  0.733333349      0.533333361       8.6394208704362995E-003
  0.766666651      0.533333361       8.9591250149640561E-003
  0.800000012      0.533333361       6.5372822011144065E-003
  0.833333313      0.533333361       3.3192956751827312E-003
  0.866666675      0.533333361       1.1575478369311972E-003
  0.899999976      0.533333361       2.7295013653640202E-004
  0.933333337      0.533333361       4.4242209004263848E-005
  0.966666639      0.533333361       5.5373964961784848E-006
   1.00000000      0.533333361       1.0018461448701120E-006
   0.00000000      0.566666663       5.0945979721613455E-007
   3.33333351E-02  0.566666663       4.2752707274317740E-006
   6.66666701E-02  0.566666663       3.5138326242739192E-005
  0.100000001      0.566666663       2.5299596038956919E-004
  0.133333340      0.566666663       1.2536899468059046E-003
  0.166666672      0.566666663       4.2153849131602288E-003
  0.200000003      0.566666663       9.7038354641783165E-003
  0.233333334      0.566666663       1.5421182860494889E-002
  0.266666681      0.566666663       1.7012565391778544E-002
  0.300000012      0.566666663       1.3061858068460531E-002
  0.333333343      0.566666663       6.9911570687331021E-003
  0.366666675      0.566666663       2.6409097625756891E-003
  0.400000006      0.566666663       7.4731092593495637E-004
  0.433333337      0.566666663       1.8129773181233005E-004
  0.466666669      0.566666663       4.1135510265080709E-005
  0.500000000      0.566666663       9.2719060486346513E-006
  0.533333361      0.566666663       2.4631876022285313E-006
  0.566666663      0.566666663       4.3392377354684562E-005
  0.600000024      0.566666663       3.9808918067198965E-004
  0.633333325      0.566666663       1.8366601950556732E-003
  0.666666687      0.566666663       5.4265662844014814E-003
  0.699999988      0.566666663       1.1059037949425976E-002
  0.733333349      0.566666663       1.5970671610784821E-002
  0.766666651      0.566666663       1.6383584841304696E-002
  0.800000012      0.566666663       1.1866560002294909E-002
  0.833333313      0.566666663       5.9944757874675521E-003
  0.866666675      0.566666663       2.0845711429355717E-003
  0.899999976      0.566666663       4.9431733796776324E-004
  0.933333337      0.566666663       7.8230824369604333E-005
  0.966666639      0.566666663       7.5629715701171847E-006
   1.00000000      0.566666663       3.2803308898745644E-007
   0.00000000      0.600000024       7.2978956901161192E-008
   3.33333351E-02  0.600000024       5.0790239756332836E-006
   6.66666701E-02  0.600000024       4.3748191748676645E-005
  0.100000001      0.600000024       3.0916952211520337E-004
  0.133333340      0.600000024       1.4800185199276717E-003
  0.166666672      0.600000024       4.7876145421027168E-003
  0.200000003      0.600000024       1.0575998981564893E-002
  0.233333334      0.600000024       1.6093029230683044E-002
  0.266666681      0.600000024       1.6968387404809694E-002
  0.300000012      0.600000024       1.2438297332418141E-002
  0.333333343      0.600000024       6.3617593947770737E-003
  0.366666675      0.600000024       2.3117851736754657E-003
  0.400000006      0.600000024       6.4140183382238526E-004
  0.433333337      0.600000024       1.5594327816088373E-004
  0.466666669      0.600000024       3.5434605059279955E-005
  0.500000000      0.600000024       7.9755158548754893E-006
  0.533333361      0.600000024       2.2117070495040244E-006
  0.566666663      0.600000024       4.5691310665969126E-005
  0.600000024      0.600000024       4.0976429141118030E-004
  0.633333325      0.600000024       1.8707881168366614E-003
  0.666666687      0.600000024       5.4804025091031265E-003
  0.699999988      0.600000024       1.1101156863940028E-002
  0.733333349      0.600000024       1.5964191501501329E-002
  0.766666651      0.600000024       1.6360353720935923E-002
  0.800000012      0.600000024       1.1869839965703064E-002
  0.833333313      0.600000024       6.0252362872743838E-003
  0.866666675      0.600000024       2.1088191847738547E-003
  0.899999976      0.600000024       5.0099816156777977E-004
  0.933333337      0.600000024       8.0378670063312678E-005
  0.966666639      0.600000024       8.5713048223603019E-006
   1.00000000      0.600000024       1.6780761438011640E-007
   0.00000000      0.633333325       2.1606923813945883E-008
   3.33333351E-02  0.633333325       4.1498247293222197E-006
   6.66666701E-02  0.633333325       3.3997530631086834E-005
  0.100000001      0.633333325       2.3161224846799321E-004
  0.133333340      0.633333325       1.0733146466749028E-003
  0.166666672      0.633333325       3.3549787050022109E-003
  0.200000003      0.633333325       7.1447101259809786E-003
  0.233333334      0.633333325       1.0457859394953785E-002
  0.266666681      0.633333325       1.0587887938109141E-002
  0.300000012      0.633333325       7.4454615089400407E-003
  0.333333343      0.633333325       3.6581668961939203E-003
  0.366666675      0.633333325       1.2871370609467325E-003
  0.400000006      0.633333325       3.5298160466057941E-004
  0.433333337      0.633333325       8.6537311707728180E-005
  0.466666669      0.633333325       1.9936297641365243E-005
  0.500000000      0.633333325       4.5028490601976162E-006
  0.533333361      0.633333325       1.9653666080417069E-007
  0.566666663      0.633333325       3.1224671998172871E-005
  0.600000024      0.633333325       2.6868966391114320E-004
  0.633333325      0.633333325       1.2091460290348426E-003
  0.666666687      0.633333325       3.4890328258791320E-003
  0.699999988      0.633333325       7.0405492956308281E-003
  0.733333349      0.633333325       1.0040739361206575E-002
  0.766666651      0.633333325       1.0268224264113361E-002
  0.800000012      0.633333325       7.4505734968467133E-003
  0.833333313      0.633333325       3.7981143561898112E-003
  0.866666675      0.633333325       1.3390606831877683E-003
  0.899999976      0.633333325       3.2134557722988087E-004
  0.933333337      0.633333325       5.1972423433022650E-005
  0.966666639      0.633333325       5.3512401400596896E-006
   1.00000000      0.633333325       4.6612728251135902E-007
   0.00000000      0.666666687       2.9375110330298604E-009
   3.33333351E-02  0.666666687       2.5864399039562036E-006
   6.66666701E-02  0.666666687       1.8068267021939923E-005
  0.100000001      0.666666687       1.1543742972141223E-004
  0.133333340      0.666666687       5.1799448679912795E-004
  0.166666672      0.666666687       1.5699930006404098E-003
  0.200000003      0.666666687       3.2352205825133921E-003
  0.233333334      0.666666687       4.5719818292403892E-003
  0.266666681      0.666666687       4.4608809484944197E-003
  0.300000012      0.666666687       3.0205254785514628E-003
  0.333333343      0.666666687       1.4315457947276910E-003
  0.366666675      0.666666687       4.9036237902157372E-004
  0.400000006      0.666666687       1.3392985373214238E-004
  0.433333337      0.666666687       3.3430593862834000E-005
  0.466666669      0.666666687       7.9896900517996308E-006
  0.500000000      0.666666687       1.3671419570854661E-006
  0.533333361      0.666666687      -1.5971727621195975E-007
  0.566666663      0.666666687       1.6196653813978440E-005
  0.600000024      0.666666687       1.2138810599709809E-004
  0.633333325      0.666666687       5.3197260636579202E-004
  0.666666687      0.666666687       1.5404082814028236E-003
  0.699999988      0.666666687       3.0171915244360139E-003
  0.733333349      0.666666687       4.3039850047818457E-003
  0.766666651      0.666666687       4.3549690222944035E-003
  0.800000012      0.666666687       3.1634468619716532E-003
  0.833333313      0.666666687       1.6141927384307824E-003
  0.866666675      0.666666687       5.7067880303872105E-004
  0.899999976      0.666666687       1.3769279170610497E-004
  0.933333337      0.666666687       2.2741819236020186E-005
  0.966666639      0.666666687       2.4607435799805345E-006
   1.00000000      0.666666687       3.4592147659480085E-007
   0.00000000      0.699999988       3.7577317174141561E-008
   3.33333351E-02  0.699999988       2.0006805274530148E-007
   6.66666701E-02  0.699999988       7.3697138526391268E-006
  0.100000001      0.699999988       4.0505350631244125E-005
  0.133333340      0.699999988       1.7340355913230451E-004
  0.166666672      0.699999988       5.0971100511580365E-004
  0.200000003      0.699999988       1.0190199479295486E-003
  0.233333334      0.699999988       1.3942070524821594E-003
  0.266666681      0.699999988       1.3144952731003231E-003
  0.300000012      0.699999988       8.5930316432238367E-004
  0.333333343      0.699999988       3.9409112727722034E-004
  0.366666675      0.699999988       1.3218800803103486E-004
  0.400000006      0.699999988       3.6399722498969427E-005
  0.433333337      0.699999988       9.4929384917464437E-006
  0.466666669      0.699999988       2.1606097206674211E-006
  0.500000000      0.699999988      -1.0501602841755248E-007
  0.533333361      0.699999988      -1.0245664873735801E-007
  0.566666663      0.699999988       6.8008155332992606E-006
  0.600000024      0.699999988       4.0912621718760178E-005
  0.633333325      0.699999988       1.7075939659978354E-004
  0.666666687      0.699999988       4.7381161872718795E-004
  0.699999988      0.699999988       9.2756767025910724E-004
  0.733333349      0.699999988       1.2787192348418374E-003
  0.766666651      0.699999988       1.3020124117287856E-003
  0.800000012      0.699999988       9.3813795823044434E-004
  0.833333313      0.699999988       4.7778193293776229E-004
  0.866666675      0.699999988       1.6895867197152940E-004
  0.899999976      0.699999988       4.1588009987408181E-005
  0.933333337      0.699999988       7.4574056738230455E-006
  0.966666639      0.699999988       1.3548085185563464E-006
   1.00000000      0.699999988       4.8289723897999891E-008
   0.00000000      0.733333349       2.5398063560914605E-008
   3.33333351E-02  0.733333349       3.0170012662081823E-008
   6.66666701E-02  0.733333349       2.6344918125452811E-006
  0.100000001      0.733333349       1.0997120574084899E-005
  0.133333340      0.733333349       4.1683594671948119E-005
  0.166666672      0.733333349       1.1733141314010349E-004
  0.200000003      0.733333349       2.2731237982742116E-004
  0.233333334      0.733333349       3.0150594415823199E-004
  0.266666681      0.733333349       2.7513390911153317E-004
  0.300000012      0.733333349       1.7407741566304871E-004
  0.333333343      0.733333349       7.7758330169892142E-005
  0.366666675      0.733333349       2.5944127434731110E-005
  0.400000006      0.733333349       7.5748993139555451E-006
  0.433333337      0.733333349       1.9045348701061059E-006
  0.466666669      0.733333349      -4.3606104058136960E-008
  0.500000000      0.733333349      -4.7268634223896107E-008
  0.533333361      0.733333349      -7.5080541011348506E-008
  0.566666663      0.733333349       3.1122161366897022E-006
  0.600000024      0.733333349       1.4054545102406136E-005
  0.633333325      0.733333349       4.0146100972305080E-005
  0.666666687      0.733333349       1.0367498469978547E-004
  0.699999988      0.733333349       2.0214180999664314E-004
  0.733333349      0.733333349       2.7269426463458413E-004
  0.766666651      0.733333349       2.7573237756686525E-004
  0.800000012      0.733333349       1.9765842214786779E-004
  0.833333313      0.733333349       9.9950639691807598E-005
  0.866666675      0.733333349       3.6019492423668961E-005
  0.899999976      0.733333349       9.8460805139847889E-006
  0.933333337      0.733333349       2.5281496859044187E-006
  0.966666639      0.733333349       1.4950618730123679E-007
   1.00000000      0.733333349       6.5961339658696366E-008
   0.00000000      0.766666651       2.4018744570510064E-008
   3.33333351E-02  0.766666651       3.0955796196784763E-008
   6.66666701E-02  0.766666651       5.0017841080746139E-008
  0.100000001      0.766666651       3.0905080628981481E-006
  0.133333340      0.766666651       8.0927821712125270E-006
  0.166666672      0.766666651       2.0097512141244135E-005
  0.200000003      0.766666651       3.6754363637095920E-005
  0.233333334      0.766666651       4.6963132327951349E-005
  0.266666681      0.766666651       4.1638334096294883E-005
  0.300000012      0.766666651       2.5800062972583992E-005
  0.333333343      0.766666651       1.1586229460111347E-005
  0.366666675      0.766666651       4.1445513634411567E-006
  0.400000006      0.766666651       1.0660371546707581E-006
  0.433333337      0.766666651      -4.0583791939899361E-008
  0.466666669      0.766666651      -1.8189132339413785E-008
  0.500000000      0.766666651      -2.8730425777161173E-008
  0.533333361      0.766666651      -4.5971291316693978E-008
  0.566666663      0.766666651       1.4540329569491441E-006
  0.600000024      0.766666651       4.8339648839548386E-006
  0.633333325      0.766666651       9.8378757753847827E-006
  0.666666687      0.766666651       1.5240742497898258E-005
  0.699999988      0.766666651       2.8503483685278876E-005
  0.733333349      0.766666651       4.5262334833043360E-005
  0.766666651      0.766666651       4.2105337774411730E-005
  0.800000012      0.766666651       3.0077593992442408E-005
  0.833333313      0.766666651       1.5712347993421027E-005
  0.866666675      0.766666651       6.6131586036092356E-006
  0.899999976      0.766666651       2.4263204883956217E-006
  0.933333337      0.766666651       7.1209601722584332E-007
  0.966666639      0.766666651       5.3749550415571699E-008
   1.00000000      0.766666651       4.8847114731331506E-008
   0.00000000      0.800000012       1.8483427204909163E-008
   3.33333351E-02  0.800000012       2.5044326209112781E-008
   6.66666701E-02  0.800000012       5.7300920783438791E-008
  0.100000001      0.800000012       2.5719278717048575E-007
  0.133333340      0.800000012       1.7130045158091425E-006
  0.166666672      0.800000012       3.2506297654455191E-006
  0.200000003      0.800000012       5.0280496339854728E-006
  0.233333334      0.800000012       5.9934896367576070E-006
  0.266666681      0.800000012       5.1871978801183542E-006
  0.300000012      0.800000012       3.3420678921657217E-006
  0.333333343      0.800000012       1.5524613425010815E-006
  0.366666675      0.800000012       1.7875519585678831E-007
  0.400000006      0.800000012      -3.9253615637785920E-008
  0.433333337      0.800000012      -1.5166655921070547E-008
  0.466666669      0.800000012      -1.1474975075503012E-008
  0.500000000      0.800000012      -1.1483640068813555E-008
  0.533333361      0.800000012      -1.2350676146459082E-008
  0.566666663      0.800000012       4.1715257520066255E-007
  0.600000024      0.800000012       1.5897844970353412E-006
  0.633333325      0.800000012       2.1670223498500198E-006
  0.666666687      0.800000012       1.9105798064043182E-006
  0.699999988      0.800000012       2.3439210095800448E-006
  0.733333349      0.800000012       6.6086853407127440E-006
  0.766666651      0.800000012       6.1739795680178971E-006
  0.800000012      0.800000012       4.2183484866346562E-006
  0.833333313      0.800000012       2.6111274278066616E-006
  0.866666675      0.800000012       1.4712862069141391E-006
  0.899999976      0.800000012       1.9062234376604958E-007
  0.933333337      0.800000012       3.6421630015973441E-008
  0.966666639      0.800000012       3.7089226976433874E-008
   1.00000000      0.800000012       3.8107890196941233E-008
   0.00000000      0.833333313       1.1899074142457042E-008
   3.33333351E-02  0.833333313       1.2580020720444340E-008
   6.66666701E-02  0.833333313       1.4909355520792075E-008
  0.100000001      0.833333313       2.0847408952026809E-008
  0.133333340      0.833333313       4.0724517443198327E-008
  0.166666672      0.833333313       2.3144232509609772E-007
  0.200000003      0.833333313       7.5026782247512597E-007
  0.233333334      0.833333313       7.1662318146400398E-007
  0.266666681      0.833333313       5.8807515155732872E-007
  0.300000012      0.833333313       1.4984577855056344E-007
  0.333333343      0.833333313      -1.9217981334670835E-008
  0.366666675      0.833333313       5.5688662486735527E-009
  0.400000006      0.833333313      -7.9716686564529696E-009
  0.433333337      0.833333313      -6.2357248446862773E-009
  0.466666669      0.833333313      -3.3518201901071992E-009
  0.500000000      0.833333313       2.5054535715530145E-009
  0.533333361      0.833333313       1.7038376439175874E-008
  0.566666663      0.833333313       5.8509501025833660E-008
  0.600000024      0.833333313       1.2884690695294260E-007
  0.633333325      0.833333313       1.0540141001831593E-007
  0.666666687      0.833333313       8.4339481939326236E-008
  0.699999988      0.833333313       1.0071729736891091E-007
  0.733333349      0.833333313       2.9648046867406831E-007
  0.766666651      0.833333313       1.0383355626171617E-006
  0.800000012      0.833333313       7.8503783100807457E-007
  0.833333313      0.833333313       2.0401381822939772E-007
  0.866666675      0.833333313       4.2267815123170696E-008
  0.899999976      0.833333313       3.9175309966268598E-008
  0.933333337      0.833333313       2.7834502645362851E-008
  0.966666639      0.833333313       2.9410774323650017E-008
   1.00000000      0.833333313       3.0562477284948146E-008
   0.00000000      0.866666675       7.9559830026137979E-009
   3.33333351E-02  0.866666675       7.1529361656864909E-009
   6.66666701E-02  0.866666675       5.3985177711620910E-009
  0.100000001      0.866666675       3.0365916231164802E-009
  0.133333340      0.866666675       7.5906475272002893E-009
  0.166666672      0.866666675       1.1419589772496824E-008
  0.200000003      0.866666675      -4.0172133389010552E-008
  0.233333334      0.866666675      -3.4858931225400201E-008
  0.266666681      0.866666675      -2.8487584483646161E-008
  0.300000012      0.866666675       8.1191399103029693E-009
  0.333333343      0.866666675       5.4409632420197862E-010
  0.366666675      0.866666675       6.9097737351742766E-010
  0.400000006      0.866666675      -1.1780014044305079E-009
  0.433333337      0.866666675      -7.5990324373709922E-010
  0.466666669      0.866666675       1.8386495844726833E-009
  0.500000000      0.866666675       7.0469752581035772E-009
  0.533333361      0.866666675       1.5476484278268039E-008
  0.566666663      0.866666675       2.5700019452195091E-008
  0.600000024      0.866666675       1.9688444439450864E-008
  0.633333325      0.866666675       3.5012042305096122E-009
  0.666666687      0.866666675      -5.1190486590304077E-009
  0.699999988      0.866666675      -7.6306792048258520E-009
  0.733333349      0.866666675      -7.0646613245821041E-009
  0.766666651      0.866666675      -9.1204559407847413E-008
  0.800000012      0.866666675      -6.4591864908677792E-008
  0.833333313      0.866666675       1.1879532576825752E-008
  0.866666675      0.866666675       1.7360930996512640E-008
  0.899999976      0.866666675       2.0068135542553565E-008
  0.933333337      0.866666675       2.1814146812146849E-008
  0.966666639      0.866666675       2.3935688225613753E-008
   1.00000000      0.866666675       2.5036423110039174E-008
   0.00000000      0.899999976       6.1781362002211529E-009
   3.33333351E-02  0.899999976       5.4286859568200216E-009
   6.66666701E-02  0.899999976       4.0046019156997348E-009
  0.100000001      0.899999976       2.4293035808886990E-009
  0.133333340      0.899999976       2.5982324806201815E-009
  0.166666672      0.899999976       2.0836112323355249E-009
  0.200000003      0.899999976      -7.0755458555973177E-010
  0.233333334      0.899999976       1.2534127138974505E-009
  0.266666681      0.899999976       1.4611884611341955E-009
  0.300000012      0.899999976       4.4697015914862970E-009
  0.333333343      0.899999976       3.9135541454651118E-009
  0.366666675      0.899999976       2.8582797063437040E-009
  0.400000006      0.899999976       2.0099586464606897E-009
  0.433333337      0.899999976       2.3799109274014879E-009
  0.466666669      0.899999976       4.2611652043261089E-009
  0.500000000      0.899999976       7.5183868421886853E-009
  0.533333361      0.899999976       1.1299747089356296E-008
  0.566666663      0.899999976       1.2952991166963711E-008
  0.600000024      0.899999976       6.9872606124404477E-009
  0.633333325      0.899999976      -1.7024808812065098E-009
  0.666666687      0.899999976      -7.2594273574193291E-009
  0.699999988      0.899999976      -1.0076029788308460E-008
  0.733333349      0.899999976      -1.1989136868939369E-008
  0.766666651      0.899999976      -1.7308562174560109E-008
  0.800000012      0.899999976      -9.6634387295509855E-009
  0.833333313      0.899999976       3.6540155791539228E-009
  0.866666675      0.899999976       1.0844876742618047E-008
  0.899999976      0.899999976       1.5115522711424932E-008
  0.933333337      0.899999976       1.8117536655930418E-008
  0.966666639      0.899999976       2.0173099059706684E-008
   1.00000000      0.899999976       2.1183838031283396E-008
   0.00000000      0.933333337       5.5553128617451611E-009
   3.33333351E-02  0.933333337       5.0971224928525807E-009
   6.66666701E-02  0.933333337       4.3136464058938020E-009
  0.100000001      0.933333337       3.5746565448359705E-009
  0.133333340      0.933333337       3.5172898293998195E-009
  0.166666672      0.933333337       3.9379722556855470E-009
  0.200000003      0.933333337       4.8625389748773243E-009
  0.233333334      0.933333337       5.9612087883152698E-009
  0.266666681      0.933333337       6.0218601403115579E-009
  0.300000012      0.933333337       5.8782872386971968E-009
  0.333333343      0.933333337       5.1868906869242948E-009
  0.366666675      0.933333337       4.3016124607643536E-009
  0.400000006      0.933333337       3.7770758813367514E-009
  0.433333337      0.933333337       4.0376469593976505E-009
  0.466666669      0.933333337       5.1727034850010574E-009
  0.500000000      0.933333337       6.8752549985096577E-009
  0.533333361      0.933333337       8.3049188439351766E-009
  0.566666663      0.933333337       7.9843768101012930E-009
  0.600000024      0.933333337       4.5092021130465482E-009
  0.633333325      0.933333337      -1.5300325763301093E-010
  0.666666687      0.933333337      -3.6208398223073687E-009
  0.699999988      0.933333337      -5.3807335158653768E-009
  0.733333349      0.933333337      -5.5872878029945838E-009
  0.766666651      0.933333337      -4.1929349923726725E-009
  0.800000012      0.933333337      -6.7118170504927577E-011
  0.833333313      0.933333337       5.1375203941311093E-009
  0.866666675      0.933333337       9.7166010534863873E-009
  0.899999976      0.933333337       1.3298447933672054E-008
  0.933333337      0.933333337       1.5984725402692912E-008
  0.966666639      0.933333337       1.7778665035062154E-008
   1.00000000      0.933333337       1.8667202559001679E-008
   0.00000000      0.966666639       5.4152433336118744E-009
   3.33333351E-02  0.966666639       5.1695040696048133E-009
   6.66666701E-02  0.966666639       4.7889581438875090E-009
  0.100000001      0.966666639       4.5017848263181545E-009
  0.133333340      0.966666639       4.5872156716588244E-009
  0.166666672      0.966666639       5.0895179915140532E-009
  0.200000003      0.966666639       5.8826730986449860E-009
  0.233333334      0.966666639       6.5292618410452835E-009
  0.266666681      0.966666639       6.6404272213316934E-009
  0.300000012      0.966666639       6.3307294824151497E-009
  0.333333343      0.966666639       5.7281899228274480E-009
  0.366666675      0.966666639       5.0812040631922212E-009
  0.400000006      0.966666639       4.7150164072021737E-009
  0.433333337      0.966666639       4.8429124594579452E-009
  0.466666669      0.966666639       5.4502874433158370E-009
  0.500000000      0.966666639       6.2379136328452427E-009
  0.533333361      0.966666639       6.6191391706366294E-009
  0.566666663      0.966666639       5.8783964291858788E-009
  0.600000024      0.966666639       3.6958094969813393E-009
  0.633333325      0.966666639       9.4186977726666565E-010
  0.666666687      0.966666639      -1.2461184048604551E-009
  0.699999988      0.966666639      -2.2890217798478274E-009
  0.733333349      0.966666639      -1.9877779119980080E-009
  0.766666651      0.966666639      -2.7808818236444571E-010
  0.800000012      0.966666639       2.6893706778696388E-009
  0.833333313      0.966666639       6.1873027268084108E-009
  0.866666675      0.966666639       9.5956916116310756E-009
  0.899999976      0.966666639       1.2533980884438245E-008
  0.933333337      0.966666639       1.4829481055785541E-008
  0.966666639      0.966666639       1.6388653790826158E-008
   1.00000000      0.966666639       1.7171940872506494E-008
   0.00000000       1.00000000       5.4137389466106176E-009
   3.33333351E-02   1.00000000       5.2676194508757823E-009
   6.66666701E-02   1.00000000       5.0633573068928697E-009
  0.100000001       1.00000000       4.9577537231809687E-009
  0.133333340       1.00000000       5.1091688511211222E-009
  0.166666672       1.00000000       5.5486826855194113E-009
  0.200000003       1.00000000       6.1379430107326785E-009
  0.233333334       1.00000000       6.5934351244859718E-009
  0.266666681       1.00000000       6.6966055027595228E-009
  0.300000012       1.00000000       6.4357275942911879E-009
  0.333333343       1.00000000       5.9378911756091321E-009
  0.366666675       1.00000000       5.4201353282988182E-009
  0.400000006       1.00000000       5.1171770134510013E-009
  0.433333337       1.00000000       5.1644384172259104E-009
  0.466666669       1.00000000       5.5135124967637360E-009
  0.500000000       1.00000000       5.9000184457003516E-009
  0.533333361       1.00000000       5.8936190261318737E-009
  0.566666663       1.00000000       5.0866473113664670E-009
  0.600000024       1.00000000       3.4234026828616759E-009
  0.633333325       1.00000000       1.4317536968294284E-009
  0.666666687       1.00000000      -1.6692497861389710E-010
  0.699999988       1.00000000      -8.6468899618621919E-010
  0.733333349       1.00000000      -4.2123667976044082E-010
  0.766666651       1.00000000       1.1795873383971256E-009
  0.800000012       1.00000000       3.7036220636556608E-009
  0.833333313       1.00000000       6.6656539705152104E-009
  0.866666675       1.00000000       9.6187894731451437E-009
  0.899999976       1.00000000       1.2238008246872288E-008
  0.933333337       1.00000000       1.4321229192121310E-008
  0.966666639       1.00000000       1.5753011554605657E-008
   1.00000000       1.00000000       1.6478334719633413E-008
