 # X Y T Z 
   0.00000000       0.00000000      -4.7012502242494911E-008
   3.33333351E-02   0.00000000      -4.6947757175765104E-008
   6.66666701E-02   0.00000000      -4.6611892052074791E-008
  0.100000001       0.00000000      -4.5710413874378367E-008
  0.133333340       0.00000000      -4.4060088486962828E-008
  0.166666672       0.00000000      -4.1757147366174724E-008
  0.200000003       0.00000000      -3.9142328225449247E-008
  0.233333334       0.00000000      -3.6545724940088668E-008
  0.266666681       0.00000000      -3.4216151174426383E-008
  0.300000012       0.00000000      -3.2322988342738806E-008
  0.333333343       0.00000000      -3.0942121662189820E-008
  0.366666675       0.00000000      -3.0019547662138782E-008
  0.400000006       0.00000000      -2.9462552736153787E-008
  0.433333337       0.00000000      -2.9136283606276403E-008
  0.466666669       0.00000000      -2.8935340370159039E-008
  0.500000000       0.00000000      -2.8797839295938849E-008
  0.533333361       0.00000000      -2.8776169413036873E-008
  0.566666663       0.00000000      -2.9051018210295675E-008
  0.600000024       0.00000000      -2.9841335565583202E-008
  0.633333325       0.00000000      -3.1224448631501575E-008
  0.666666687       0.00000000      -3.3024742815738160E-008
  0.699999988       0.00000000      -3.4880361572697284E-008
  0.733333349       0.00000000      -3.6402701082791263E-008
  0.766666651       0.00000000      -3.7335525844995471E-008
  0.800000012       0.00000000      -3.7563826596454485E-008
  0.833333313       0.00000000      -3.7126215717171729E-008
  0.866666675       0.00000000      -3.6169904480158263E-008
  0.899999976       0.00000000      -3.4926533559829359E-008
  0.933333337       0.00000000      -3.3673705525589029E-008
  0.966666639       0.00000000      -3.2669772220828008E-008
   1.00000000       0.00000000      -3.2113672805830426E-008
   0.00000000       3.33333351E-02  -4.9406857934074580E-008
   3.33333351E-02   3.33333351E-02  -4.9528880844730561E-008
   6.66666701E-02   3.33333351E-02  -4.9448703662562793E-008
  0.100000001       3.33333351E-02  -4.8681572026136599E-008
  0.133333340       3.33333351E-02  -4.6894771066124594E-008
  0.166666672       3.33333351E-02  -4.4237950849171023E-008
  0.200000003       3.33333351E-02  -4.1234119788329665E-008
  0.233333334       3.33333351E-02  -3.8213878302277744E-008
  0.266666681       3.33333351E-02  -3.5532143328326216E-008
  0.300000012       3.33333351E-02  -3.3441871231856130E-008
  0.333333343       3.33333351E-02  -3.2040894082786646E-008
  0.366666675       3.33333351E-02  -3.1149743691676231E-008
  0.400000006       3.33333351E-02  -3.0646795490143867E-008
  0.433333337       3.33333351E-02  -3.0346597786100674E-008
  0.466666669       3.33333351E-02  -3.0160004282973711E-008
  0.500000000       3.33333351E-02  -2.9956869559413443E-008
  0.533333361       3.33333351E-02  -2.9763271842020607E-008
  0.566666663       3.33333351E-02  -2.9836489144141956E-008
  0.600000024       3.33333351E-02  -3.0571953708608685E-008
  0.633333325       3.33333351E-02  -3.2177404839153073E-008
  0.666666687       3.33333351E-02  -3.4420714893038280E-008
  0.699999988       3.33333351E-02  -3.6778580949736565E-008
  0.733333349       3.33333351E-02  -3.8681266406191857E-008
  0.766666651       3.33333351E-02  -3.9833772312440098E-008
  0.800000012       3.33333351E-02  -4.0048344104957195E-008
  0.833333313       3.33333351E-02  -3.9465368660345987E-008
  0.866666675       3.33333351E-02  -3.8279689992034432E-008
  0.899999976       3.33333351E-02  -3.6739235137429535E-008
  0.933333337       3.33333351E-02  -3.5199591932400312E-008
  0.966666639       3.33333351E-02  -3.3971103249440943E-008
   1.00000000       3.33333351E-02  -3.3291780715885566E-008
   0.00000000       6.66666701E-02  -5.4133525285212508E-008
   3.33333351E-02   6.66666701E-02  -5.4738501870967016E-008
   6.66666701E-02   6.66666701E-02  -5.5339173301097166E-008
  0.100000001       6.66666701E-02  -5.4965074390176880E-008
  0.133333340       6.66666701E-02  -5.2850096728639107E-008
  0.166666672       6.66666701E-02  -4.9534333679311995E-008
  0.200000003       6.66666701E-02  -4.5994279438028862E-008
  0.233333334       6.66666701E-02  -4.1749335303545992E-008
  0.266666681       6.66666701E-02  -3.8008218669724654E-008
  0.300000012       6.66666701E-02  -3.5396278905749229E-008
  0.333333343       6.66666701E-02  -3.4053622206277855E-008
  0.366666675       6.66666701E-02  -3.3349489646510196E-008
  0.400000006       6.66666701E-02  -3.3050914099736622E-008
  0.433333337       6.66666701E-02  -3.2785704820611182E-008
  0.466666669       6.66666701E-02  -3.2694686527339964E-008
  0.500000000       6.66666701E-02  -3.2399427023536119E-008
  0.533333361       6.66666701E-02  -3.1801111152946794E-008
  0.566666663       6.66666701E-02  -3.1298988390632276E-008
  0.600000024       6.66666701E-02  -3.1785149776737340E-008
  0.633333325       6.66666701E-02  -3.3932337179876440E-008
  0.666666687       6.66666701E-02  -3.7371328230574249E-008
  0.699999988       6.66666701E-02  -4.1210302110681815E-008
  0.733333349       6.66666701E-02  -4.4002910644207194E-008
  0.766666651       6.66666701E-02  -4.5517926201875739E-008
  0.800000012       6.66666701E-02  -4.5187233476285532E-008
  0.833333313       6.66666701E-02  -4.4129804046460011E-008
  0.866666675       6.66666701E-02  -4.2530600500830310E-008
  0.899999976       6.66666701E-02  -4.0346426345271719E-008
  0.933333337       6.66666701E-02  -3.8194525392920217E-008
  0.966666639       6.66666701E-02  -3.6486044442674004E-008
   1.00000000       6.66666701E-02  -3.5542544812037016E-008
   0.00000000      0.100000001      -6.0918856150098816E-008
   3.33333351E-02  0.100000001      -6.2547056433681983E-008
   6.66666701E-02  0.100000001      -6.4608314920278076E-008
  0.100000001      0.100000001      -6.5041243351663530E-008
  0.133333340      0.100000001      -6.1376340749564121E-008
  0.166666672      0.100000001      -5.7793355180951050E-008
  0.200000003      0.100000001      -5.6408572489223541E-008
  0.233333334      0.100000001      -4.7154275051699071E-008
  0.266666681      0.100000001      -3.9659090724669145E-008
  0.300000012      0.100000001      -3.5687780188171404E-008
  0.333333343      0.100000001      -3.4826740924519609E-008
  0.366666675      0.100000001      -3.5697006850357420E-008
  0.400000006      0.100000001      -3.6540368677346301E-008
  0.433333337      0.100000001      -3.6336931085812277E-008
  0.466666669      0.100000001      -3.6693447448901684E-008
  0.500000000      0.100000001      -3.6421782230694304E-008
  0.533333361      0.100000001      -3.5046202262619362E-008
  0.566666663      0.100000001      -3.3029975246329397E-008
  0.600000024      0.100000001      -3.2427445605456851E-008
  0.633333325      0.100000001      -3.5574910676474357E-008
  0.666666687      0.100000001      -4.1958718835543099E-008
  0.699999988      0.100000001      -5.2042231270190038E-008
  0.733333349      0.100000001      -5.6863762322315395E-008
  0.766666651      0.100000001      -5.7843016618890422E-008
  0.800000012      0.100000001      -5.2138676509246376E-008
  0.833333313      0.100000001      -5.0042879604300997E-008
  0.866666675      0.100000001      -4.8837509075217236E-008
  0.899999976      0.100000001      -4.5597761408463708E-008
  0.933333337      0.100000001      -4.2470502863460255E-008
  0.966666639      0.100000001      -3.9974845216991794E-008
   1.00000000      0.100000001      -3.8593247322091587E-008
   0.00000000      0.133333340      -6.8927150134647647E-008
   3.33333351E-02  0.133333340      -7.2499407475275918E-008
   6.66666701E-02  0.133333340      -7.7047082439312548E-008
  0.100000001      0.133333340      -7.8123444638769635E-008
  0.133333340      0.133333340      -5.8701581457905674E-008
  0.166666672      0.133333340      -5.9514224383296760E-008
  0.200000003      0.133333340      -9.0749608826516323E-008
  0.233333334      0.133333340      -4.2854912834545955E-008
  0.266666681      0.133333340      -1.6566764228249237E-008
  0.300000012      0.133333340      -9.7164868867807841E-009
  0.333333343      0.133333340      -1.1957981027686110E-008
  0.366666675      0.133333340      -3.1172824910036430E-008
  0.400000006      0.133333340      -3.9981302663656855E-008
  0.433333337      0.133333340      -4.0878950766749453E-008
  0.466666669      0.133333340      -4.2667318221633645E-008
  0.500000000      0.133333340      -4.2700558080524184E-008
  0.533333361      0.133333340      -3.9878977797194910E-008
  0.566666663      0.133333340      -3.3663137936250712E-008
  0.600000024      0.133333340      -2.8004746536287525E-008
  0.633333325      0.133333340      -3.1199045396864203E-008
  0.666666687      0.133333340      -3.7762955818680492E-008
  0.699999988      0.133333340      -9.3659947018962658E-008
  0.733333349      0.133333340      -1.0551872963436050E-007
  0.766666651      0.133333340      -9.6907853969077987E-008
  0.800000012      0.133333340      -4.4608300313374663E-008
  0.833333313      0.133333340      -4.9184233405019998E-008
  0.866666675      0.133333340      -5.7446770972569700E-008
  0.899999976      0.133333340      -5.2041404909834027E-008
  0.933333337      0.133333340      -4.7621977308830513E-008
  0.966666639      0.133333340      -4.3929376466762121E-008
   1.00000000      0.133333340      -4.1881301491956957E-008
   0.00000000      0.166666672      -7.6135228714189693E-008
   3.33333351E-02  0.166666672      -8.2864032807314358E-008
   6.66666701E-02  0.166666672      -8.7486658538731693E-008
  0.100000001      0.166666672      -8.8858659757747385E-008
  0.133333340      0.166666672       1.0679129903079163E-007
  0.166666672      0.166666672       7.2855316447057936E-008
  0.200000003      0.166666672       1.0071868957492285E-006
  0.233333334      0.166666672       1.3796088857702827E-007
  0.266666681      0.166666672       2.8458865318470826E-007
  0.300000012      0.166666672       2.7955557666827727E-007
  0.333333343      0.166666672       2.5274425389262920E-007
  0.366666675      0.166666672       2.8525805428718243E-009
  0.400000006      0.166666672      -4.8669752882274202E-008
  0.433333337      0.166666672      -5.6489122331844152E-008
  0.466666669      0.166666672      -5.5146588085960846E-008
  0.500000000      0.166666672      -5.3178735760751016E-008
  0.533333361      0.166666672      -4.7576626063501951E-008
  0.566666663      0.166666672      -2.9599052800226809E-008
  0.600000024      0.166666672      -3.9005050209671432E-010
  0.633333325      0.166666672      -5.2558880806602426E-009
  0.666666687      0.166666672       1.5563385873411037E-007
  0.699999988      0.166666672       7.1465695295771202E-007
  0.733333349      0.166666672       7.8986255502172011E-007
  0.766666651      0.166666672       7.0671133570458962E-007
  0.800000012      0.166666672       1.7175377687488405E-007
  0.833333313      0.166666672      -1.2187992003229869E-008
  0.866666675      0.166666672      -7.9398095185556974E-008
  0.899999976      0.166666672      -5.8999721841380623E-008
  0.933333337      0.166666672      -5.3451129103767106E-008
  0.966666639      0.166666672      -4.7483615642088597E-008
   1.00000000      0.166666672      -4.4408929063613489E-008
   0.00000000      0.200000003      -7.8418865991514847E-008
   3.33333351E-02  0.200000003      -8.9322745771723208E-008
   6.66666701E-02  0.200000003      -4.0794311805978853E-008
  0.100000001      0.200000003       9.2517725037511225E-007
  0.133333340      0.200000003       2.1102974456692694E-006
  0.166666672      0.200000003       3.8874788897804227E-006
  0.200000003      0.200000003       5.8028910749508694E-006
  0.233333334      0.200000003       6.7106015630541936E-006
  0.266666681      0.200000003       5.9397902711384037E-006
  0.300000012      0.200000003       6.1558343000924290E-006
  0.333333343      0.200000003       4.2556657871626984E-006
  0.366666675      0.200000003       1.2524496910614955E-006
  0.400000006      0.200000003       1.2878284762229443E-006
  0.433333337      0.200000003       2.9526241072930486E-007
  0.466666669      0.200000003      -1.0367431087427749E-007
  0.500000000      0.200000003      -7.1297265540450419E-008
  0.533333361      0.200000003      -6.2061295022443515E-008
  0.566666663      0.200000003      -1.0849421777647805E-008
  0.600000024      0.200000003       1.7553339805005761E-007
  0.633333325      0.200000003       1.9610357214643916E-006
  0.666666687      0.200000003       4.2583333232787401E-006
  0.699999988      0.200000003       6.8219020233307656E-006
  0.733333349      0.200000003       8.0599486790601527E-006
  0.766666651      0.200000003       7.1748367285419043E-006
  0.800000012      0.200000003       4.7053200680825281E-006
  0.833333313      0.200000003       2.2912178253044202E-006
  0.866666675      0.200000003       7.1104956983047279E-007
  0.899999976      0.200000003      -6.1408270121037292E-008
  0.933333337      0.200000003      -6.4992118972186097E-008
  0.966666639      0.200000003      -4.9543073703207582E-008
   1.00000000      0.200000003      -4.4898247970404440E-008
   0.00000000      0.233333334      -6.8526039551531498E-008
   3.33333351E-02  0.233333334       2.0056748434239997E-007
   6.66666701E-02  0.233333334       7.4337460804108253E-007
  0.100000001      0.233333334       2.4396553643941769E-006
  0.133333340      0.233333334       7.8421824196983625E-006
  0.166666672      0.233333334       1.7603218624275951E-005
  0.200000003      0.233333334       3.1332100275020293E-005
  0.233333334      0.233333334       4.1058936377388021E-005
  0.266666681      0.233333334       4.0076236267724569E-005
  0.300000012      0.233333334       3.6733024802224241E-005
  0.333333343      0.233333334       1.6199221979069402E-005
  0.366666675      0.233333334       9.7524379033941261E-006
  0.400000006      0.233333334       4.8722231628277931E-006
  0.433333337      0.233333334       1.6267718976356680E-006
  0.466666669      0.233333334       4.5549526613746297E-007
  0.500000000      0.233333334      -5.3887454381541799E-008
  0.533333361      0.233333334      -8.6757231968371401E-008
  0.566666663      0.233333334       9.2986524476948614E-008
  0.600000024      0.233333334       3.0243991743018114E-006
  0.633333325      0.233333334       9.6613443327378881E-006
  0.666666687      0.233333334       2.1668109837598079E-005
  0.699999988      0.233333334       3.6323624504573920E-005
  0.733333349      0.233333334       4.5191491811934475E-005
  0.766666651      0.233333334       4.1429386815166648E-005
  0.800000012      0.233333334       2.7827608963371716E-005
  0.833333313      0.233333334       1.3708878670993250E-005
  0.866666675      0.233333334       5.0374804787692382E-006
  0.899999976      0.233333334       1.3198485107794936E-006
  0.933333337      0.233333334       1.0638857805334891E-007
  0.966666639      0.233333334      -4.7011059641464958E-008
   1.00000000      0.233333334      -4.5048824003817226E-008
   0.00000000      0.266666681      -1.5433580870770347E-008
   3.33333351E-02  0.266666681       5.3127294647337814E-007
   6.66666701E-02  0.266666681       1.6394442230477802E-006
  0.100000001      0.266666681       6.2783930539402760E-006
  0.133333340      0.266666681       2.6048879218361831E-005
  0.166666672      0.266666681       7.3367055717708839E-005
  0.200000003      0.266666681       1.5018323660073067E-004
  0.233333334      0.266666681       2.0940271798175741E-004
  0.266666681      0.266666681       2.2913407077778379E-004
  0.300000012      0.266666681       1.5345154785836694E-004
  0.333333343      0.266666681       8.7084263829933888E-005
  0.366666675      0.266666681       3.7733270607261072E-005
  0.400000006      0.266666681       1.3218767861827461E-005
  0.433333337      0.266666681       5.3029255985095110E-006
  0.466666669      0.266666681       2.1559077284780993E-006
  0.500000000      0.266666681       4.7412572066075215E-007
  0.533333361      0.266666681      -2.0228923755679327E-007
  0.566666663      0.266666681       1.5821571746417636E-006
  0.600000024      0.266666681       1.0750095018393670E-005
  0.633333325      0.266666681       3.7793845351959381E-005
  0.666666687      0.266666681       9.3932602850812803E-005
  0.699999988      0.266666681       1.6904957897335374E-004
  0.733333349      0.266666681       2.2102890663635135E-004
  0.766666651      0.266666681       2.0903359045101573E-004
  0.800000012      0.266666681       1.4220161821873272E-004
  0.833333313      0.266666681       6.9097532485996437E-005
  0.866666675      0.266666681       2.4013229327338398E-005
  0.899999976      0.266666681       6.0270660903851466E-006
  0.933333337      0.266666681       1.1578353500589847E-006
  0.966666639      0.266666681       2.7599275223056698E-007
   1.00000000      0.266666681       9.3767678834184853E-008
   0.00000000      0.300000012       5.6924852574529936E-008
   3.33333351E-02  0.300000012       7.9265528854489085E-007
   6.66666701E-02  0.300000012       3.5257303097589471E-006
  0.100000001      0.300000012       1.8511184115004410E-005
  0.133333340      0.300000012       8.6455240038963788E-005
  0.166666672      0.300000012       2.8320245928110509E-004
  0.200000003      0.300000012       5.9358941003990009E-004
  0.233333334      0.300000012       9.1252807774490656E-004
  0.266666681      0.300000012       8.9441927557585275E-004
  0.300000012      0.300000012       6.4640109619624412E-004
  0.333333343      0.300000012       3.3732897688271059E-004
  0.366666675      0.300000012       1.2385398053015376E-004
  0.400000006      0.300000012       4.1212150235164042E-005
  0.433333337      0.300000012       1.3107021477018997E-005
  0.466666669      0.300000012       3.6995208350825478E-006
  0.500000000      0.300000012       1.2785717449028972E-006
  0.533333361      0.300000012      -2.2057941525101613E-007
  0.566666663      0.300000012       4.7385677319450141E-006
  0.600000024      0.300000012       3.2447723720472558E-005
  0.633333325      0.300000012       1.2767027714255920E-004
  0.666666687      0.300000012       3.4286600378658871E-004
  0.699999988      0.300000012       6.5200769456584887E-004
  0.733333349      0.300000012       8.8879080880587165E-004
  0.766666651      0.300000012       8.6766960995103494E-004
  0.800000012      0.300000012       6.0270567432698817E-004
  0.833333313      0.300000012       2.9476770605541404E-004
  0.866666675      0.300000012       1.0052401619216268E-004
  0.899999976      0.300000012       2.3793801210651028E-005
  0.933333337      0.300000012       3.9519124832635127E-006
  0.966666639      0.300000012       4.9735918749064210E-007
   1.00000000      0.300000012       4.3707935674355738E-007
   0.00000000      0.333333343       7.9725967787021637E-008
   3.33333351E-02  0.333333343       1.3605095328782929E-006
   6.66666701E-02  0.333333343       8.6066154236813953E-006
  0.100000001      0.333333343       5.5616491448984675E-005
  0.133333340      0.333333343       2.7744480079560600E-004
  0.166666672      0.333333343       8.8897671283737244E-004
  0.200000003      0.333333343       1.9724030717720876E-003
  0.233333334      0.333333343       2.8454404537054012E-003
  0.266666681      0.333333343       2.9142816643583890E-003
  0.300000012      0.333333343       2.0610008008067524E-003
  0.333333343      0.333333343       1.0166593767154597E-003
  0.366666675      0.333333343       3.7403805472337637E-004
  0.400000006      0.333333343       1.0993969087850337E-004
  0.433333337      0.333333343       2.6604694394805279E-005
  0.466666669      0.333333343       7.5392344828044671E-006
  0.500000000      0.333333343       1.5241240429563884E-006
  0.533333361      0.333333343      -1.7132251974331589E-007
  0.566666663      0.333333343       1.0837112543951892E-005
  0.600000024      0.333333343       8.2022747709387632E-005
  0.633333325      0.333333343       3.5154426187557642E-004
  0.666666687      0.333333343       1.0016418114936565E-003
  0.699999988      0.333333343       1.9918207187036370E-003
  0.733333349      0.333333343       2.8143658060164802E-003
  0.766666651      0.333333343       2.8317434425673641E-003
  0.800000012      0.333333343       2.0158251679551408E-003
  0.833333313      0.333333343       1.0037272351265272E-003
  0.866666675      0.333333343       3.4492845878440314E-004
  0.899999976      0.333333343       8.0717037157674405E-005
  0.933333337      0.333333343       1.2692043887567537E-005
  0.966666639      0.333333343       1.3657997879859725E-006
   1.00000000      0.333333343       4.9354094819255463E-007
   0.00000000      0.366666675       6.7777994048386775E-008
   3.33333351E-02  0.366666675       2.4391173298667643E-006
   6.66666701E-02  0.366666675       2.1889939174592568E-005
  0.100000001      0.366666675       1.5130914598573183E-004
  0.133333340      0.366666675       7.0592784550499866E-004
  0.166666672      0.366666675       2.2517971846677219E-003
  0.200000003      0.366666675       4.7495294022949254E-003
  0.233333334      0.366666675       6.9816669531142994E-003
  0.266666681      0.366666675       7.0484745668825607E-003
  0.300000012      0.366666675       4.9270309947187551E-003
  0.333333343      0.366666675       2.4233164660453737E-003
  0.366666675      0.366666675       8.7432388743902655E-004
  0.400000006      0.366666675       2.3324570179101233E-004
  0.433333337      0.366666675       5.9004521558967543E-005
  0.466666669      0.366666675       1.1759339072971164E-005
  0.500000000      0.366666675       1.3113271992301005E-006
  0.533333361      0.366666675      -1.4313924787449049E-007
  0.566666663      0.366666675       1.9712222484199538E-005
  0.600000024      0.366666675       1.6450221194511550E-004
  0.633333325      0.366666675       7.5291216673632755E-004
  0.666666687      0.366666675       2.2492566341428513E-003
  0.699999988      0.366666675       4.6413095489831902E-003
  0.733333349      0.366666675       6.7646109376648519E-003
  0.766666651      0.366666675       6.9964564166904650E-003
  0.800000012      0.366666675       5.1038870706623411E-003
  0.833333313      0.366666675       2.5963142303029570E-003
  0.866666675      0.366666675       9.0880882742608695E-004
  0.899999976      0.366666675       2.1602801115838140E-004
  0.933333337      0.366666675       3.4354531740134512E-005
  0.966666639      0.366666675       3.4934126906248667E-006
   1.00000000      0.366666675       5.3851009096383962E-007
   0.00000000      0.400000006       1.3939604499174380E-007
   3.33333351E-02  0.400000006       5.4679511845560805E-006
   6.66666701E-02  0.400000006       4.2174698428423026E-005
  0.100000001      0.400000006       2.9474550246147869E-004
  0.133333340      0.400000006       1.3440509404096246E-003
  0.166666672      0.400000006       4.0988681107616267E-003
  0.200000003      0.400000006       8.6476235354911724E-003
  0.233333334      0.400000006       1.2480022610635721E-002
  0.266666681      0.400000006       1.2465946031720012E-002
  0.300000012      0.400000006       8.7000887987306336E-003
  0.333333343      0.400000006       4.2421701103872713E-003
  0.366666675      0.400000006       1.4561010297649507E-003
  0.400000006      0.400000006       4.1150864832964246E-004
  0.433333337      0.400000006       9.4875106878070917E-005
  0.466666669      0.400000006       1.7673798159973937E-005
  0.500000000      0.400000006       2.6260142036296308E-006
  0.533333361      0.400000006      -7.6049032513188231E-008
  0.566666663      0.400000006       2.7424345898918083E-005
  0.600000024      0.400000006       2.4836562716867112E-004
  0.633333325      0.400000006       1.1989222904438329E-003
  0.666666687      0.400000006       3.7246392488273945E-003
  0.699999988      0.400000006       7.9425072000681076E-003
  0.733333349      0.400000006       1.1930139996153057E-002
  0.766666651      0.400000006       1.2677550795245294E-002
  0.800000012      0.400000006       9.4715892584359730E-003
  0.833333313      0.400000006       4.9190246743070548E-003
  0.866666675      0.400000006       1.7527318197477844E-003
  0.899999976      0.400000006       4.2319650196361545E-004
  0.933333337      0.400000006       6.8509872364796412E-005
  0.966666639      0.400000006       7.1356245815178175E-006
   1.00000000      0.400000006       7.2103533647665998E-007
   0.00000000      0.433333337       4.9498587672400685E-007
   3.33333351E-02  0.433333337       6.4639593862062298E-006
   6.66666701E-02  0.433333337       5.9492319703235747E-005
  0.100000001      0.433333337       3.9455667830839915E-004
  0.133333340      0.433333337       1.7646521631443390E-003
  0.166666672      0.433333337       5.3246124390055032E-003
  0.200000003      0.433333337       1.0940733970098900E-002
  0.233333334      0.433333337       1.5587287253832575E-002
  0.266666681      0.433333337       1.5462056533511244E-002
  0.300000012      0.433333337       1.0674387746802847E-002
  0.333333343      0.433333337       5.1695973137791656E-003
  0.366666675      0.433333337       1.7984464334417014E-003
  0.400000006      0.433333337       4.5402216106071934E-004
  0.433333337      0.433333337       1.0215723629202267E-004
  0.466666669      0.433333337       2.4793041791523209E-005
  0.500000000      0.433333337       7.3040895847313126E-006
  0.533333361      0.433333337       7.5523358166623179E-007
  0.566666663      0.433333337       2.6524616631473956E-005
  0.600000024      0.433333337       2.6456842030189590E-004
  0.633333325      0.433333337       1.3398080935308619E-003
  0.666666687      0.433333337       4.3126297109100783E-003
  0.699999988      0.433333337       9.4983168447505730E-003
  0.733333349      0.433333337       1.4692618416662234E-002
  0.766666651      0.433333337       1.6030107902349301E-002
  0.800000012      0.433333337       1.2258141975266146E-002
  0.833333313      0.433333337       6.4961445149998853E-003
  0.866666675      0.433333337       2.3550669888383184E-003
  0.899999976      0.433333337       5.7704564029674823E-004
  0.933333337      0.433333337       9.4687163836689343E-005
  0.966666639      0.433333337       1.0113426248549602E-005
   1.00000000      0.433333337       7.0911283021428395E-007
   0.00000000      0.466666669       6.7733805792344860E-007
   3.33333351E-02  0.466666669       6.4885051451929509E-006
   6.66666701E-02  0.466666669       5.4280571203447309E-005
  0.100000001      0.466666669       3.3983506990649902E-004
  0.133333340      0.466666669       1.4505413356605970E-003
  0.166666672      0.466666669       4.2557870722370926E-003
  0.200000003      0.466666669       8.6213583821183951E-003
  0.233333334      0.466666669       1.2125243464395915E-002
  0.266666681      0.466666669       1.1922839584998733E-002
  0.300000012      0.466666669       8.2232606149254019E-003
  0.333333343      0.466666669       3.9698816201186246E-003
  0.366666675      0.466666669       1.3500356275282035E-003
  0.400000006      0.466666669       3.4809939136614082E-004
  0.433333337      0.466666669       7.4325553162379974E-005
  0.466666669      0.466666669       1.5267725418901829E-005
  0.500000000      0.466666669       4.5685125469753897E-006
  0.533333361      0.466666669       7.0931347036966644E-007
  0.566666663      0.466666669       1.6928512093455569E-005
  0.600000024      0.466666669       1.7933033761006068E-004
  0.633333325      0.466666669       9.4316653361387255E-004
  0.666666687      0.466666669       3.1340201511488811E-003
  0.699999988      0.466666669       7.1080501181573653E-003
  0.733333349      0.466666669       1.1293838661779056E-002
  0.766666651      0.466666669       1.2622908012212126E-002
  0.800000012      0.466666669       9.8613215092539196E-003
  0.833333313      0.466666669       5.3243308672206420E-003
  0.866666675      0.466666669       1.9613908146301606E-003
  0.899999976      0.466666669       4.8709042852087831E-004
  0.933333337      0.466666669       8.0795677253125801E-005
  0.966666639      0.466666669       8.6530235313529763E-006
   1.00000000      0.466666669       6.6076523437706897E-007
   0.00000000      0.500000000       6.2182916582984786E-007
   3.33333351E-02  0.500000000       3.7621200592095178E-006
   6.66666701E-02  0.500000000       2.1618692636514165E-005
  0.100000001      0.500000000       1.2646869672318031E-004
  0.133333340      0.500000000       5.4423194038773074E-004
  0.166666672      0.500000000       1.6326245873401601E-003
  0.200000003      0.500000000       3.4313881794368751E-003
  0.233333334      0.500000000       5.0657848498269070E-003
  0.266666681      0.500000000       5.2575761470718668E-003
  0.300000012      0.500000000       3.8340005416025603E-003
  0.333333343      0.500000000       1.9600400546636986E-003
  0.366666675      0.500000000       7.0680081618488470E-004
  0.400000006      0.500000000       1.8746798007385158E-004
  0.433333337      0.500000000       4.1640508435704225E-005
  0.466666669      0.500000000       8.8383522695725878E-006
  0.500000000      0.500000000       2.2901119240464267E-006
  0.533333361      0.500000000       2.0186466076575066E-007
  0.566666663      0.500000000       6.4653905681810817E-006
  0.600000024      0.500000000       7.0797393777997887E-005
  0.633333325      0.500000000       3.8161928498460789E-004
  0.666666687      0.500000000       1.2994930304784397E-003
  0.699999988      0.500000000       3.0112411021211648E-003
  0.733333349      0.500000000       4.8720277596570908E-003
  0.766666651      0.500000000       5.5264566937712764E-003
  0.800000012      0.500000000       4.3676268733077016E-003
  0.833333313      0.500000000       2.3785568544072841E-003
  0.866666675      0.500000000       8.8149938169298039E-004
  0.899999976      0.500000000       2.1976551410952797E-004
  0.933333337      0.500000000       3.6354008105854249E-005
  0.966666639      0.500000000       3.5508818883857614E-006
   1.00000000      0.500000000       4.1782659797898826E-007
   0.00000000      0.533333361       6.2158679419792816E-007
   3.33333351E-02  0.533333361       3.6829457385009366E-006
   6.66666701E-02  0.533333361       2.6538230179217696E-005
  0.100000001      0.533333361       1.8170108291129517E-004
  0.133333340      0.533333361       8.7703037284791920E-004
  0.166666672      0.533333361       2.8839031337251197E-003
  0.200000003      0.533333361       6.4922852438398480E-003
  0.233333334      0.533333361       1.0080046350065644E-002
  0.266666681      0.533333361       1.0847500269978518E-002
  0.300000012      0.533333361       8.1071231723453662E-003
  0.333333343      0.533333361       4.2126807833333564E-003
  0.366666675      0.533333361       1.5392451490974625E-003
  0.400000006      0.533333361       4.1818916508751990E-004
  0.433333337      0.533333361       9.6065499375057903E-005
  0.466666669      0.533333361       2.0659418701880967E-005
  0.500000000      0.533333361       5.0395889778467222E-006
  0.533333361      0.533333361       5.6722425275236403E-007
  0.566666663      0.533333361       1.7327031230736888E-005
  0.600000024      0.533333361       1.7720366515250698E-004
  0.633333325      0.533333361       9.0310507084953324E-004
  0.666666687      0.533333361       2.9153498338749932E-003
  0.699999988      0.533333361       6.4410095943780920E-003
  0.733333349      0.533333361       9.9836792724008021E-003
  0.766666651      0.533333361       1.0904022470225877E-002
  0.800000012      0.533333361       8.3346437023163484E-003
  0.833333313      0.533333361       4.4095245138425299E-003
  0.866666675      0.533333361       1.5945627432259314E-003
  0.899999976      0.533333361       3.8853695284748948E-004
  0.933333337      0.533333361       6.4214460635112294E-005
  0.966666639      0.533333361       7.7491724097427967E-006
   1.00000000      0.533333361       1.1985445410156838E-006
   0.00000000      0.566666663       7.3569160301134996E-007
   3.33333351E-02  0.566666663       6.0389028631641539E-006
   6.66666701E-02  0.566666663       5.1808022388954164E-005
  0.100000001      0.566666663       3.6014822496231930E-004
  0.133333340      0.566666663       1.6955842773169411E-003
  0.166666672      0.566666663       5.3885364840611811E-003
  0.200000003      0.566666663       1.1671694215951919E-002
  0.233333334      0.566666663       1.7373082149414510E-002
  0.266666681      0.566666663       1.7870416320585270E-002
  0.300000012      0.566666663       1.2741157643143701E-002
  0.333333343      0.566666663       6.3173688041218961E-003
  0.366666675      0.566666663       2.2163920594298120E-003
  0.400000006      0.566666663       5.8908332797529711E-004
  0.433333337      0.566666663       1.3514157773765137E-004
  0.466666669      0.566666663       2.8990159437956061E-005
  0.500000000      0.566666663       6.7046083211163079E-006
  0.533333361      0.566666663       2.2279532267480140E-006
  0.566666663      0.566666663       3.1912336763037421E-005
  0.600000024      0.566666663       3.1696162828191016E-004
  0.633333325      0.566666663       1.5742141179340397E-003
  0.666666687      0.566666663       4.9827736518757437E-003
  0.699999988      0.566666663       1.0824295362173464E-002
  0.733333349      0.566666663       1.6579806895651507E-002
  0.766666651      0.566666663       1.7944216641001629E-002
  0.800000012      0.566666663       1.3637204308316045E-002
  0.833333313      0.566666663       7.1903397202370319E-003
  0.866666675      0.566666663       2.5965632350790895E-003
  0.899999976      0.566666663       6.3598968934870236E-004
  0.933333337      0.566666663       1.0379539449990833E-004
  0.966666639      0.566666663       1.0573833370071975E-005
   1.00000000      0.566666663       4.3228722062396501E-007
   0.00000000      0.600000024       1.7119575310337899E-007
   3.33333351E-02  0.600000024       6.6670152418744086E-006
   6.66666701E-02  0.600000024       5.8073202230975738E-005
  0.100000001      0.600000024       3.9405601793138061E-004
  0.133333340      0.600000024       1.7932018881091254E-003
  0.166666672      0.600000024       5.4900613242025173E-003
  0.200000003      0.600000024       1.1427489399598038E-002
  0.233333334      0.600000024       1.6309186828209830E-002
  0.266666681      0.600000024       1.6055563225724510E-002
  0.300000012      0.600000024       1.0944700070490296E-002
  0.333333343      0.600000024       5.1951312106805481E-003
  0.366666675      0.600000024       1.7584031990335583E-003
  0.400000006      0.600000024       4.5975537771526776E-004
  0.433333337      0.600000024       1.0566467218506298E-004
  0.466666669      0.600000024       2.2699086553047004E-005
  0.500000000      0.600000024       5.3795551912858659E-006
  0.533333361      0.600000024       3.6063401861780205E-007
  0.566666663      0.600000024       3.1319317163586114E-005
  0.600000024      0.600000024       2.9675066327636626E-004
  0.633333325      0.600000024       1.4570626346103730E-003
  0.666666687      0.600000024       4.5707862222262134E-003
  0.699999988      0.600000024       9.8732618296198758E-003
  0.733333349      0.600000024       1.5057218212110882E-002
  0.766666651      0.600000024       1.6281579250527794E-002
  0.800000012      0.600000024       1.2394898504821365E-002
  0.833333313      0.600000024       6.5674192115168332E-003
  0.866666675      0.600000024       2.3878110981562176E-003
  0.899999976      0.600000024       5.8675222572169899E-004
  0.933333337      0.600000024       9.6846529654616946E-005
  0.966666639      0.600000024       1.0656515507768472E-005
   1.00000000      0.600000024       3.1552016735210289E-007
   0.00000000      0.633333325       7.9585257086334932E-008
   3.33333351E-02  0.633333325       5.0582003322149601E-006
   6.66666701E-02  0.633333325       4.0681993112654923E-005
  0.100000001      0.633333325       2.6587710499082851E-004
  0.133333340      0.633333325       1.1729434978782465E-003
  0.166666672      0.633333325       3.4757635617847066E-003
  0.200000003      0.633333325       6.9860110495444582E-003
  0.233333334      0.633333325       9.6062718748602203E-003
  0.266666681      0.633333325       9.0952894100463037E-003
  0.300000012      0.633333325       5.9581693994436554E-003
  0.333333343      0.633333325       2.7227938004406459E-003
  0.366666675      0.633333325       8.9525438284737365E-004
  0.400000006      0.633333325       2.3211837326674929E-004
  0.433333337      0.633333325       5.3815308464926425E-005
  0.466666669      0.633333325       1.1827650547901851E-005
  0.500000000      0.633333325       2.5019684778657429E-006
  0.533333361      0.633333325      -4.9298349705630476E-008
  0.566666663      0.633333325       1.9793979242050666E-005
  0.600000024      0.633333325       1.7857823828018788E-004
  0.633333325      0.633333325       8.6358682960983055E-004
  0.666666687      0.633333325       2.6651354063839758E-003
  0.699999988      0.633333325       5.7297746187291183E-003
  0.733333349      0.633333325       8.6654296562889786E-003
  0.766666651      0.633333325       9.3430369765573080E-003
  0.800000012      0.633333325       7.1120036628436432E-003
  0.833333313      0.633333325       3.7822618150163733E-003
  0.866666675      0.633333325       1.3840975935131075E-003
  0.899999976      0.633333325       3.4329605068388367E-004
  0.933333337      0.633333325       5.7129982832459001E-005
  0.966666639      0.633333325       5.9702638169899811E-006
   1.00000000      0.633333325       6.1662845943661346E-007
   0.00000000      0.666666687       2.6543224825557876E-008
   3.33333351E-02  0.666666687       2.8727457880176684E-006
   6.66666701E-02  0.666666687       1.9516830733062873E-005
  0.100000001      0.666666687       1.1968000771650934E-004
  0.133333340      0.666666687       5.1215446827790215E-004
  0.166666672      0.666666687       1.4743061377739488E-003
  0.200000003      0.666666687       2.8725642373435413E-003
  0.233333334      0.666666687       3.8203655851905822E-003
  0.266666681      0.666666687       3.4919497020968930E-003
  0.300000012      0.666666687       2.2066157990654855E-003
  0.333333343      0.666666687       9.7489812939157306E-004
  0.366666675      0.666666687       3.1310146082269075E-004
  0.400000006      0.666666687       8.1167975823290869E-005
  0.433333337      0.666666687       1.9239169279549196E-005
  0.466666669      0.666666687       4.4862920503528658E-006
  0.500000000      0.666666687       2.1078178812138169E-007
  0.533333361      0.666666687      -9.4271464468596335E-008
  0.566666663      0.666666687       1.0044544571592424E-005
  0.600000024      0.666666687       7.4977550843264391E-005
  0.633333325      0.666666687       3.4789978033486491E-004
  0.666666687      0.666666687       1.0851862203771689E-003
  0.699999988      0.666666687       2.2530276212604952E-003
  0.733333349      0.666666687       3.4074731585070502E-003
  0.766666651      0.666666687       3.6341187139326062E-003
  0.800000012      0.666666687       2.7670535569643889E-003
  0.833333313      0.666666687       1.4721671301659704E-003
  0.866666675      0.666666687       5.3982169668994142E-004
  0.899999976      0.666666687       1.3451093685712994E-004
  0.933333337      0.666666687       2.2826025002449439E-005
  0.966666639      0.666666687       2.6727967612884745E-006
   1.00000000      0.666666687       3.8091906933577959E-007
   0.00000000      0.699999988       4.6649090009787987E-008
   3.33333351E-02  0.699999988       1.0783227862671760E-007
   6.66666701E-02  0.699999988       7.3495408895478051E-006
  0.100000001      0.699999988       3.8109837496918858E-005
  0.133333340      0.699999988       1.5532075194250975E-004
  0.166666672      0.699999988       4.3436423877376011E-004
  0.200000003      0.699999988       8.2246670092977472E-004
  0.233333334      0.699999988       1.0607727653458537E-003
  0.266666681      0.699999988       9.3839920485518872E-004
  0.300000012      0.699999988       5.7341548605926952E-004
  0.333333343      0.699999988       2.4572878864101405E-004
  0.366666675      0.699999988       7.7665233282773859E-005
  0.400000006      0.699999988       2.0546246959635687E-005
  0.433333337      0.699999988       5.1103427101680888E-006
  0.466666669      0.699999988       9.5250402251255591E-007
  0.500000000      0.699999988      -1.0782552229901543E-007
  0.533333361      0.699999988      -1.0448141765857007E-007
  0.566666663      0.699999988       4.2334175089880736E-006
  0.600000024      0.699999988       2.4310764945553558E-005
  0.633333325      0.699999988       1.0404602776120328E-004
  0.666666687      0.699999988       3.0478916839343079E-004
  0.699999988      0.699999988       6.3975470823185974E-004
  0.733333349      0.699999988       9.2667011408370287E-004
  0.766666651      0.699999988       9.9676007036767953E-004
  0.800000012      0.699999988       7.5228146760409210E-004
  0.833333313      0.699999988       3.9906579548260057E-004
  0.866666675      0.699999988       1.4629602578969430E-004
  0.899999976      0.699999988       3.7239415397940099E-005
  0.933333337      0.699999988       7.0000252950795015E-006
  0.966666639      0.699999988       1.3472041903384241E-006
   1.00000000      0.699999988       5.6664857519856011E-008
   0.00000000      0.733333349       3.2656828235317834E-008
   3.33333351E-02  0.733333349       4.4030536399839934E-008
   6.66666701E-02  0.733333349       2.4330850535588498E-006
  0.100000001      0.733333349       9.5341506346640920E-006
  0.133333340      0.733333349       3.4061406036595132E-005
  0.166666672      0.733333349       9.0758799397540595E-005
  0.200000003      0.733333349       1.6672377672125580E-004
  0.233333334      0.733333349       2.0867912985991674E-004
  0.266666681      0.733333349       1.7895603143181218E-004
  0.300000012      0.733333349       1.0608701442030232E-004
  0.333333343      0.733333349       4.4571623797112493E-005
  0.366666675      0.733333349       1.4289062366319206E-005
  0.400000006      0.733333349       4.0724690135744354E-006
  0.433333337      0.733333349       7.9051459440742083E-007
  0.466666669      0.733333349      -1.2495837550319851E-007
  0.500000000      0.733333349      -6.4084845675656081E-008
  0.533333361      0.733333349      -7.4379712987587658E-008
  0.566666663      0.733333349       2.0004200238862174E-006
  0.600000024      0.733333349       9.0684441189356263E-006
  0.633333325      0.733333349       2.3541413357019048E-005
  0.666666687      0.733333349       6.0778575344240505E-005
  0.699999988      0.733333349       1.2699907864307657E-004
  0.733333349      0.733333349       1.8210828984108456E-004
  0.766666651      0.733333349       1.9294675147035482E-004
  0.800000012      0.733333349       1.4512906657745600E-004
  0.833333313      0.733333349       7.6442382610662904E-005
  0.866666675      0.733333349       2.8739101560148648E-005
  0.899999976      0.733333349       8.3134968317622409E-006
  0.933333337      0.733333349       2.2956778428627359E-006
  0.966666639      0.733333349       1.0039266923474958E-007
   1.00000000      0.733333349       6.5972312966245446E-008
   0.00000000      0.766666651       2.4028311686598129E-008
   3.33333351E-02  0.766666651       2.8340406698062343E-008
   6.66666701E-02  0.766666651       3.5212228247896889E-008
  0.100000001      0.766666651       2.5889111217443318E-006
  0.133333340      0.766666651       6.1869145022341236E-006
  0.166666672      0.766666651       1.4428190177395619E-005
  0.200000003      0.766666651       2.4728057466536424E-005
  0.233333334      0.766666651       2.9758451551660113E-005
  0.266666681      0.766666651       2.4933120831264414E-005
  0.300000012      0.766666651       1.4674454632622566E-005
  0.333333343      0.766666651       6.3660411468307611E-006
  0.366666675      0.766666651       2.1578135584660106E-006
  0.400000006      0.766666651       1.8618719403078535E-007
  0.433333337      0.766666651      -3.8381446540208981E-008
  0.466666669      0.766666651      -3.4479522127836212E-008
  0.500000000      0.766666651      -3.0659900295470707E-008
  0.533333361      0.766666651      -3.7480147806591511E-008
  0.566666663      0.766666651       9.3318500497452839E-007
  0.600000024      0.766666651       3.2863405924381727E-006
  0.633333325      0.766666651       6.5026521369561168E-006
  0.666666687      0.766666651       8.4358434425193824E-006
  0.699999988      0.766666651       1.5225811791807771E-005
  0.733333349      0.766666651       2.8519486504795287E-005
  0.766666651      0.766666651       2.7515353298235566E-005
  0.800000012      0.766666651       2.0488486562930203E-005
  0.833333313      0.766666651       1.1355322016911348E-005
  0.866666675      0.766666651       5.1800195461592887E-006
  0.899999976      0.766666651       1.9649334856607558E-006
  0.933333337      0.766666651       5.5159081945114477E-007
  0.966666639      0.766666651       5.1326415033176205E-008
   1.00000000      0.766666651       5.0995634808350711E-008
   0.00000000      0.800000012       1.7223968175436762E-008
   3.33333351E-02  0.800000012       2.1165999993921075E-008
   6.66666701E-02  0.800000012       3.6297492057163483E-008
  0.100000001      0.800000012       7.9668278170699769E-008
  0.133333340      0.800000012       1.3192235793716561E-006
  0.166666672      0.800000012       2.2488889902693072E-006
  0.200000003      0.800000012       3.3798589519337457E-006
  0.233333334      0.800000012       3.7619866288698240E-006
  0.266666681      0.800000012       3.0904431679626399E-006
  0.300000012      0.800000012       1.8897125418746059E-006
  0.333333343      0.800000012       6.8615761373273408E-007
  0.366666675      0.800000012      -2.7698257991891351E-008
  0.400000006      0.800000012      -1.0822198970306118E-009
  0.433333337      0.800000012      -1.4157903314667743E-008
  0.466666669      0.800000012      -1.3035162490094947E-008
  0.500000000      0.800000012      -8.4640083634337712E-009
  0.533333361      0.800000012       9.0211530861519437E-009
  0.566666663      0.800000012       1.2605933234088483E-007
  0.600000024      0.800000012       1.0505269618678575E-006
  0.633333325      0.800000012       1.4005209382151251E-006
  0.666666687      0.800000012       1.1685991883390954E-006
  0.699999988      0.800000012       9.1362028858661768E-007
  0.733333349      0.800000012       3.9302449774054112E-006
  0.766666651      0.800000012       4.3204115146918288E-006
  0.800000012      0.800000012       3.0636818918973116E-006
  0.833333313      0.800000012       1.9116925391950471E-006
  0.866666675      0.800000012       1.0774342892622569E-006
  0.899999976      0.800000012       8.8838238288761057E-008
  0.933333337      0.800000012       9.1566991343872833E-009
  0.966666639      0.800000012       3.5928501490546313E-008
   1.00000000      0.800000012       3.8272248348162133E-008
   0.00000000      0.833333313       1.1022313172858594E-008
   3.33333351E-02  0.833333313       1.1466668293157699E-008
   6.66666701E-02  0.833333313       1.2992092148856119E-008
  0.100000001      0.833333313       1.3446848589259916E-008
  0.133333340      0.833333313      -1.4008189989271960E-008
  0.166666672      0.833333313       8.2564660740898008E-008
  0.200000003      0.833333313       2.5026995019460964E-007
  0.233333334      0.833333313       2.4684941030627631E-007
  0.266666681      0.833333313       1.8932069102532440E-007
  0.300000012      0.833333313       2.6099717996097387E-008
  0.333333343      0.833333313      -3.0065454808495679E-008
  0.366666675      0.833333313      -7.1506965137546966E-009
  0.400000006      0.833333313      -5.6401535834327624E-009
  0.433333337      0.833333313      -5.9041293094764732E-009
  0.466666669      0.833333313      -3.4876727053254064E-009
  0.500000000      0.833333313       2.4186659574568399E-009
  0.533333361      0.833333313       1.5958068585964977E-008
  0.566666663      0.833333313       4.5395188954264285E-008
  0.600000024      0.833333313       3.6646125902155442E-008
  0.633333325      0.833333313       8.0352843869748933E-009
  0.666666687      0.833333313      -1.7545310467079883E-009
  0.699999988      0.833333313      -7.4684688121384735E-010
  0.733333349      0.833333313       5.3580257076187715E-008
  0.766666651      0.833333313       3.2963103643217709E-007
  0.800000012      0.833333313       2.8185462641746543E-007
  0.833333313      0.833333313       8.3382703980599410E-008
  0.866666675      0.833333313       3.8642107941201306E-009
  0.899999976      0.833333313       3.0870885016917940E-008
  0.933333337      0.833333313       2.4762013726259934E-008
  0.966666639      0.833333313       2.8336771263552489E-008
   1.00000000      0.833333313       2.9563864923200581E-008
   0.00000000      0.866666675       7.2578493976512698E-009
   3.33333351E-02  0.866666675       6.5991270759534204E-009
   6.66666701E-02  0.866666675       5.2629341223617288E-009
  0.100000001      0.866666675       3.0416619973584746E-009
  0.133333340      0.866666675       7.1389666541580438E-010
  0.166666672      0.866666675       1.6329858800573881E-008
  0.200000003      0.866666675       2.4701468227632251E-008
  0.233333334      0.866666675       2.6799286954198344E-008
  0.266666681      0.866666675       1.9343928501537599E-008
  0.300000012      0.866666675       8.1802955376316863E-009
  0.333333343      0.866666675      -1.7655856159688385E-009
  0.366666675      0.866666675      -8.9992944574211059E-010
  0.400000006      0.866666675      -1.3262847200698480E-009
  0.433333337      0.866666675      -8.7676184303171756E-010
  0.466666669      0.866666675       1.3727709191287997E-009
  0.500000000      0.866666675       5.8591851998445951E-009
  0.533333361      0.866666675       1.2879908863787978E-008
  0.566666663      0.866666675       2.0372866247361874E-008
  0.600000024      0.866666675       1.4470832145627513E-008
  0.633333325      0.866666675       9.1678182504318501E-010
  0.666666687      0.866666675      -6.8580831616947557E-009
  0.699999988      0.866666675      -8.3337118811713240E-009
  0.733333349      0.866666675      -2.4540971382868218E-009
  0.766666651      0.866666675       9.0210927969217383E-009
  0.800000012      0.866666675       1.5889773362105092E-008
  0.833333313      0.866666675       1.6750768402776575E-008
  0.866666675      0.866666675       1.0998418793870153E-008
  0.899999976      0.866666675       1.7753988659535876E-008
  0.933333337      0.866666675       2.0180101394399672E-008
  0.966666639      0.866666675       2.2449175354267471E-008
   1.00000000      0.866666675       2.3542266784789233E-008
   0.00000000      0.899999976       5.4959043983534087E-009
   3.33333351E-02  0.899999976       4.8596090418883894E-009
   6.66666701E-02  0.899999976       3.6928104288650940E-009
  0.100000001      0.899999976       2.3718367322261846E-009
  0.133333340      0.899999976       2.0204466329165616E-009
  0.166666672      0.899999976       4.4171946222276715E-009
  0.200000003      0.899999976       5.8124545336329589E-009
  0.233333334      0.899999976       7.0521526265117027E-009
  0.266666681      0.899999976       5.9635061964557340E-009
  0.300000012      0.899999976       4.7874230662669354E-009
  0.333333343      0.899999976       2.8854724655642816E-009
  0.366666675      0.899999976       2.0882663698306228E-009
  0.400000006      0.899999976       1.5990642197958455E-009
  0.433333337      0.899999976       1.9963607450642316E-009
  0.466666669      0.899999976       3.5832005086579993E-009
  0.500000000      0.899999976       6.2665644444404034E-009
  0.533333361      0.899999976       9.3211995642124464E-009
  0.566666663      0.899999976       1.0607207725935128E-008
  0.600000024      0.899999976       6.2110595224927276E-009
  0.633333325      0.899999976      -9.9237660569542058E-010
  0.666666687      0.899999976      -6.1752481644904503E-009
  0.699999988      0.899999976      -8.6078134196214753E-009
  0.733333349      0.899999976      -8.9654378545699770E-009
  0.766666651      0.899999976      -7.5408254791289528E-009
  0.800000012      0.899999976      -1.9435643609918771E-009
  0.833333313      0.899999976       4.7172068651409049E-009
  0.866666675      0.899999976       8.9495763397774014E-009
  0.899999976      0.899999976       1.3420403181438854E-008
  0.933333337      0.899999976       1.6463898902074718E-008
  0.966666639      0.899999976       1.8512079726453780E-008
   1.00000000      0.899999976       1.9515902917040077E-008
   0.00000000      0.933333337       4.8458109602874874E-009
   3.33333351E-02  0.933333337       4.4435383628931360E-009
   6.66666701E-02  0.933333337       3.7706647426812012E-009
  0.100000001      0.933333337       3.1449078526915239E-009
  0.133333340      0.933333337       3.0774738551779535E-009
  0.166666672      0.933333337       3.8163747634106446E-009
  0.200000003      0.933333337       4.7646416114844117E-009
  0.233333334      0.933333337       5.5527966995533654E-009
  0.266666681      0.933333337       5.4711127404774920E-009
  0.300000012      0.933333337       5.0444118781167377E-009
  0.333333343      0.933333337       4.2801241020374095E-009
  0.366666675      0.933333337       3.6038300838545437E-009
  0.400000006      0.933333337       3.2495623366636528E-009
  0.433333337      0.933333337       3.5079556862951077E-009
  0.466666669      0.933333337       4.4525963186132535E-009
  0.500000000      0.933333337       5.8294981695582865E-009
  0.533333361      0.933333337       6.9468700141309125E-009
  0.566666663      0.933333337       6.6243977769040764E-009
  0.600000024      0.933333337       3.7918601595221188E-009
  0.633333325      0.933333337      -2.4220402636623839E-010
  0.666666687      0.933333337      -3.4918489673092107E-009
  0.699999988      0.933333337      -5.2383271723121030E-009
  0.733333349      0.933333337      -5.4464917960883250E-009
  0.766666651      0.933333337      -3.9053809343337839E-009
  0.800000012      0.933333337      -2.8132875152728221E-010
  0.833333313      0.933333337       4.1660485803306224E-009
  0.866666675      0.933333337       8.1792405848485697E-009
  0.899999976      0.933333337       1.1666734759806403E-008
  0.933333337      0.933333337       1.4305561081540651E-008
  0.966666639      0.933333337       1.6073273196464712E-008
   1.00000000      0.933333337       1.6952256451244554E-008
   0.00000000      0.966666639       4.6803800344934199E-009
   3.33333351E-02  0.966666639       4.4567579479334873E-009
   6.66666701E-02  0.966666639       4.1138703876829677E-009
  0.100000001      0.966666639       3.8549666769296595E-009
  0.133333340      0.966666639       3.9175615261554178E-009
  0.166666672      0.966666639       4.3720406503033188E-009
  0.200000003      0.966666639       5.0199471225914963E-009
  0.233333334      0.966666639       5.5321255385898729E-009
  0.266666681      0.966666639       5.6144318582272701E-009
  0.300000012      0.966666639       5.3531460566386135E-009
  0.333333343      0.966666639       4.8640350986317235E-009
  0.366666675      0.966666639       4.3734708132575281E-009
  0.400000006      0.966666639       4.1123655533398945E-009
  0.433333337      0.966666639       4.2415626646825216E-009
  0.466666669      0.966666639       4.7443398302864093E-009
  0.500000000      0.966666639       5.3691077171258775E-009
  0.533333361      0.966666639       5.6296788043482850E-009
  0.566666663      0.966666639       4.9397265926656199E-009
  0.600000024      0.966666639       3.0313310428421378E-009
  0.633333325      0.966666639       5.5626030290214373E-010
  0.666666687      0.966666639      -1.5151625972755975E-009
  0.699999988      0.966666639      -2.6016589776620136E-009
  0.733333349      0.966666639      -2.4683581299799265E-009
  0.766666651      0.966666639      -1.0068982768873455E-009
  0.800000012      0.966666639       1.6500014520925282E-009
  0.833333313      0.966666639       4.8839189171817274E-009
  0.866666675      0.966666639       8.0879752337777860E-009
  0.899999976      0.966666639       1.0922428906202236E-008
  0.933333337      0.966666639       1.3157098195226008E-008
  0.966666639      0.966666639       1.4683665275653721E-008
   1.00000000      0.966666639       1.5453665821074831E-008
   0.00000000       1.00000000       4.6658152534715530E-009
   3.33333351E-02   1.00000000       4.5278008321825158E-009
   6.66666701E-02   1.00000000       4.3335362617151832E-009
  0.100000001       1.00000000       4.2246863739530544E-009
  0.133333340       1.00000000       4.3394830335444917E-009
  0.166666672       1.00000000       4.7058458011416116E-009
  0.200000003       1.00000000       5.1943409019568690E-009
  0.233333334       1.00000000       5.5764630992310299E-009
  0.266666681       1.00000000       5.6724517462749049E-009
  0.300000012       1.00000000       5.4776067663891287E-009
  0.333333343       1.00000000       5.0945366892110600E-009
  0.366666675       1.00000000       4.7005977793978734E-009
  0.400000006       1.00000000       4.4790077837505819E-009
  0.433333337       1.00000000       4.5347935315707966E-009
  0.466666669       1.00000000       4.8226495722781572E-009
  0.500000000       1.00000000       5.1183831143710931E-009
  0.533333361       1.00000000       5.0614302698581519E-009
  0.566666663       1.00000000       4.3092992866038300E-009
  0.600000024       1.00000000       2.8049791188757348E-009
  0.633333325       1.00000000       9.7331318178739412E-010
  0.666666687       1.00000000      -5.5754631727439330E-010
  0.699999988       1.00000000      -1.3082851626046790E-009
  0.733333349       1.00000000      -1.0288495725947061E-009
  0.766666651       1.00000000       3.3382612028409059E-010
  0.800000012       1.00000000       2.5965155947636070E-009
  0.833333313       1.00000000       5.3391609744490864E-009
  0.866666675       1.00000000       8.1291252546685649E-009
  0.899999976       1.00000000       1.0642338791038569E-008
  0.933333337       1.00000000       1.2660103902825855E-008
  0.966666639       1.00000000       1.4055608194485023E-008
   1.00000000       1.00000000       1.4765315467144512E-008
