 # X Y T Z 
   0.00000000       0.00000000      -1.5345598907909319E-008
   3.33333351E-02   0.00000000      -1.6833954325336589E-008
   6.66666701E-02   0.00000000      -1.9965268454550517E-008
  0.100000001       0.00000000      -2.5048891608495105E-008
  0.133333340       0.00000000      -3.2545919207262533E-008
  0.166666672       0.00000000      -4.3129142830462125E-008
  0.200000003       0.00000000      -5.8340512664768751E-008
  0.233333334       0.00000000      -8.2014699688288256E-008
  0.266666681       0.00000000      -6.3842981604458893E-008
  0.300000012       0.00000000      -6.2589247889306351E-008
  0.333333343       0.00000000      -6.7012983492615447E-008
  0.366666675       0.00000000      -6.8143341409800280E-008
  0.400000006       0.00000000      -6.2702395677103478E-008
  0.433333337       0.00000000      -5.7554765577852874E-008
  0.466666669       0.00000000      -4.2220603653194202E-008
  0.500000000       0.00000000      -1.8867856907227570E-008
  0.533333361       0.00000000      -1.4524742715049752E-008
  0.566666663       0.00000000      -1.0561339544720109E-008
  0.600000024       0.00000000      -2.6133090658478353E-008
  0.633333325       0.00000000      -4.1636764380585146E-008
  0.666666687       0.00000000      -3.3473930641128406E-008
  0.699999988       0.00000000       1.5124980756340764E-008
  0.733333349       0.00000000       2.1425619818908267E-008
  0.766666651       0.00000000       2.0138946070567647E-008
  0.800000012       0.00000000       1.7199439970665663E-008
  0.833333313       0.00000000       1.3667842110268863E-008
  0.866666675       0.00000000       1.1128620782058576E-008
  0.899999976       0.00000000       9.6763052613926814E-009
  0.933333337       0.00000000       8.9466418183364524E-009
  0.966666639       0.00000000       8.6178918688728512E-009
   1.00000000       0.00000000       8.4964390957955119E-009
   0.00000000       3.33333351E-02  -1.4335783736973626E-008
   3.33333351E-02   3.33333351E-02  -1.5762082656656587E-008
   6.66666701E-02   3.33333351E-02  -1.8784983029816391E-008
  0.100000001       3.33333351E-02  -2.3758227790052905E-008
  0.133333340       3.33333351E-02  -3.1257808168856302E-008
  0.166666672       3.33333351E-02  -4.2600976806958513E-008
  0.200000003       3.33333351E-02  -6.7316501589555905E-008
  0.233333334       3.33333351E-02   3.3216266210689752E-007
  0.266666681       3.33333351E-02   1.4152627589171084E-006
  0.300000012       3.33333351E-02   2.1269929231669451E-006
  0.333333343       3.33333351E-02   2.4792203939466920E-006
  0.366666675       3.33333351E-02   2.7031898201121613E-006
  0.400000006       3.33333351E-02   2.8002004109753723E-006
  0.433333337       3.33333351E-02   3.0026831234590545E-006
  0.466666669       3.33333351E-02   2.2583565514078014E-006
  0.500000000       3.33333351E-02   1.5790948614437120E-006
  0.533333361       3.33333351E-02   3.2237982810703219E-006
  0.566666663       3.33333351E-02   4.4996972629684313E-006
  0.600000024       3.33333351E-02   4.2135161521313254E-006
  0.633333325       3.33333351E-02   2.9133691320878561E-006
  0.666666687       3.33333351E-02   1.5549536872814552E-006
  0.699999988       3.33333351E-02   4.3233989899531429E-008
  0.733333349       3.33333351E-02   2.7268503965905896E-008
  0.766666651       3.33333351E-02   2.3014065349291103E-008
  0.800000012       3.33333351E-02   1.8974033456713689E-008
  0.833333313       3.33333351E-02   1.3606930564604748E-008
  0.866666675       3.33333351E-02   1.0712757687230193E-008
  0.899999976       3.33333351E-02   9.4494590692799016E-009
  0.933333337       3.33333351E-02   8.9372077075088388E-009
  0.966666639       3.33333351E-02   8.7445549489624172E-009
   1.00000000       3.33333351E-02   8.6835492947665710E-009
   0.00000000       6.66666701E-02  -1.2364384675399992E-008
   3.33333351E-02   6.66666701E-02  -1.3639377244604664E-008
   6.66666701E-02   6.66666701E-02  -1.6356443011209670E-008
  0.100000001       6.66666701E-02  -2.0823744665242339E-008
  0.133333340       6.66666701E-02  -2.7151470599617866E-008
  0.166666672       6.66666701E-02  -3.2918047787816943E-008
  0.200000003       6.66666701E-02  -2.4544574285132945E-008
  0.233333334       6.66666701E-02   9.8940370974213640E-007
  0.266666681       6.66666701E-02   3.4799239760261412E-006
  0.300000012       6.66666701E-02   9.0577242554965368E-006
  0.333333343       6.66666701E-02   1.7182365471959905E-005
  0.366666675       6.66666701E-02   2.4419856360659927E-005
  0.400000006       6.66666701E-02   2.7748340844748441E-005
  0.433333337       6.66666701E-02   2.4853251889627457E-005
  0.466666669       6.66666701E-02   1.7410503983370483E-005
  0.500000000       6.66666701E-02   9.7219627059838033E-006
  0.533333361       6.66666701E-02   2.3174919644278636E-005
  0.566666663       6.66666701E-02   3.6078310771810998E-005
  0.600000024       6.66666701E-02   3.4887471478768834E-005
  0.633333325       6.66666701E-02   2.3884889151810831E-005
  0.666666687       6.66666701E-02   1.2517100965312908E-005
  0.699999988       6.66666701E-02   5.5122634304164211E-006
  0.733333349       6.66666701E-02   2.1200991983448374E-006
  0.766666651       6.66666701E-02   2.6754372498254825E-008
  0.800000012       6.66666701E-02   2.0794368807051065E-008
  0.833333313       6.66666701E-02   1.0569816624706428E-008
  0.866666675       6.66666701E-02   8.6404487539435901E-009
  0.899999976       6.66666701E-02   8.6694400166760846E-009
  0.933333337       6.66666701E-02   8.8786350909168463E-009
  0.966666639       6.66666701E-02   9.0197699518764288E-009
   1.00000000       6.66666701E-02   9.0859857654161658E-009
   0.00000000      0.100000001      -9.5655724059989095E-009
   3.33333351E-02  0.100000001      -1.0590529136164997E-008
   6.66666701E-02  0.100000001      -1.2791612084232101E-008
  0.100000001      0.100000001      -1.6491988695912022E-008
  0.133333340      0.100000001      -2.2069974640794715E-008
  0.166666672      0.100000001      -2.6703945793125558E-008
  0.200000003      0.100000001       2.2789342422934247E-008
  0.233333334      0.100000001       2.1074231616785479E-006
  0.266666681      0.100000001       1.1713371156625617E-005
  0.300000012      0.100000001       4.0028758082285426E-005
  0.333333343      0.100000001       9.3743730751665207E-005
  0.366666675      0.100000001       1.6221609353157590E-004
  0.400000006      0.100000001       2.0069746979884209E-004
  0.433333337      0.100000001       1.7710687915191686E-004
  0.466666669      0.100000001       1.0382634612576401E-004
  0.500000000      0.100000001       5.4122981439424286E-005
  0.533333361      0.100000001       1.3953868788294660E-004
  0.566666663      0.100000001       2.3066792433691023E-004
  0.600000024      0.100000001       2.2927341251106079E-004
  0.633333325      0.100000001       1.5773947225612727E-004
  0.666666687      0.100000001       8.0253043826066547E-005
  0.699999988      0.100000001       3.1634259060727408E-005
  0.733333349      0.100000001       1.0298505554777676E-005
  0.766666651      0.100000001       3.1757278853221209E-006
  0.800000012      0.100000001       7.3303959029040466E-007
  0.833333313      0.100000001      -7.6738264776898130E-009
  0.866666675      0.100000001       1.9922712813248006E-009
  0.899999976      0.100000001       6.9907920678419916E-009
  0.933333337      0.100000001       8.8529273546298845E-009
  0.966666639      0.100000001       9.5366139139275996E-009
   1.00000000      0.100000001       9.7700255505175221E-009
   0.00000000      0.133333340      -6.1833441377095316E-009
   3.33333351E-02  0.133333340      -6.8808099515458437E-009
   6.66666701E-02  0.133333340      -8.3727749553442338E-009
  0.100000001      0.133333340      -1.0897910464671701E-008
  0.133333340      0.133333340      -1.5637858524807438E-008
  0.166666672      0.133333340      -3.1550221518683585E-008
  0.200000003      0.133333340       9.0855124644994775E-007
  0.233333334      0.133333340       7.5397697640430719E-006
  0.266666681      0.133333340       3.7599204176128401E-005
  0.300000012      0.133333340       1.4613781328226029E-004
  0.333333343      0.133333340       3.9775576041352952E-004
  0.366666675      0.133333340       7.4342980101537977E-004
  0.400000006      0.133333340       9.7737511145755841E-004
  0.433333337      0.133333340       8.3592486571079389E-004
  0.466666669      0.133333340       4.8141374870302295E-004
  0.500000000      0.133333340       2.2658412352610042E-004
  0.533333361      0.133333340       6.0141959465337251E-004
  0.566666663      0.133333340       1.0330268929450133E-003
  0.600000024      0.133333340       1.0533617473484523E-003
  0.633333325      0.133333340       7.3907574624833532E-004
  0.666666687      0.133333340       3.8096923955394351E-004
  0.699999988      0.133333340       1.4922733433311256E-004
  0.733333349      0.133333340       4.5561142035939928E-005
  0.766666651      0.133333340       1.1556493318777452E-005
  0.800000012      0.133333340       2.8815248110731139E-006
  0.833333313      0.133333340       6.1535354246606156E-007
  0.866666675      0.133333340      -8.9995514507409599E-009
  0.899999976      0.133333340       5.7348767866722064E-009
  0.933333337      0.133333340       9.4316351990789485E-009
  0.966666639      0.133333340       1.0509838141371970E-008
   1.00000000      0.133333340       1.0827658002404011E-008
   0.00000000      0.166666672      -2.5534085721463581E-009
   3.33333351E-02  0.166666672      -2.9047067722030168E-009
   6.66666701E-02  0.166666672      -3.5946217857765056E-009
  0.100000001      0.166666672      -4.1226922532300661E-009
  0.133333340      0.166666672      -1.6678439338163945E-009
  0.166666672      0.166666672       7.7595846844323579E-009
  0.200000003      0.166666672       2.5749419186693427E-006
  0.233333334      0.166666672       1.8878437505597022E-005
  0.266666681      0.166666672       1.0466101395693135E-004
  0.300000012      0.166666672       4.2126315699145538E-004
  0.333333343      0.166666672       1.2024086775640993E-003
  0.366666675      0.166666672       2.3965575871970545E-003
  0.400000006      0.166666672       3.1457758545753948E-003
  0.433333337      0.166666672       2.7797285832522460E-003
  0.466666669      0.166666672       1.5581543454502053E-003
  0.500000000      0.166666672       6.7774110881775975E-004
  0.533333361      0.166666672       1.8106674237771234E-003
  0.566666663      0.166666672       3.2164771416555386E-003
  0.600000024      0.166666672       3.3671877590240708E-003
  0.633333325      0.166666672       2.4174218539954554E-003
  0.666666687      0.166666672       1.2725744549253694E-003
  0.699999988      0.166666672       5.0715467127333933E-004
  0.733333349      0.166666672       1.5572609322056930E-004
  0.766666651      0.166666672       3.7569960602152773E-005
  0.800000012      0.166666672       7.6924054596479597E-006
  0.833333313      0.166666672       1.6204959561811000E-006
  0.866666675      0.166666672       1.1408690916243566E-008
  0.899999976      0.166666672       1.0034398872363001E-008
  0.933333337      0.166666672       1.1432563129911213E-008
  0.966666639      0.166666672       1.2098400009575259E-008
   1.00000000      0.166666672       1.2278104387255899E-008
   0.00000000      0.200000003       9.5536350239264906E-010
   3.33333351E-02  0.200000003       8.7493746676967771E-010
   6.66666701E-02  0.200000003       6.5718101978102378E-010
  0.100000001      0.200000003       1.3214227443389751E-009
  0.133333340      0.200000003       1.7141244106088672E-008
  0.166666672      0.200000003       2.0017743837270202E-007
  0.200000003      0.200000003       5.6896004137509636E-006
  0.233333334      0.200000003       3.9192706192629724E-005
  0.266666681      0.200000003       2.2352003386302052E-004
  0.300000012      0.200000003       9.1592489988815762E-004
  0.333333343      0.200000003       2.6871945702792101E-003
  0.366666675      0.200000003       5.3004701347808599E-003
  0.400000006      0.200000003       7.2271677377029817E-003
  0.433333337      0.200000003       6.3992108109991582E-003
  0.466666669      0.200000003       3.5818201854814166E-003
  0.500000000      0.200000003       1.4396957809582312E-003
  0.533333361      0.200000003       3.8416928186987736E-003
  0.566666663      0.200000003       7.0593171900193733E-003
  0.600000024      0.200000003       7.6029528563939727E-003
  0.633333325      0.200000003       5.6003099517828525E-003
  0.666666687      0.200000003       3.0208663569164539E-003
  0.699999988      0.200000003       1.2321295375046504E-003
  0.733333349      0.200000003       3.8595443341496373E-004
  0.766666651      0.200000003       9.3718951892069900E-005
  0.800000012      0.200000003       1.8191468667333216E-005
  0.833333313      0.200000003       3.3306317730742415E-006
  0.866666675      0.200000003       6.3748086809924673E-007
  0.899999976      0.200000003       2.0458579274044639E-009
  0.933333337      0.200000003       1.2302502238399800E-008
  0.966666639      0.200000003       1.3885962076259743E-008
   1.00000000      0.200000003       1.3932594808657543E-008
   0.00000000      0.233333334       4.0161602007362726E-009
   3.33333351E-02  0.233333334       4.1113031887338863E-009
   6.66666701E-02  0.233333334       3.7353520236779389E-009
  0.100000001      0.233333334       4.5510520666706272E-010
  0.133333340      0.233333334      -1.6510941359569251E-008
  0.166666672      0.233333334       6.4558579604466568E-007
  0.200000003      0.233333334       8.6917394560546719E-006
  0.233333334      0.233333334       6.5000123928635103E-005
  0.266666681      0.233333334       3.6472617355094044E-004
  0.300000012      0.233333334       1.5193620890238124E-003
  0.333333343      0.233333334       4.2599365921167686E-003
  0.366666675      0.233333334       8.6264945155900153E-003
  0.400000006      0.233333334       1.1795201047983468E-002
  0.433333337      0.233333334       1.0524191081655076E-002
  0.466666669      0.233333334       5.8813412685260321E-003
  0.500000000      0.233333334       2.2055370054006847E-003
  0.533333361      0.233333334       5.8327807120310566E-003
  0.566666663      0.233333334       1.1103546928754255E-002
  0.600000024      0.233333334       1.2334409771659588E-002
  0.633333325      0.233333334       9.3473207650573084E-003
  0.666666687      0.233333334       5.1814200242519546E-003
  0.699999988      0.233333334       2.1701047021388869E-003
  0.733333349      0.233333334       6.9718713157331360E-004
  0.766666651      0.233333334       1.7297180071467068E-004
  0.800000012      0.233333334       3.3515624708977928E-005
  0.833333313      0.233333334       5.5573621490242575E-006
  0.866666675      0.233333334       9.6619731691034629E-007
  0.899999976      0.233333334       1.5459396599882061E-008
  0.933333337      0.233333334       1.8114779347442982E-008
  0.966666639      0.233333334       1.6553836173463683E-008
   1.00000000      0.233333334       1.5600998781251443E-008
   0.00000000      0.266666681       6.3837913035196675E-009
   3.33333351E-02  0.266666681       6.6671645682601921E-009
   6.66666701E-02  0.266666681       6.4412227265267172E-009
  0.100000001      0.266666681       1.4380584283059036E-009
  0.133333340      0.266666681      -2.8489039128969627E-008
  0.166666672      0.266666681       1.2044694445092910E-006
  0.200000003      0.266666681       1.0895154199518304E-005
  0.233333334      0.266666681       8.0436133077130397E-005
  0.266666681      0.266666681       4.7362926221929873E-004
  0.300000012      0.266666681       1.7849285530045561E-003
  0.333333343      0.266666681       5.1253537018047420E-003
  0.366666675      0.266666681       1.0249873421984888E-002
  0.400000006      0.266666681       1.4030778063533152E-002
  0.433333337      0.266666681       1.2592314861553371E-002
  0.466666669      0.266666681       6.9851629959004321E-003
  0.500000000      0.266666681       2.4730856159867923E-003
  0.533333361      0.266666681       6.4358567238319130E-003
  0.566666663      0.266666681       1.2713457454339851E-002
  0.600000024      0.266666681       1.4602925731620186E-002
  0.633333325      0.266666681       1.1414891732104847E-002
  0.666666687      0.266666681       6.5193746868694152E-003
  0.699999988      0.266666681       2.8112393261530977E-003
  0.733333349      0.266666681       9.2915148046790192E-004
  0.766666651      0.266666681       2.3663639602603995E-004
  0.800000012      0.266666681       4.6790799460590072E-005
  0.833333313      0.266666681       7.6184372170529611E-006
  0.866666675      0.266666681       1.2211125416990848E-006
  0.899999976      0.266666681       4.0101003544266295E-008
  0.933333337      0.266666681       2.4966651150344979E-008
  0.966666639      0.266666681       1.8528775474211182E-008
   1.00000000      0.266666681       1.6518005268488858E-008
   0.00000000      0.300000012       7.8887898378445995E-009
   3.33333351E-02  0.300000012       8.3513969597248314E-009
   6.66666701E-02  0.300000012       8.7301885761791737E-009
  0.100000001      0.300000012       5.4653420121812332E-009
  0.133333340      0.300000012      -1.9297775638322384E-008
  0.166666672      0.300000012       1.1120323751244443E-006
  0.200000003      0.300000012       1.0881904312174751E-005
  0.233333334      0.300000012       8.7062973133919205E-005
  0.266666681      0.300000012       4.0902592541137755E-004
  0.300000012      0.300000012       1.6386648954442042E-003
  0.333333343      0.300000012       4.5806607231081344E-003
  0.366666675      0.300000012       9.0375100506011191E-003
  0.400000006      0.300000012       1.2357689925818380E-002
  0.433333337      0.300000012       1.1091329898807985E-002
  0.466666669      0.300000012       6.1074224967306604E-003
  0.500000000      0.300000012       2.0446937641869310E-003
  0.533333361      0.300000012       5.2274148649581673E-003
  0.566666663      0.300000012       1.0730492610676275E-002
  0.600000024      0.300000012       1.2771368701713557E-002
  0.633333325      0.300000012       1.0320035494690556E-002
  0.666666687      0.300000012       6.0859272313585969E-003
  0.699999988      0.300000012       2.7077037455784008E-003
  0.733333349      0.300000012       9.2272804643318352E-004
  0.766666651      0.300000012       2.4205452254591334E-004
  0.800000012      0.300000012       4.9202116204290718E-005
  0.833333313      0.300000012       8.1175288221448506E-006
  0.866666675      0.300000012       1.3087034904222150E-006
  0.899999976      0.300000012       6.4274877093341114E-008
  0.933333337      0.300000012       2.5891317666226765E-008
  0.966666639      0.300000012       1.8113590156661544E-008
   1.00000000      0.300000012       1.6168578825088119E-008
   0.00000000      0.333333343       8.4559527583141780E-009
   3.33333351E-02  0.333333343       8.8666407147214646E-009
   6.66666701E-02  0.333333343       9.2123312899535653E-009
  0.100000001      0.333333343       6.2636261539874422E-009
  0.133333340      0.333333343      -1.6102018922966969E-008
  0.166666672      0.333333343       1.0557020473186854E-006
  0.200000003      0.333333343       1.0609692186182035E-005
  0.233333334      0.333333343       5.0829963152520911E-005
  0.266666681      0.333333343       2.9436045042149060E-004
  0.300000012      0.333333343       1.1187816260680504E-003
  0.333333343      0.333333343       3.0465091650361872E-003
  0.366666675      0.333333343       5.9747341187088255E-003
  0.400000006      0.333333343       8.1046326917295266E-003
  0.433333337      0.333333343       7.2713997267427897E-003
  0.466666669      0.333333343       3.9742804179752613E-003
  0.500000000      0.333333343       1.2545321735221396E-003
  0.533333361      0.333333343       3.1534318386813448E-003
  0.566666663      0.333333343       6.7302720680233819E-003
  0.600000024      0.333333343       8.3118096968851189E-003
  0.633333325      0.333333343       6.9534199645997089E-003
  0.666666687      0.333333343       4.2403460682731526E-003
  0.699999988      0.333333343       1.9493667145304002E-003
  0.733333349      0.333333343       6.8585176839571350E-004
  0.766666651      0.333333343       1.8564705412296180E-004
  0.800000012      0.333333343       3.8944456259364042E-005
  0.833333313      0.333333343       6.6173271198749105E-006
  0.866666675      0.333333343       1.0197014244612906E-006
  0.899999976      0.333333343       2.1323890718504337E-008
  0.933333337      0.333333343       1.8718485705676233E-008
  0.966666639      0.333333343       1.5856944140342152E-008
   1.00000000      0.333333343       1.4880027611387670E-008
   0.00000000      0.366666675       8.2678270195857967E-009
   3.33333351E-02  0.366666675       8.5479481362095433E-009
   6.66666701E-02  0.366666675       8.8269674548184865E-009
  0.100000001      0.366666675       6.7858033593799251E-009
  0.133333340      0.366666675      -1.1261509777385059E-008
  0.166666672      0.366666675       1.0815252986976051E-006
  0.200000003      0.366666675       3.3830341472800875E-006
  0.233333334      0.366666675       2.9843075903118309E-005
  0.266666681      0.366666675       1.5489764931424384E-004
  0.300000012      0.366666675       5.6358397546425406E-004
  0.333333343      0.366666675       1.5112546481653479E-003
  0.366666675      0.366666675       2.9323382268335498E-003
  0.400000006      0.366666675       3.9884561771614691E-003
  0.433333337      0.366666675       3.5646944315665804E-003
  0.466666669      0.366666675       1.9337895894132177E-003
  0.500000000      0.366666675       5.7824421338188454E-004
  0.533333361      0.366666675       1.4204738075091917E-003
  0.566666663      0.366666675       3.1482738433581980E-003
  0.600000024      0.366666675       4.0343386222759956E-003
  0.633333325      0.366666675       3.4948876858264472E-003
  0.666666687      0.366666675       2.2046332126258983E-003
  0.699999988      0.366666675       1.0475730092837218E-003
  0.733333349      0.366666675       3.8082173053199210E-004
  0.766666651      0.366666675       1.0650589817562140E-004
  0.800000012      0.366666675       2.3180264661834866E-005
  0.833333313      0.366666675       4.1528248691296356E-006
  0.866666675      0.366666675       5.6794742044852741E-007
  0.899999976      0.366666675       1.5589788431545626E-009
  0.933333337      0.366666675       1.2277339569576225E-008
  0.966666639      0.366666675       1.3215138402306557E-008
   1.00000000      0.366666675       1.3234312556107720E-008
   0.00000000      0.400000006       7.5965505659460371E-009
   3.33333351E-02  0.400000006       7.7684121219112612E-009
   6.66666701E-02  0.400000006       8.3032686101660973E-009
  0.100000001      0.400000006       9.4908688369845819E-009
  0.133333340      0.400000006       9.2478759625732980E-009
  0.166666672      0.400000006      -2.7773314357961570E-009
  0.200000003      0.400000006       3.0811508274213462E-006
  0.233333334      0.400000006       1.5402787364763963E-005
  0.266666681      0.400000006       5.7165946424308470E-005
  0.300000012      0.400000006       2.0131907630530305E-004
  0.333333343      0.400000006       5.4733056368476494E-004
  0.366666675      0.400000006       1.0715814831603980E-003
  0.400000006      0.400000006       1.4668421621617767E-003
  0.433333337      0.400000006       1.3186602308203680E-003
  0.466666669      0.400000006       7.0908158314963565E-004
  0.500000000      0.400000006       2.0525780052900241E-004
  0.533333361      0.400000006       4.8212423167331579E-004
  0.566666663      0.400000006       1.1037146781590502E-003
  0.600000024      0.400000006       1.4628128769795909E-003
  0.633333325      0.400000006       1.3088150929416987E-003
  0.666666687      0.400000006       8.5220241191087047E-004
  0.699999988      0.400000006       4.1779506081340308E-004
  0.733333349      0.400000006       1.5670534338735586E-004
  0.766666651      0.400000006       4.5243547660461618E-005
  0.800000012      0.400000006       1.0262272988495705E-005
  0.833333313      0.400000006       2.0156500363127140E-006
  0.866666675      0.400000006       1.6207771806153563E-007
  0.899999976      0.400000006       3.4414807965747231E-009
  0.933333337      0.400000006       9.4505673971733394E-009
  0.966666639      0.400000006       1.1261435928363542E-008
   1.00000000      0.400000006       1.1804126880002406E-008
   0.00000000      0.433333337       6.6693106377151493E-009
   3.33333351E-02  0.433333337       6.5677468625842221E-009
   6.66666701E-02  0.433333337       6.3519843324002373E-009
  0.100000001      0.433333337       5.4763996187260494E-009
  0.133333340      0.433333337      -1.4417022987218107E-009
  0.166666672      0.433333337       3.5977023354525316E-007
  0.200000003      0.433333337       1.9154759419039548E-006
  0.233333334      0.433333337       4.6601142027022802E-006
  0.266666681      0.433333337       1.4707297732707934E-005
  0.300000012      0.433333337       4.9367818131173516E-005
  0.333333343      0.433333337       1.4367440956069498E-004
  0.366666675      0.433333337       2.9515456596531086E-004
  0.400000006      0.433333337       4.1163515331599763E-004
  0.433333337      0.433333337       3.7915120237403679E-004
  0.466666669      0.433333337       2.0592175552719617E-004
  0.500000000      0.433333337       5.8645121959572167E-005
  0.533333361      0.433333337       1.2878364088831593E-004
  0.566666663      0.433333337       2.9983408950059695E-004
  0.600000024      0.433333337       4.0654250915618805E-004
  0.633333325      0.433333337       3.7212325959118522E-004
  0.666666687      0.433333337       2.4799026666808482E-004
  0.699999988      0.433333337       1.2455976486066146E-004
  0.733333349      0.433333337       4.7994683733162822E-005
  0.766666651      0.433333337       1.4392038196912058E-005
  0.800000012      0.433333337       3.3863844419843210E-006
  0.833333313      0.433333337       5.6876851648224899E-007
  0.866666675      0.433333337      -3.3528678733147493E-009
  0.899999976      0.433333337       5.4635865807148125E-009
  0.933333337      0.433333337       8.7137922911333446E-009
  0.966666639      0.433333337       1.0308225647744952E-008
   1.00000000      0.433333337       1.0952524262259743E-008
   0.00000000      0.466666669       5.7765792550279298E-009
   3.33333351E-02  0.466666669       5.4926332686213060E-009
   6.66666701E-02  0.466666669       4.9356822934276678E-009
  0.100000001      0.466666669       4.1612949226309433E-009
  0.133333340      0.466666669       3.4544845570780129E-009
  0.166666672      0.466666669       2.7587031441785731E-009
  0.200000003      0.466666669       3.1893050902488673E-007
  0.233333334      0.466666669       9.1101461969968905E-007
  0.266666681      0.466666669       1.9700194388305465E-006
  0.300000012      0.466666669       9.1955186042157059E-006
  0.333333343      0.466666669       3.0890771572530094E-005
  0.366666675      0.466666669       6.8081213847330903E-005
  0.400000006      0.466666669       9.9017942033733915E-005
  0.433333337      0.466666669       9.4872171534218926E-005
  0.466666669      0.466666669       5.3448751808958886E-005
  0.500000000      0.466666669       1.4928885917298956E-005
  0.533333361      0.466666669       3.1095274728888212E-005
  0.566666663      0.466666669       7.1616414581306392E-005
  0.600000024      0.466666669       9.7239293023955139E-005
  0.633333325      0.466666669       8.9245273891127067E-005
  0.666666687      0.466666669       5.9763107179425251E-005
  0.699999988      0.466666669       3.0233008917783700E-005
  0.733333349      0.466666669       1.1775530470206784E-005
  0.766666651      0.466666669       3.5465539285699742E-006
  0.800000012      0.466666669       6.8403571047757992E-007
  0.833333313      0.466666669      -2.3192419637931613E-008
  0.866666675      0.466666669       9.9189265866583484E-010
  0.899999976      0.466666669       6.5960742592734156E-009
  0.933333337      0.466666669       9.0605739951261401E-009
  0.966666639      0.466666669       1.0263315829096755E-008
   1.00000000      0.466666669       1.0751247169285289E-008
   0.00000000      0.500000000       5.0762556942749067E-009
   3.33333351E-02  0.500000000       4.6377992250637781E-009
   6.66666701E-02  0.500000000       3.6552373725452086E-009
  0.100000001      0.500000000       1.7968279472820037E-009
  0.133333340      0.500000000      -1.9384400966435296E-009
  0.166666672      0.500000000      -1.0815427252354112E-008
  0.200000003      0.500000000      -3.8151560841624167E-008
  0.233333334      0.500000000      -4.3883477270642915E-008
  0.266666681      0.500000000       5.0726491813458952E-009
  0.300000012      0.500000000       1.4130545184470704E-006
  0.333333343      0.500000000       7.3602431950914359E-006
  0.366666675      0.500000000       1.7700348554425228E-005
  0.400000006      0.500000000       2.5690187242505876E-005
  0.433333337      0.500000000       2.4698434396876840E-005
  0.466666669      0.500000000       1.4570709514181122E-005
  0.500000000      0.500000000       3.8138799673661443E-006
  0.533333361      0.500000000       8.3815535853591530E-006
  0.566666663      0.500000000       1.8630522147356930E-005
  0.600000024      0.500000000       2.4812517352166565E-005
  0.633333325      0.500000000       2.2382305779071921E-005
  0.666666687      0.500000000       1.4630552493031374E-005
  0.699999988      0.500000000       7.2396048720528388E-006
  0.733333349      0.500000000       2.6995565772742005E-006
  0.766666651      0.500000000       6.1231332751954270E-007
  0.800000012      0.500000000      -1.0237682943146226E-009
  0.833333313      0.500000000      -3.4287416943211760E-010
  0.866666675      0.500000000       6.9248286417144395E-009
  0.899999976      0.500000000       9.7118466013917763E-009
  0.933333337      0.500000000       1.0621558776285379E-008
  0.966666639      0.500000000       1.0916367855398190E-008
   1.00000000      0.500000000       1.1006762956362187E-008
   0.00000000      0.533333361       4.7015205743871670E-009
   3.33333351E-02  0.533333361       4.2333693683806878E-009
   6.66666701E-02  0.533333361       3.1814747167031171E-009
  0.100000001      0.533333361       1.2408402725997726E-009
  0.133333340      0.533333361      -2.2453046928769434E-009
  0.166666672      0.533333361      -8.4127887885741305E-009
  0.200000003      0.533333361      -1.8366587777398930E-008
  0.233333334      0.533333361      -2.7490124631247403E-008
  0.266666681      0.533333361      -5.5292319309707336E-008
  0.300000012      0.533333361      -1.0078683843029682E-007
  0.333333343      0.533333361       1.3950430365787048E-006
  0.366666675      0.533333361       6.4141160027916789E-006
  0.400000006      0.533333361       8.2392589933723758E-006
  0.433333337      0.533333361       7.8116664376265844E-006
  0.466666669      0.533333361       4.8490098276922832E-006
  0.500000000      0.533333361       5.4324194440752687E-007
  0.533333361      0.533333361       2.8766771671301676E-006
  0.566666663      0.533333361       6.1911759574368895E-006
  0.600000024      0.533333361       8.1329929883273023E-006
  0.633333325      0.533333361       7.0869707035026109E-006
  0.666666687      0.533333361       4.2655276202753110E-006
  0.699999988      0.533333361       1.9184437910859699E-006
  0.733333349      0.533333361       1.8720273889090509E-007
  0.766666651      0.533333361      -4.6212546998684097E-008
  0.800000012      0.533333361      -1.3276551519031832E-008
  0.833333313      0.533333361       1.8400217185955865E-008
  0.866666675      0.533333361       1.7910402900849724E-008
  0.899999976      0.533333361       1.4935262118568379E-008
  0.933333337      0.533333361       1.2821903651067269E-008
  0.966666639      0.533333361       1.1727636410607811E-008
   1.00000000      0.533333361       1.1288577170091591E-008
   0.00000000      0.566666663       4.6625146375603270E-009
   3.33333351E-02  0.566666663       4.2805536549150522E-009
   6.66666701E-02  0.566666663       3.4620243583808469E-009
  0.100000001      0.566666663       2.1093870907797074E-009
  0.133333340      0.566666663       2.0388631868971732E-010
  0.166666672      0.566666663      -1.7269809755426219E-009
  0.200000003      0.566666663      -2.2709534701955553E-009
  0.233333334      0.566666663      -2.3807269928241906E-009
  0.266666681      0.566666663       5.2483270413043173E-007
  0.300000012      0.566666663       2.8833680012576874E-006
  0.333333343      0.566666663       7.9250634522637234E-006
  0.366666675      0.566666663       1.8929523371769420E-005
  0.400000006      0.566666663       3.5560250785526154E-005
  0.433333337      0.566666663       4.2268422310141537E-005
  0.466666669      0.566666663       2.9037448829540252E-005
  0.500000000      0.566666663       1.2229360177959934E-005
  0.533333361      0.566666663       2.0406515030180227E-005
  0.566666663      0.566666663       3.5617814187048668E-005
  0.600000024      0.566666663       4.2133196571458409E-005
  0.633333325      0.566666663       3.3925043812511966E-005
  0.666666687      0.566666663       2.0881848536701670E-005
  0.699999988      0.566666663       1.0480601568460784E-005
  0.733333349      0.566666663       5.2898851695112664E-006
  0.766666651      0.566666663       2.7353131805469731E-006
  0.800000012      0.566666663       1.2315860659091026E-006
  0.833333313      0.566666663       1.1730013827869078E-007
  0.866666675      0.566666663       3.7136085854160266E-008
  0.899999976      0.566666663       2.0224506751395296E-008
  0.933333337      0.566666663       1.4152368300760030E-008
  0.966666639      0.566666663       1.1859978009550430E-008
   1.00000000      0.566666663       1.1069178195300799E-008
   0.00000000      0.600000024       4.8537971557597800E-009
   3.33333351E-02  0.600000024       4.5918883536050573E-009
   6.66666701E-02  0.600000024       4.0538316510596063E-009
  0.100000001      0.600000024       3.2612393929582102E-009
  0.133333340      0.600000024       2.6081112852629866E-009
  0.166666672      0.600000024       3.5225229061213413E-009
  0.200000003      0.600000024      -1.5492848743281148E-009
  0.233333334      0.600000024       1.2117828631395345E-006
  0.266666681      0.600000024       7.1644689552424106E-006
  0.300000012      0.600000024       3.1969761407626583E-005
  0.333333343      0.600000024       1.0932649738980174E-004
  0.366666675      0.600000024       2.6831260073762299E-004
  0.400000006      0.600000024       4.5148327992204531E-004
  0.433333337      0.600000024       4.9075287086574508E-004
  0.466666669      0.600000024       3.1518939500482844E-004
  0.500000000      0.600000024       1.2029666248667445E-004
  0.533333361      0.600000024       2.3079640326998817E-004
  0.566666663      0.600000024       4.2791522074471294E-004
  0.600000024      0.600000024       5.0278463471229763E-004
  0.633333325      0.600000024       4.0714400324714140E-004
  0.666666687      0.600000024       2.3956040310560813E-004
  0.699999988      0.600000024       1.0619482564367571E-004
  0.733333349      0.600000024       3.7801781018570034E-005
  0.766666651      0.600000024       1.1181267756366423E-005
  0.800000012      0.600000024       3.2033559584059967E-006
  0.833333313      0.600000024       8.6159048512895022E-007
  0.866666675      0.600000024       4.8322128198190293E-008
  0.899999976      0.600000024       1.7865127656358729E-008
  0.933333337      0.600000024       1.2279543698111729E-008
  0.966666639      0.600000024       1.0587144123625630E-008
   1.00000000      0.600000024       1.0053483130028924E-008
   0.00000000      0.633333325       5.1391478213822298E-009
   3.33333351E-02  0.633333325       4.9746631391057311E-009
   6.66666701E-02  0.633333325       4.6277891160026799E-009
  0.100000001      0.633333325       4.1422121147601659E-009
  0.133333340      0.633333325       4.6761854942704503E-009
  0.166666672      0.633333325       1.1010249222542443E-008
  0.200000003      0.633333325       9.5357714716658160E-007
  0.233333334      0.633333325       6.9157551524559992E-006
  0.266666681      0.633333325       4.0367641150672730E-005
  0.300000012      0.633333325       1.8490413807930467E-004
  0.333333343      0.633333325       6.1181397565652996E-004
  0.366666675      0.633333325       1.4244918395731382E-003
  0.400000006      0.633333325       2.2625659762912876E-003
  0.433333337      0.633333325       2.3274941786642768E-003
  0.466666669      0.633333325       1.4302066120893654E-003
  0.500000000      0.633333325       5.2689019699554414E-004
  0.533333361      0.633333325       1.0900147634930117E-003
  0.566666663      0.633333325       2.0766728420578938E-003
  0.600000024      0.633333325       2.4377163826145905E-003
  0.633333325      0.633333325       1.9601492554425018E-003
  0.666666687      0.633333325       1.1580286776926075E-003
  0.699999988      0.633333325       5.1746302169927835E-004
  0.733333349      0.633333325       1.7380078184152630E-004
  0.766666651      0.633333325       4.5122755280316946E-005
  0.800000012      0.633333325       8.5307236001771472E-006
  0.833333313      0.633333325       1.3164598056405151E-006
  0.866666675      0.633333325       9.8061814713204000E-008
  0.899999976      0.633333325       5.0221782722098540E-009
  0.933333337      0.633333325       8.1401752352063504E-009
  0.966666639      0.633333325       8.4639548292709914E-009
   1.00000000      0.633333325       8.6002925842672447E-009
   0.00000000      0.666666687       5.4045576781264204E-009
   3.33333351E-02  0.666666687       5.2975251668002654E-009
   6.66666701E-02  0.666666687       5.0024957105312615E-009
  0.100000001      0.666666687       4.3110773009173015E-009
  0.133333340      0.666666687       6.3026675622230785E-009
  0.166666672      0.666666687       7.5563267740326717E-008
  0.200000003      0.666666687       3.3811721061959401E-006
  0.233333334      0.666666687       2.3642397643418994E-005
  0.266666681      0.666666687       1.4145888488703605E-004
  0.300000012      0.666666687       6.2501458726145433E-004
  0.333333343      0.666666687       1.9730573917444280E-003
  0.366666675      0.666666687       4.3700057232027266E-003
  0.400000006      0.666666687       6.5974779494965413E-003
  0.433333337      0.666666687       6.4622667550591640E-003
  0.466666669      0.666666687       3.8198076643786881E-003
  0.500000000      0.666666687       1.3706315260461736E-003
  0.533333361      0.666666687       3.0482498129155641E-003
  0.566666663      0.666666687       5.9227141794487822E-003
  0.600000024      0.666666687       6.9353245719307828E-003
  0.633333325      0.666666687       5.5588376780870150E-003
  0.666666687      0.666666687       3.2598785345699086E-003
  0.699999988      0.666666687       1.4470009597863935E-003
  0.733333349      0.666666687       4.9532045644883386E-004
  0.766666651      0.666666687       1.2802336300902053E-004
  0.800000012      0.666666687       2.5446837755229432E-005
  0.833333313      0.666666687       4.0463228065363383E-006
  0.866666675      0.666666687       5.0121398105723927E-007
  0.899999976      0.666666687      -7.5638809060541920E-009
  0.933333337      0.666666687       4.8297043611601406E-009
  0.966666639      0.666666687       6.6765346143403750E-009
   1.00000000      0.666666687       7.4603973754987576E-009
   0.00000000      0.699999988       5.5643496600730341E-009
   3.33333351E-02  0.699999988       5.4641747547013245E-009
   6.66666701E-02  0.699999988       4.9958187644258759E-009
  0.100000001      0.699999988       2.2383202048564463E-009
  0.133333340      0.699999988      -1.4894291455128800E-008
  0.166666672      0.699999988       6.7000616089929726E-007
  0.200000003      0.699999988       7.3618850561915292E-006
  0.233333334      0.699999988       5.4740023000816266E-005
  0.266666681      0.699999988       3.1988161417309405E-004
  0.300000012      0.699999988       1.3548333011271594E-003
  0.333333343      0.699999988       4.0861038697161262E-003
  0.366666675      0.699999988       8.6339581520953022E-003
  0.400000006      0.699999988       1.2428284130674913E-002
  0.433333337      0.699999988       1.1629289191947610E-002
  0.466666669      0.699999988       6.6350348149886527E-003
  0.500000000      0.699999988       2.3337068226714718E-003
  0.533333361      0.699999988       5.5825312596351762E-003
  0.566666663      0.699999988       1.1002325219704883E-002
  0.600000024      0.699999988       1.2837534109330775E-002
  0.633333325      0.699999988       1.0234530111300566E-002
  0.666666687      0.699999988       5.9865941964149690E-003
  0.699999988      0.699999988       2.6460493988071966E-003
  0.733333349      0.699999988       8.9575575379315271E-004
  0.766666651      0.699999988       2.3619744297647901E-004
  0.800000012      0.699999988       4.8833726962472585E-005
  0.833333313      0.699999988       8.3843928607422351E-006
  0.866666675      0.699999988       1.4114778307330335E-006
  0.899999976      0.699999988       2.0673604280959171E-008
  0.933333337      0.699999988       8.1717086327899938E-009
  0.966666639      0.699999988       6.6922336108051622E-009
   1.00000000      0.699999988       7.4647496772209040E-009
   0.00000000      0.733333349       5.5614786048999165E-009
   3.33333351E-02  0.733333349       5.4204354985607286E-009
   6.66666701E-02  0.733333349       4.7149252396230454E-009
  0.100000001      0.733333349       6.2279415804188110E-010
  0.133333340      0.733333349      -2.2057167641410108E-008
  0.166666672      0.733333349       1.1861780129986815E-006
  0.200000003      0.733333349       1.1401582849917928E-005
  0.233333334      0.733333349       8.5507264567073185E-005
  0.266666681      0.733333349       4.8327682479603967E-004
  0.300000012      0.733333349       1.9648412940570744E-003
  0.333333343      0.733333349       5.6755004345355273E-003
  0.366666675      0.733333349       1.1470301073952643E-002
  0.400000006      0.733333349       1.5783601409411256E-002
  0.433333337      0.733333349       1.4149216789522093E-002
  0.466666669      0.733333349       7.8174331995542121E-003
  0.500000000      0.733333349       2.7127748977017617E-003
  0.533333361      0.733333349       6.9851372764021353E-003
  0.566666663      0.733333349       1.3895460891657928E-002
  0.600000024      0.733333349       1.6120880207304150E-002
  0.633333325      0.733333349       1.2784105905021936E-002
  0.666666687      0.733333349       7.4247379246091313E-003
  0.699999988      0.733333349       3.2709991173462739E-003
  0.733333349      0.733333349       1.1103850288120489E-003
  0.766666651      0.733333349       2.9129761007093055E-004
  0.800000012      0.733333349       5.9136157900527341E-005
  0.833333313      0.733333349       9.8099198031159434E-006
  0.866666675      0.733333349       1.7948996177572993E-006
  0.899999976      0.733333349       8.4030755034174634E-008
  0.933333337      0.733333349       1.3019275159147602E-008
  0.966666639      0.733333349       8.4730203276772026E-009
   1.00000000      0.733333349       9.0417897252509025E-009
   0.00000000      0.766666651       5.3681783959442370E-009
   3.33333351E-02  0.766666651       5.1493234430122561E-009
   6.66666701E-02  0.766666651       4.2139962641313949E-009
  0.100000001      0.766666651      -4.3105284272537681E-010
  0.133333340      0.766666651      -2.3600358716119665E-008
  0.166666672      0.766666651       1.2495900389403831E-006
  0.200000003      0.766666651       1.2382584125601205E-005
  0.233333334      0.766666651       9.0907930809487527E-005
  0.266666681      0.766666651       4.9621566664901392E-004
  0.300000012      0.766666651       1.9411880922988027E-003
  0.333333343      0.766666651       5.3850319767664006E-003
  0.366666675      0.766666651       1.0436784159594653E-002
  0.400000006      0.766666651       1.3765180280376734E-002
  0.433333337      0.766666651       1.1857406685137730E-002
  0.466666669      0.766666651       6.3661134012155153E-003
  0.500000000      0.766666651       2.1948559780044117E-003
  0.533333361      0.766666651       6.0868192383686636E-003
  0.566666663      0.766666651       1.2144668680844340E-002
  0.600000024      0.766666651       1.4001759420225132E-002
  0.633333325      0.766666651       1.0999217129467881E-002
  0.666666687      0.766666651       6.3464040847729065E-003
  0.699999988      0.766666651       2.7793308259256100E-003
  0.733333349      0.766666651       9.3977465664935912E-004
  0.766666651      0.766666651       2.4615212355697674E-004
  0.800000012      0.766666651       4.9957980673903652E-005
  0.833333313      0.766666651       8.4778954779332399E-006
  0.866666675      0.766666651       1.7077405546518784E-006
  0.899999976      0.766666651       5.6248750095514409E-008
  0.933333337      0.766666651       2.1024373468743474E-008
  0.966666639      0.766666651       1.3236733282704326E-008
   1.00000000      0.766666651       1.2290855307692597E-008
   0.00000000      0.800000012       4.9880465077378061E-009
   3.33333351E-02  0.800000012       4.6657698224731800E-009
   6.66666701E-02  0.800000012       3.5164945806588285E-009
  0.100000001      0.800000012      -1.2463757418723978E-009
  0.133333340      0.800000012      -2.5835959449192931E-008
  0.166666672      0.800000012       7.9480871195193072E-007
  0.200000003      0.800000012       9.2908115296296435E-006
  0.233333334      0.800000012       6.6005963543280160E-005
  0.266666681      0.800000012       3.4807055342338483E-004
  0.300000012      0.800000012       1.3136866886254467E-003
  0.333333343      0.800000012       3.5099402516178433E-003
  0.366666675      0.800000012       6.5418631849008162E-003
  0.400000006      0.800000012       8.2936913183722163E-003
  0.433333337      0.800000012       6.8872026384206031E-003
  0.466666669      0.800000012       3.6070601200716254E-003
  0.500000000      0.800000012       1.2449900864882520E-003
  0.533333361      0.800000012       3.7139614682625164E-003
  0.566666663      0.800000012       7.3974799059856166E-003
  0.600000024      0.800000012       8.4428653491148281E-003
  0.633333325      0.800000012       6.5608762700805198E-003
  0.666666687      0.800000012       3.7469927218523871E-003
  0.699999988      0.800000012       1.6327330608309871E-003
  0.733333349      0.800000012       5.4916065398346236E-004
  0.766666651      0.800000012       1.4287678483818812E-004
  0.800000012      0.800000012       2.9135271970984861E-005
  0.833333313      0.800000012       5.3126385511893614E-006
  0.866666675      0.800000012       1.0063103221704772E-006
  0.899999976      0.800000012       1.7846687239142511E-008
  0.933333337      0.800000012       1.7813254323635272E-008
  0.966666639      0.800000012       1.6056087619501468E-008
   1.00000000      0.800000012       1.5562716902174124E-008
   0.00000000      0.833333313       4.4703781041516288E-009
   3.33333351E-02  0.833333313       4.0838019086178456E-009
   6.66666701E-02  0.833333313       3.0967191882612030E-009
  0.100000001      0.833333313       1.2789963305028657E-009
  0.133333340      0.833333313       4.1883622902381956E-009
  0.166666672      0.833333313       1.0068965949211472E-007
  0.200000003      0.833333313       4.9805674827150311E-006
  0.233333334      0.833333313       3.2797092255775926E-005
  0.266666681      0.833333313       1.6660497159420623E-004
  0.300000012      0.833333313       6.0798599387785460E-004
  0.333333343      0.833333313       1.5689009056045792E-003
  0.366666675      0.833333313       2.8202025542536052E-003
  0.400000006      0.833333313       3.4473908837760366E-003
  0.433333337      0.833333313       2.7694671800935185E-003
  0.466666669      0.833333313       1.4210494556270244E-003
  0.500000000      0.833333313       4.9540213324092734E-004
  0.533333361      0.833333313       1.5781500727336710E-003
  0.566666663      0.833333313       3.1509111457309565E-003
  0.600000024      0.833333313       3.5126036676117415E-003
  0.633333325      0.833333313       2.7014934745228933E-003
  0.666666687      0.833333313       1.5322296528105283E-003
  0.699999988      0.833333313       6.6045941956812499E-004
  0.733333349      0.833333313       2.2048613169426746E-004
  0.766666651      0.833333313       5.7611362490311369E-005
  0.800000012      0.833333313       1.2475575610136885E-005
  0.833333313      0.833333313       2.8024234406395852E-006
  0.866666675      0.833333313       5.8274385269200960E-007
  0.899999976      0.833333313       5.4543538040080150E-009
  0.933333337      0.833333313       1.6586458119732111E-008
  0.966666639      0.833333313       1.8337716854114477E-008
   1.00000000      0.833333313       1.8474070558049949E-008
   0.00000000      0.866666675       3.8976175392637508E-009
   3.33333351E-02  0.866666675       3.4725484051841352E-009
   6.66666701E-02  0.866666675       2.5740282667916642E-009
  0.100000001      0.866666675       1.4775267356175251E-009
  0.133333340      0.866666675       3.4913241500319006E-009
  0.166666672      0.866666675       3.1154421436196088E-008
  0.200000003      0.866666675       1.7916909835918610E-006
  0.233333334      0.866666675       1.1258038521323168E-005
  0.266666681      0.866666675       5.4408805182078494E-005
  0.300000012      0.866666675       1.9158175840559974E-004
  0.333333343      0.866666675       4.7829240127972853E-004
  0.366666675      0.866666675       8.3136775448279748E-004
  0.400000006      0.866666675       9.8294662254219591E-004
  0.433333337      0.866666675       7.6684062328498523E-004
  0.466666669      0.866666675       3.8745249672461076E-004
  0.500000000      0.866666675       1.3804831236539588E-004
  0.533333361      0.866666675       4.7819344897784543E-004
  0.566666663      0.866666675       9.1500688335637080E-004
  0.600000024      0.866666675       1.0058920151319382E-003
  0.633333325      0.866666675       7.6364181671564771E-004
  0.666666687      0.866666675       4.2952335554851821E-004
  0.699999988      0.866666675       1.8368849961136787E-004
  0.733333349      0.866666675       6.0986592028163162E-005
  0.766666651      0.866666675       1.6765963746581271E-005
  0.800000012      0.866666675       4.4279454744542790E-006
  0.833333313      0.866666675       1.1051627085451477E-006
  0.866666675      0.866666675       3.0599881733139270E-008
  0.899999976      0.866666675       2.2138640749672176E-008
  0.933333337      0.866666675       2.1740738600454362E-008
  0.966666639      0.866666675       2.1472734868833998E-008
   1.00000000      0.866666675       2.1220734993006307E-008
   0.00000000      0.899999976       3.3470629008181332E-009
   3.33333351E-02  0.899999976       2.8758306623664215E-009
   6.66666701E-02  0.899999976       1.8847521153367644E-009
  0.100000001      0.899999976       3.7167135374157473E-010
  0.133333340      0.899999976      -1.1979028145944412E-009
  0.166666672      0.899999976       5.5423559621944896E-010
  0.200000003      0.899999976       3.9844137180583550E-008
  0.233333334      0.899999976       2.9356985762909148E-006
  0.266666681      0.899999976       1.2275877046144003E-005
  0.300000012      0.899999976       4.1002094773758013E-005
  0.333333343      0.899999976       9.8853907486081652E-005
  0.366666675      0.899999976       1.6648955875340858E-004
  0.400000006      0.899999976       1.9094183131191213E-004
  0.433333337      0.899999976       1.4527513590048910E-004
  0.466666669      0.899999976       7.2673102644741570E-005
  0.500000000      0.899999976       2.6243828643259640E-005
  0.533333361      0.899999976       1.0364503657358197E-004
  0.566666663      0.899999976       1.8050399676604269E-004
  0.600000024      0.899999976       1.9425816809512213E-004
  0.633333325      0.899999976       1.4755037834950435E-004
  0.666666687      0.899999976       8.2320713725112985E-005
  0.699999988      0.899999976       3.5199912529922448E-005
  0.733333349      0.899999976       1.2195434444135683E-005
  0.766666651      0.899999976       3.8177155263603241E-006
  0.800000012      0.899999976       1.3140159863447431E-006
  0.833333313      0.899999976       1.2437386044995033E-007
  0.866666675      0.899999976       2.7713297778256436E-008
  0.899999976      0.899999976       2.6629984411293169E-008
  0.933333337      0.899999976       2.5041457353894292E-008
  0.966666639      0.899999976       2.3981566173864044E-008
   1.00000000      0.899999976       2.3448903358098960E-008
   0.00000000      0.933333337       2.8929081416625632E-009
   3.33333351E-02  0.933333337       2.3965180621227100E-009
   6.66666701E-02  0.933333337       1.3558893088155832E-009
  0.100000001      0.933333337      -3.0348241324487657E-010
  0.133333340      0.933333337      -2.6262156115151175E-009
  0.166666672      0.933333337      -5.2901065441179548E-009
  0.200000003      0.933333337      -4.7420075571314238E-009
  0.233333334      0.933333337       3.3547714693466391E-007
  0.266666681      0.933333337       2.0418016310211557E-006
  0.300000012      0.933333337       6.0587814537982386E-006
  0.333333343      0.933333337       1.3884526141192224E-005
  0.366666675      0.933333337       2.2535566574977161E-005
  0.400000006      0.933333337       2.5125112214971230E-005
  0.433333337      0.933333337       1.8604816221529032E-005
  0.466666669      0.933333337       9.1000646973686013E-006
  0.500000000      0.933333337       2.7780566554071312E-006
  0.533333361      0.933333337       1.6182716597270999E-005
  0.566666663      0.933333337       2.4013419715465266E-005
  0.600000024      0.933333337       2.5022027125399398E-005
  0.633333325      0.933333337       1.9275882000026231E-005
  0.666666687      0.933333337       1.1199629619128060E-005
  0.699999988      0.933333337       4.7436098970246533E-006
  0.733333349      0.933333337       1.8560035301305240E-006
  0.766666651      0.933333337       7.9614755440295159E-007
  0.800000012      0.933333337       5.9820771684647315E-008
  0.833333313      0.933333337       5.6697950606395334E-008
  0.866666675      0.933333337       3.5244119879159798E-008
  0.899999976      0.933333337       2.9736787832699077E-008
  0.933333337      0.933333337       2.7164699570704845E-008
  0.966666639      0.933333337       2.5725996586050542E-008
   1.00000000      0.933333337       2.5051628657906007E-008
   0.00000000      0.966666639       2.5792407695301306E-009
   3.33333351E-02  0.966666639       2.0800253647300718E-009
   6.66666701E-02  0.966666639       1.0475594331869550E-009
  0.100000001      0.966666639      -5.7158578944168509E-010
  0.133333340      0.966666639      -2.8238769083505089E-009
  0.166666672      0.966666639      -5.7220681538286064E-009
  0.200000003      0.966666639      -9.5085579229119491E-009
  0.233333334      0.966666639      -2.1487645188882944E-008
  0.266666681      0.966666639       2.5841409022873702E-007
  0.300000012      0.966666639       6.1014233185816870E-007
  0.333333343      0.966666639       1.2287973288683846E-006
  0.366666675      0.966666639       1.9135551435259094E-006
  0.400000006      0.966666639       2.0426055846629876E-006
  0.433333337      0.966666639       1.2694552548247551E-006
  0.466666669      0.966666639       3.5104028943241841E-007
  0.500000000      0.966666639      -3.3112943790311166E-008
  0.533333361      0.966666639       1.9888530306767164E-006
  0.566666663      0.966666639       1.9855288596796572E-006
  0.600000024      0.966666639       1.7061873085575806E-006
  0.633333325      0.966666639       1.2442931866858296E-006
  0.666666687      0.966666639       6.4909898373455256E-007
  0.699999988      0.966666639       5.0610731701315726E-007
  0.733333349      0.966666639       3.1793602226905617E-007
  0.766666651      0.966666639       4.5888491129793957E-008
  0.800000012      0.966666639       4.8001394089701617E-008
  0.833333313      0.966666639       4.2847143406703984E-008
  0.866666675      0.966666639       3.5105306807879134E-008
  0.899999976      0.966666639       3.0815180796547447E-008
  0.933333337      0.966666639       2.8273891600595971E-008
  0.966666639      0.966666639       2.6768071130001993E-008
   1.00000000      0.966666639       2.6053994778350680E-008
   0.00000000       1.00000000       2.4215372419929271E-009
   3.33333351E-02   1.00000000       1.9272661243600539E-009
   6.66666701E-02   1.00000000       9.1727819708387753E-010
  0.100000001       1.00000000      -6.3032468871140890E-010
  0.133333340       1.00000000      -2.6892961875425378E-009
  0.166666672       1.00000000      -5.1002513636044799E-009
  0.200000003       1.00000000      -7.4672955578279285E-009
  0.233333334       1.00000000      -8.4293291575292598E-009
  0.266666681       1.00000000       1.5008651243261090E-008
  0.300000012       1.00000000       2.7053135749144971E-007
  0.333333343       1.00000000       2.0372124993721374E-007
  0.366666675       1.00000000       1.7089692789943114E-007
  0.400000006       1.00000000       2.1875358604159473E-007
  0.433333337       1.00000000       1.5465229874102164E-007
  0.466666669       1.00000000       9.7408213397630458E-008
  0.500000000       1.00000000       7.9720506521133877E-007
  0.533333361       1.00000000       6.7298769954328408E-007
  0.566666663       1.00000000       1.1287579557492508E-007
  0.600000024       1.00000000      -2.6189780101873970E-008
  0.633333325       1.00000000       6.4025424052109939E-010
  0.666666687       1.00000000       3.4097776069379410E-008
  0.699999988       1.00000000       2.5694840451086914E-008
  0.733333349       1.00000000       3.0815739396182094E-008
  0.766666651       1.00000000       4.0578968387371909E-008
  0.800000012       1.00000000       4.2822808549983129E-008
  0.833333313       1.00000000       3.9139296262205407E-008
  0.866666675       1.00000000       3.4534762169001650E-008
  0.899999976       1.00000000       3.1080112612778647E-008
  0.933333337       1.00000000       2.8718998072241667E-008
  0.966666639       1.00000000       2.7241841859355562E-008
   1.00000000       1.00000000       2.6528137233574819E-008
