9.99969e-07
9.99969e-07
1.00019e-06
0.99997
1.00019e-06
9.99969e-07
9.99969e-07
9.99969e-07
9.99969e-07
9.99969e-07
9.99969e-07
9.99969e-07
9.99969e-07
9.99969e-07
9.99969e-07
9.99969e-07
9.99969e-07
9.99969e-07
9.99969e-07
9.99969e-07
9.99969e-07
9.99969e-07
9.99969e-07
9.99969e-07
9.99969e-07
9.99969e-07
9.99969e-07
9.99969e-07
9.99969e-07
9.99969e-07
9.99969e-07
4.20752e-32
0.0420747
0.124238
0.354708
0.13024
0.0561564
0.0280878
0.0158797
0.00986957
0.00659104
0.00465121
0.00342813
0.00261727
0.00205743
0.00165758
0.00136346
0.00114122
0.000968919
0.000831836
0.000719821
0.000625699
0.000544302
0.000471858
0.000405595
0.00034348
0.00028404
0.00022623
0.000169337
0.000112887
5.65542e-05
5.70542e-35
4.40597e-32
0.0440597
0.100168
0.164384
0.110094
0.0662971
0.0403139
0.0255604
0.0170066
0.0118424
0.00858466
0.00644303
0.00498251
0.00395386
0.00320843
0.00265403
0.00223151
0.00190162
0.0016376
0.00142075
0.00123767
0.00107865
0.000936535
0.000806042
0.000683286
0.000565449
0.000450544
0.00033723
0.000224656
0.00011233
1.1233e-34
3.39957e-32
0.0339957
0.0679915
0.0925659
0.0794555
0.0586239
0.0413105
0.0290414
0.0207539
0.0151873
0.011402
0.00877685
0.00691587
0.0055671
0.00456823
0.00381274
0.00322916
0.00276844
0.00239621
0.0020879
0.00182559
0.0015961
0.00138959
0.00119875
0.00101817
0.000843927
0.000673268
0.000504381
0.000336178
0.00016811
1.6811e-34
2.39319e-32
0.0239319
0.0452359
0.0584326
0.0565381
0.0474326
0.0372625
0.0285409
0.0217803
0.016751
0.0130591
0.0103465
0.00833703
0.00683041
0.00568466
0.00479955
0.00410394
0.00354677
0.00309092
0.00270903
0.0023807
0.00209055
0.00182697
0.0015812
0.00134673
0.00111882
0.00089422
0.00067085
0.000447565
0.000223932
2.23932e-34
1.64958e-32
0.0164958
0.0305875
0.0393904
0.0408317
0.0373059
0.0317662
0.0260794
0.0210752
0.0169775
0.0137369
0.011213
0.00925535
0.00773287
0.00654045
0.00559686
0.00484028
0.00422378
0.00371166
0.00327661
0.00289762
0.00255844
0.00224655
0.00195236
0.00166871
0.0013904
0.00111394
0.000837232
0.000559299
0.000280054
2.80054e-34
1.1464e-32
0.011464
0.0212279
0.0277099
0.0300924
0.029193
0.0264171
0.0229352
0.0194637
0.0163467
0.013698
0.0115133
0.00973851
0.00830525
0.00714739
0.00620718
0.00543654
0.0047964
0.00425532
0.00378814
0.00337473
0.00299905
0.00264842
0.00231299
0.00198534
0.00166014
0.00133392
0.00100483
0.000672347
0.000336985
3.36985e-34
8.13212e-33
0.00813212
0.0151502
0.020129
0.0226351
0.0229566
0.0217738
0.0197805
0.0174979
0.0152476
0.013195
0.0114037
0.00988013
0.00860223
0.0075367
0.00664792
0.0059023
0.00526995
0.0047251
0.00424591
0.00381411
0.0034146
0.00303509
0.00266585
0.00229951
0.00193088
0.00155678
0.00117584
0.000788268
0.000395538
3.95538e-34
5.91427e-33
0.00591427
0.011112
0.0150207
0.0173623
0.0182245
0.0179411
0.0169152
0.0154997
0.013951
0.0124307
0.0110264
0.00977605
0.00868685
0.00774925
0.0069455
0.00625479
0.005656
0.0051292
0.00465628
0.00422121
0.00381015
0.00341148
0.00301581
0.00261598
0.0022071
0.00178647
0.00135347
0.00090935
0.000456901
4.56901e-34
4.41301e-33
0.00441301
0.00836262
0.0114796
0.0135687
0.0146382
0.0148509
0.0144394
0.0136346
0.012626
0.0115503
0.0104953
0.00951082
0.00861985
0.00782794
0.00713006
0.00651536
0.00597007
0.00547944
0.0050288
0.00460429
0.00419331
0.00378488
0.00336992
0.0029415
0.00249507
0.00202853
0.00154221
0.00103876
0.000522715
5.22715e-34
3.37514e-33
0.00337514
0.00644591
0.00896643
0.0107947
0.0119086
0.012385
0.0123571
0.0119732
0.0113681
0.0106491
0.0098936
0.00915208
0.00845382
0.00781258
0.00723145
0.0067065
0.00622948
0.00578968
0.00537519
0.00497383
0.00457392
0.00416481
0.00373748
0.00328505
0.00280316
0.00229035
0.0017481
0.00118078
0.000595194
5.95194e-34
2.64164e-33
0.00264164
0.00507943
0.0071455
0.00873503
0.00981662
0.0104233
0.0106307
0.0105331
0.0102241
0.00978449
0.00927795
0.00875007
0.00823075
0.00773713
0.00727666
0.00684971
0.00645168
0.00607461
0.00570843
0.00534194
0.00496373
0.00456295
0.00413015
0.00365804
0.00314218
0.0025816
0.00197907
0.00134104
0.000677285
6.77285e-34
2.11198e-33
0.00211198
0.00408469
0.00580112
0.00718332
0.00819956
0.00886079
0.00920929
0.00930452
0.00921051
0.00898685
0.00868362
0.00833952
0.00798199
0.00762853
0.00728834
0.006964
0.00665292
0.00634867
0.00604198
0.00572178
0.00537611
0.00499312
0.00456214
0.00407476
0.00352592
0.00291482
0.00224552
0.00152705
0.000772902
7.72902e-34
1.72158e-33
0.00172158
0.00334622
0.00479097
0.00599755
0.0069375
0.00761105
0.00804115
0.00826515
0.00832661
0.00826878
0.00813018
0.00794239
0.00772915
0.00750666
0.00728418
0.00706501
0.00684734
0.00662515
0.00638904
0.00612708
0.0058258
0.00547129
0.00505053
0.00455295
0.00397191
0.00330623
0.00256115
0.00174872
0.000887275
8.87275e-34
1.42812e-33
0.00142812
0.00278766
0.00401899
0.00507841
0.00594184
0.00660477
0.00707912
0.00738832
0.00756202
0.00763146
0.00762595
0.00757069
0.00748558
0.00738477
0.00727672
0.00716453
0.00704628
0.00691556
0.00676194
0.00657171
0.00632872
0.00601569
0.00561576
0.00511458
0.00450256
0.00377705
0.00294413
0.00201941
0.00102748
1.02748e-33
1.20322e-33
0.00120322
0.0023573
0.00341892
0.00435527
0.00514668
0.00578707
0.00628223
0.00664699
0.0069017
0.00706908
0.00717145
0.00722885
0.0072577
0.0072701
0.00727341
0.0072701
0.0072577
0.00722885
0.00717145
0.00706908
0.0069017
0.00664699
0.00628223
0.00578707
0.00514668
0.00435527
0.00341892
0.0023573
0.00120322
1.20322e-33
1.02748e-33
0.00102748
0.00201941
0.00294413
0.00377705
0.00450256
0.00511458
0.00561576
0.00601569
0.00632872
0.00657171
0.00676194
0.00691556
0.00704628
0.00716453
0.00727672
0.00738477
0.00748558
0.00757069
0.00762595
0.00763146
0.00756202
0.00738832
0.00707912
0.00660477
0.00594184
0.00507841
0.00401899
0.00278766
0.00142812
1.42812e-33
8.87275e-34
0.000887275
0.00174872
0.00256115
0.00330623
0.00397191
0.00455295
0.00505053
0.00547129
0.0058258
0.00612708
0.00638904
0.00662515
0.00684734
0.00706501
0.00728418
0.00750666
0.00772915
0.00794239
0.00813018
0.00826878
0.00832661
0.00826515
0.00804115
0.00761105
0.0069375
0.00599755
0.00479097
0.00334622
0.00172158
1.72158e-33
7.72902e-34
0.000772902
0.00152705
0.00224552
0.00291482
0.00352592
0.00407476
0.00456214
0.00499312
0.00537611
0.00572178
0.00604198
0.00634867
0.00665292
0.006964
0.00728834
0.00762853
0.00798199
0.00833952
0.00868362
0.00898685
0.00921051
0.00930452
0.00920929
0.00886079
0.00819956
0.00718332
0.00580112
0.00408469
0.00211198
2.11198e-33
6.77285e-34
0.000677285
0.00134104
0.00197907
0.0025816
0.00314218
0.00365804
0.00413015
0.00456295
0.00496373
0.00534194
0.00570843
0.00607461
0.00645168
0.00684971
0.00727666
0.00773713
0.00823075
0.00875007
0.00927795
0.00978449
0.0102241
0.0105331
0.0106307
0.0104233
0.00981662
0.00873503
0.0071455
0.00507943
0.00264164
2.64164e-33
5.95194e-34
0.000595194
0.00118078
0.0017481
0.00229035
0.00280316
0.00328505
0.00373748
0.00416481
0.00457392
0.00497383
0.00537519
0.00578968
0.00622948
0.0067065
0.00723145
0.00781258
0.00845382
0.00915208
0.0098936
0.0106491
0.0113681
0.0119732
0.0123571
0.012385
0.0119086
0.0107947
0.00896643
0.00644591
0.00337514
3.37514e-33
5.22715e-34
0.000522715
0.00103876
0.00154221
0.00202853
0.00249507
0.0029415
0.00336992
0.00378488
0.00419331
0.00460429
0.0050288
0.00547944
0.00597007
0.00651536
0.00713006
0.00782794
0.00861985
0.00951082
0.0104953
0.0115503
0.012626
0.0136346
0.0144394
0.0148509
0.0146382
0.0135687
0.0114796
0.00836262
0.00441301
4.41301e-33
4.56901e-34
0.000456901
0.00090935
0.00135347
0.00178647
0.0022071
0.00261598
0.00301581
0.00341148
0.00381015
0.00422121
0.00465628
0.0051292
0.005656
0.00625479
0.0069455
0.00774925
0.00868685
0.00977605
0.0110264
0.0124307
0.013951
0.0154997
0.0169152
0.0179411
0.0182245
0.0173623
0.0150207
0.011112
0.00591427
5.91427e-33
3.95538e-34
0.000395538
0.000788268
0.00117584
0.00155678
0.00193088
0.00229951
0.00266585
0.00303509
0.0034146
0.00381411
0.00424591
0.0047251
0.00526995
0.0059023
0.00664792
0.0075367
0.00860223
0.00988013
0.0114037
0.013195
0.0152476
0.0174979
0.0197805
0.0217738
0.0229566
0.0226351
0.020129
0.0151502
0.00813212
8.13212e-33
3.36985e-34
0.000336985
0.000672347
0.00100483
0.00133392
0.00166014
0.00198534
0.00231299
0.00264842
0.00299905
0.00337473
0.00378814
0.00425532
0.0047964
0.00543654
0.00620718
0.00714739
0.00830525
0.00973851
0.0115133
0.013698
0.0163467
0.0194637
0.0229352
0.0264171
0.029193
0.0300924
0.0277099
0.0212279
0.011464
1.1464e-32
2.80054e-34
0.000280054
0.000559299
0.000837232
0.00111394
0.0013904
0.00166871
0.00195236
0.00224655
0.00255844
0.00289762
0.00327661
0.00371166
0.00422378
0.00484028
0.00559686
0.00654045
0.00773287
0.00925535
0.011213
0.0137369
0.0169775
0.0210752
0.0260794
0.0317662
0.0373059
0.0408317
0.0393904
0.0305875
0.0164958
1.64958e-32
2.23932e-34
0.000223932
0.000447565
0.00067085
0.00089422
0.00111882
0.00134673
0.0015812
0.00182697
0.00209055
0.0023807
0.00270903
0.00309092
0.00354677
0.00410394
0.00479955
0.00568466
0.00683041
0.00833703
0.0103465
0.0130591
0.016751
0.0217803
0.0285409
0.0372625
0.0474326
0.0565381
0.0584326
0.0452359
0.0239319
2.39319e-32
1.6811e-34
0.00016811
0.000336178
0.000504381
0.000673268
0.000843927
0.00101817
0.00119875
0.00138959
0.0015961
0.00182559
0.0020879
0.00239621
0.00276844
0.00322916
0.00381274
0.00456823
0.0055671
0.00691587
0.00877685
0.011402
0.0151873
0.0207539
0.0290414
0.0413105
0.0586239
0.0794555
0.0925659
0.0679915
0.0339957
3.39957e-32
1.1233e-34
0.00011233
0.000224656
0.00033723
0.000450544
0.000565449
0.000683286
0.000806042
0.000936535
0.00107865
0.00123767
0.00142075
0.0016376
0.00190162
0.00223151
0.00265403
0.00320843
0.00395386
0.00498251
0.00644303
0.00858466
0.0118424
0.0170066
0.0255604
0.0403139
0.0662971
0.110094
0.164384
0.100168
0.0440597
4.40597e-32
5.70542e-35
5.65542e-05
0.000112887
0.000169337
0.00022623
0.00028404
0.00034348
0.000405595
0.000471858
0.000544302
0.000625699
0.000719821
0.000831836
0.000968919
0.00114122
0.00136346
0.00165758
0.00205743
0.00261727
0.00342813
0.00465121
0.00659104
0.00986957
0.0158797
0.0280878
0.0561564
0.13024
0.354708
0.124238
0.0420747
4.20752e-32
9.99969e-07
9.99969e-07
9.99969e-07
9.99969e-07
9.99969e-07
9.99969e-07
9.99969e-07
9.99969e-07
9.99969e-07
9.99969e-07
9.99969e-07
9.99969e-07
9.99969e-07
9.99969e-07
9.99969e-07
9.99969e-07
9.99969e-07
9.99969e-07
9.99969e-07
9.99969e-07
9.99969e-07
9.99969e-07
9.99969e-07
9.99969e-07
9.99969e-07
9.99969e-07
1.00019e-06
0.99997
1.00019e-06
9.99969e-07
9.99969e-07
