 # X Y F 
   0.00000000       0.00000000       8.8458482215453744E-006
   3.22580636E-02   0.00000000       9.1449696017279298E-006
   6.45161271E-02   0.00000000       9.6562720937309391E-006
   9.67741907E-02   0.00000000       1.0451800469505328E-005
  0.129032254       0.00000000       1.1591044453850086E-005
  0.161290318       0.00000000       1.4024542901069052E-005
  0.193548381       0.00000000       1.9131799658734626E-005
  0.225806445       0.00000000       2.9946210134923989E-005
  0.258064508       0.00000000       4.6078938543854249E-005
  0.290322572       0.00000000       6.3588541112161279E-005
  0.322580636       0.00000000       8.0377023461027181E-005
  0.354838699       0.00000000       9.4908498963467555E-005
  0.387096763       0.00000000       1.0571804946039839E-004
  0.419354826       0.00000000       1.1258901264640850E-004
  0.451612890       0.00000000       1.1548030936299814E-004
  0.483870953       0.00000000       1.1484015210565020E-004
  0.516129017       0.00000000       1.1107403820094211E-004
  0.548387110       0.00000000       1.0476210130097610E-004
  0.580645144       0.00000000       9.6661490985812108E-005
  0.612903237       0.00000000       8.7152177723607039E-005
  0.645161271       0.00000000       7.6631044485350467E-005
  0.677419364       0.00000000       6.5581784854515561E-005
  0.709677398       0.00000000       5.4647180004356940E-005
  0.741935492       0.00000000       4.4142873360160022E-005
  0.774193525       0.00000000       3.3894620840825748E-005
  0.806451619       0.00000000       2.5247683782060559E-005
  0.838709652       0.00000000       1.7604408821314746E-005
  0.870967746       0.00000000       1.1588276977760345E-005
  0.903225780       0.00000000       6.5608765521174164E-006
  0.935483873       0.00000000       3.2302812381322372E-006
  0.967741907       0.00000000       8.6983075662886785E-007
   1.00000000       0.00000000       5.0253324644251474E-007
   0.00000000       3.22580636E-02   9.1449696017330882E-006
   3.22580636E-02   3.22580636E-02   9.5304080580581637E-006
   6.45161271E-02   3.22580636E-02   1.0270832046262452E-005
   9.67741907E-02   3.22580636E-02   1.1513364161962371E-005
  0.129032254       3.22580636E-02   1.3688222798550756E-005
  0.161290318       3.22580636E-02   1.7907275734966503E-005
  0.193548381       3.22580636E-02   2.7465175215139153E-005
  0.225806445       3.22580636E-02   4.3615362714194320E-005
  0.258064508       3.22580636E-02   6.1493032218599630E-005
  0.290322572       3.22580636E-02   8.0383530280344435E-005
  0.322580636       3.22580636E-02   9.6405517300472975E-005
  0.354838699       3.22580636E-02   1.0901652053226114E-004
  0.387096763       3.22580636E-02   1.1859441062611071E-004
  0.419354826       3.22580636E-02   1.2423539804096826E-004
  0.451612890       3.22580636E-02   1.2645902192541506E-004
  0.483870953       3.22580636E-02   1.2537572277819832E-004
  0.516129017       3.22580636E-02   1.2135369873166994E-004
  0.548387110       3.22580636E-02   1.1499500231473138E-004
  0.580645144       3.22580636E-02   1.0678902319929815E-004
  0.612903237       3.22580636E-02   9.7117868809041636E-005
  0.645161271       3.22580636E-02   8.6577895322730079E-005
  0.677419364       3.22580636E-02   7.5285434165804337E-005
  0.709677398       3.22580636E-02   6.4101909623214562E-005
  0.741935492       3.22580636E-02   5.2998226287818436E-005
  0.774193525       3.22580636E-02   4.2561761196784656E-005
  0.806451619       3.22580636E-02   3.3050065229164589E-005
  0.838709652       3.22580636E-02   2.4556490705309740E-005
  0.870967746       3.22580636E-02   1.7460234137631293E-005
  0.903225780       3.22580636E-02   1.2233226526516621E-005
  0.935483873       3.22580636E-02   6.2426051981404954E-006
  0.967741907       3.22580636E-02   3.8560849612603332E-006
   1.00000000       3.22580636E-02   1.4487664824742177E-006
   0.00000000       6.45161271E-02   9.6562720937345915E-006
   3.22580636E-02   6.45161271E-02   1.0270832046260150E-005
   6.45161271E-02   6.45161271E-02   1.1568040780696850E-005
   9.67741907E-02   6.45161271E-02   1.4022164051045056E-005
  0.129032254       6.45161271E-02   1.8621003881838346E-005
  0.161290318       6.45161271E-02   2.8785037652752931E-005
  0.193548381       6.45161271E-02   4.7250227705349168E-005
  0.225806445       6.45161271E-02   6.9943061627392714E-005
  0.258064508       6.45161271E-02   9.4269818370299995E-005
  0.290322572       6.45161271E-02   1.1180647650515713E-004
  0.322580636       6.45161271E-02   1.2574689042870601E-004
  0.354838699       6.45161271E-02   1.3720266485811990E-004
  0.387096763       6.45161271E-02   1.4398996891896328E-004
  0.419354826       6.45161271E-02   1.4787209765283868E-004
  0.451612890       6.45161271E-02   1.4844246550576421E-004
  0.483870953       6.45161271E-02   1.4629525900345555E-004
  0.516129017       6.45161271E-02   1.4153491603064648E-004
  0.548387110       6.45161271E-02   1.3460967116330481E-004
  0.580645144       6.45161271E-02   1.2589789129513040E-004
  0.612903237       6.45161271E-02   1.1565248079977659E-004
  0.645161271       6.45161271E-02   1.0445374993056824E-004
  0.677419364       6.45161271E-02   9.2418954095258563E-005
  0.709677398       6.45161271E-02   8.0340456040737312E-005
  0.741935492       6.45161271E-02   6.8127792539433881E-005
  0.774193525       6.45161271E-02   5.6482036801173409E-005
  0.806451619       6.45161271E-02   4.5224978609694507E-005
  0.838709652       6.45161271E-02   3.5566602775222800E-005
  0.870967746       6.45161271E-02   2.6702675621451406E-005
  0.903225780       6.45161271E-02   1.8525232564806422E-005
  0.935483873       6.45161271E-02   1.2180001399687427E-005
  0.967741907       6.45161271E-02   7.7373575978965836E-006
   1.00000000       6.45161271E-02   3.4126549478298014E-006
   0.00000000       9.67741907E-02   1.0451800469511109E-005
   3.22580636E-02   9.67741907E-02   1.1513364161957887E-005
   6.45161271E-02   9.67741907E-02   1.4022164051047641E-005
   9.67741907E-02   9.67741907E-02   1.9135073878195979E-005
  0.129032254       9.67741907E-02   2.8785117116580583E-005
  0.161290318       9.67741907E-02   5.5113029616946671E-005
  0.193548381       9.67741907E-02   9.9724031839711581E-005
  0.225806445       9.67741907E-02   1.3048560803307564E-004
  0.258064508       9.67741907E-02   1.4164207737427025E-004
  0.290322572       9.67741907E-02   1.5672826651878216E-004
  0.322580636       9.67741907E-02   1.7105306418777600E-004
  0.354838699       9.67741907E-02   1.7809462237585637E-004
  0.387096763       9.67741907E-02   1.8271077104885976E-004
  0.419354826       9.67741907E-02   1.8331851735421922E-004
  0.451612890       9.67741907E-02   1.8184435623642129E-004
  0.483870953       9.67741907E-02   1.7758542357646664E-004
  0.516129017       9.67741907E-02   1.7140383668973248E-004
  0.548387110       9.67741907E-02   1.6304956453122999E-004
  0.580645144       9.67741907E-02   1.5310763495750778E-004
  0.612903237       9.67741907E-02   1.4156798162300439E-004
  0.645161271       9.67741907E-02   1.2904881860071796E-004
  0.677419364       9.67741907E-02   1.1559536384865386E-004
  0.709677398       9.67741907E-02   1.0195855862882155E-004
  0.741935492       9.67741907E-02   8.7909740207434560E-005
  0.774193525       9.67741907E-02   7.4505695246497396E-005
  0.806451619       9.67741907E-02   6.1485379062594070E-005
  0.838709652       9.67741907E-02   4.9392875992188730E-005
  0.870967746       9.67741907E-02   3.8374381522305829E-005
  0.903225780       9.67741907E-02   2.8297734516751299E-005
  0.935483873       9.67741907E-02   1.9947967319393840E-005
  0.967741907       9.67741907E-02   1.2530820583473828E-005
   1.00000000       9.67741907E-02   7.7414274599266090E-006
   0.00000000      0.129032254       1.1591044453846196E-005
   3.22580636E-02  0.129032254       1.3688222798550368E-005
   6.45161271E-02  0.129032254       1.8621003881842039E-005
   9.67741907E-02  0.129032254       2.8785117116580539E-005
  0.129032254      0.129032254       5.1782472819969253E-005
  0.161290318      0.129032254       8.0826186732376620E-005
  0.193548381      0.129032254       1.1776390971775846E-004
  0.225806445      0.129032254       1.5630178949126240E-004
  0.258064508      0.129032254       2.0469047530962997E-004
  0.290322572      0.129032254       2.2596105073141102E-004
  0.322580636      0.129032254       2.2959796870171981E-004
  0.354838699      0.129032254       2.3422794428027980E-004
  0.387096763      0.129032254       2.3364998113294436E-004
  0.419354826      0.129032254       2.3163167410465452E-004
  0.451612890      0.129032254       2.2648840033810558E-004
  0.483870953      0.129032254       2.1988133201556771E-004
  0.516129017      0.129032254       2.1114407954446289E-004
  0.548387110      0.129032254       2.0081675467753231E-004
  0.580645144      0.129032254       1.8874802632787134E-004
  0.612903237      0.129032254       1.7527493310592790E-004
  0.645161271      0.129032254       1.6068260738820082E-004
  0.677419364      0.129032254       1.4516939121273487E-004
  0.709677398      0.129032254       1.2921020263752592E-004
  0.741935492      0.129032254       1.1303143252611430E-004
  0.774193525      0.129032254       9.7097474929556032E-005
  0.806451619      0.129032254       8.1629486392447613E-005
  0.838709652      0.129032254       6.6928693468189143E-005
  0.870967746      0.129032254       5.3404169962624052E-005
  0.903225780      0.129032254       4.0645700722541021E-005
  0.935483873      0.129032254       2.9955673198487685E-005
  0.967741907      0.129032254       2.0520609101570834E-005
   1.00000000      0.129032254       1.3439742145301490E-005
   0.00000000      0.161290318       1.4024542901069368E-005
   3.22580636E-02  0.161290318       1.7907275734965588E-005
   6.45161271E-02  0.161290318       2.8785037652753995E-005
   9.67741907E-02  0.161290318       5.5113029616951712E-005
  0.129032254      0.161290318       8.0826186732373828E-005
  0.161290318      0.161290318       2.7824489876434590E-005
  0.193548381      0.161290318       1.1476485844692290E-004
  0.225806445      0.161290318       2.6078886960181246E-004
  0.258064508      0.161290318       3.1342402609322765E-004
  0.290322572      0.161290318       3.1015115724157560E-004
  0.322580636      0.161290318       3.0862602331143665E-004
  0.354838699      0.161290318       3.0150225782126237E-004
  0.387096763      0.161290318       2.9846123670826662E-004
  0.419354826      0.161290318       2.9111149750410517E-004
  0.451612890      0.161290318       2.8327217467105333E-004
  0.483870953      0.161290318       2.7296491055791520E-004
  0.516129017      0.161290318       2.6157596227351196E-004
  0.548387110      0.161290318       2.4851178236371969E-004
  0.580645144      0.161290318       2.3359965138335218E-004
  0.612903237      0.161290318       2.1760385171056178E-004
  0.645161271      0.161290318       2.0013348298589755E-004
  0.677419364      0.161290318       1.8194943754676481E-004
  0.709677398      0.161290318       1.6301984031690645E-004
  0.741935492      0.161290318       1.4396486155600932E-004
  0.774193525      0.161290318       1.2492091684252043E-004
  0.806451619      0.161290318       1.0644976520341892E-004
  0.838709652      0.161290318       8.8669442839386879E-005
  0.870967746      0.161290318       7.2002257463998369E-005
  0.903225780      0.161290318       5.6652156513936061E-005
  0.935483873      0.161290318       4.2903393357930076E-005
  0.967741907      0.161290318       3.1153027313298512E-005
   1.00000000      0.161290318       2.3051433597503232E-005
   0.00000000      0.193548381       1.9131799658733026E-005
   3.22580636E-02  0.193548381       2.7465175215144950E-005
   6.45161271E-02  0.193548381       4.7250227705347907E-005
   9.67741907E-02  0.193548381       9.9724031839712611E-005
  0.129032254      0.193548381       1.1776390971775621E-004
  0.161290318      0.193548381       1.1476485844692403E-004
  0.193548381      0.193548381       1.4757080781268026E-003
  0.225806445      0.193548381       6.0166414679362914E-004
  0.258064508      0.193548381       4.2529944769303750E-004
  0.290322572      0.193548381       4.1461396280591478E-004
  0.322580636      0.193548381       3.9426941966029115E-004
  0.354838699      0.193548381       3.8175922318936360E-004
  0.387096763      0.193548381       3.7144223452335623E-004
  0.419354826      0.193548381       3.6223349236579896E-004
  0.451612890      0.193548381       3.5047562937602324E-004
  0.483870953      0.193548381       3.3744391702645980E-004
  0.516129017      0.193548381       3.2313599460801233E-004
  0.548387110      0.193548381       3.0686929073410284E-004
  0.580645144      0.193548381       2.8902195828729255E-004
  0.612903237      0.193548381       2.6966424387034197E-004
  0.645161271      0.193548381       2.4894379306262480E-004
  0.677419364      0.193548381       2.2722395913074420E-004
  0.709677398      0.193548381       2.0470268745687834E-004
  0.741935492      0.193548381       1.8196250349316470E-004
  0.774193525      0.193548381       1.5916274300159291E-004
  0.806451619      0.193548381       1.3695627213630045E-004
  0.838709652      0.193548381       1.1550468341725340E-004
  0.870967746      0.193548381       9.5317380615786429E-005
  0.903225780      0.193548381       7.6591556154170039E-005
  0.935483873      0.193548381       5.9768651683777689E-005
  0.967741907      0.193548381       4.5457125301600288E-005
   1.00000000      0.193548381       3.5784075468127212E-005
   0.00000000      0.225806445       2.9946210134921244E-005
   3.22580636E-02  0.225806445       4.3615362714194334E-005
   6.45161271E-02  0.225806445       6.9943061627388594E-005
   9.67741907E-02  0.225806445       1.3048560803307951E-004
  0.129032254      0.225806445       1.5630178949126194E-004
  0.161290318      0.225806445       2.6078886960181511E-004
  0.193548381      0.225806445       6.0166414679363564E-004
  0.225806445      0.225806445       6.7480657510944728E-004
  0.258064508      0.225806445       5.4720406739690384E-004
  0.290322572      0.225806445       4.9800658430074153E-004
  0.322580636      0.225806445       4.8239553157063462E-004
  0.354838699      0.225806445       4.6390914501012390E-004
  0.387096763      0.225806445       4.5231595837485545E-004
  0.419354826      0.225806445       4.4044571244480896E-004
  0.451612890      0.225806445       4.2790948621849507E-004
  0.483870953      0.225806445       4.1247790977072199E-004
  0.516129017      0.225806445       3.9600566702287324E-004
  0.548387110      0.225806445       3.7676636361288270E-004
  0.580645144      0.225806445       3.5594220174447501E-004
  0.612903237      0.225806445       3.3296318469224026E-004
  0.645161271      0.225806445       3.0849714066896641E-004
  0.677419364      0.225806445       2.8258214888905405E-004
  0.709677398      0.225806445       2.5578172332598489E-004
  0.741935492      0.225806445       2.2841943044429178E-004
  0.774193525      0.225806445       2.0111675676278931E-004
  0.806451619      0.225806445       1.7429375755984161E-004
  0.838709652      0.225806445       1.4844749604301494E-004
  0.870967746      0.225806445       1.2399409807572928E-004
  0.903225780      0.225806445       1.0137916484912450E-004
  0.935483873      0.225806445       8.1000889364469796E-005
  0.967741907      0.225806445       6.3821411528570753E-005
   1.00000000      0.225806445       5.2438879563299014E-005
   0.00000000      0.258064508       4.6078938543858267E-005
   3.22580636E-02  0.258064508       6.1493032218598139E-005
   6.45161271E-02  0.258064508       9.4269818370303518E-005
   9.67741907E-02  0.258064508       1.4164207737427407E-004
  0.129032254      0.258064508       2.0469047530963236E-004
  0.161290318      0.258064508       3.1342402609322326E-004
  0.193548381      0.258064508       4.2529944769304135E-004
  0.225806445      0.258064508       5.4720406739690699E-004
  0.258064508      0.258064508       5.9058397914362598E-004
  0.290322572      0.258064508       5.6081042953881187E-004
  0.322580636      0.258064508       5.5187566696234349E-004
  0.354838699      0.258064508       5.4416694591573041E-004
  0.387096763      0.258064508       5.3369882910934475E-004
  0.419354826      0.258064508       5.2435380213835690E-004
  0.451612890      0.258064508       5.1243825434681373E-004
  0.483870953      0.258064508       4.9762937985896446E-004
  0.516129017      0.258064508       4.7972508030059231E-004
  0.548387110      0.258064508       4.5904184501097546E-004
  0.580645144      0.258064508       4.3539490391273581E-004
  0.612903237      0.258064508       4.0920997416540449E-004
  0.645161271      0.258064508       3.8059817102645158E-004
  0.677419364      0.258064508       3.5013001868203008E-004
  0.709677398      0.258064508       3.1812756873302240E-004
  0.741935492      0.258064508       2.8543860092260893E-004
  0.774193525      0.258064508       2.5245831540390010E-004
  0.806451619      0.258064508       2.2006870187006944E-004
  0.838709652      0.258064508       1.8880871585177158E-004
  0.870967746      0.258064508       1.5927882194264380E-004
  0.903225780      0.258064508       1.3196181383439478E-004
  0.935483873      0.258064508       1.0752395983619358E-004
  0.967741907      0.258064508       8.7158777462533054E-005
   1.00000000      0.258064508       7.4101309553582041E-005
   0.00000000      0.290322572       6.3588541112159856E-005
   3.22580636E-02  0.290322572       8.0383530280340762E-005
   6.45161271E-02  0.290322572       1.1180647650516003E-004
   9.67741907E-02  0.290322572       1.5672826651878327E-004
  0.129032254      0.290322572       2.2596105073141091E-004
  0.161290318      0.290322572       3.1015115724156985E-004
  0.193548381      0.290322572       4.1461396280591706E-004
  0.225806445      0.290322572       4.9800658430074033E-004
  0.258064508      0.290322572       5.6081042953881773E-004
  0.290322572      0.290322572       5.9873457627280884E-004
  0.322580636      0.290322572       6.0506451440813175E-004
  0.354838699      0.290322572       6.1251470639758494E-004
  0.387096763      0.290322572       6.1299288540436834E-004
  0.419354826      0.290322572       6.0942760448846358E-004
  0.451612890      0.290322572       6.0236779604834153E-004
  0.483870953      0.290322572       5.9069667567242419E-004
  0.516129017      0.290322572       5.7432620777041969E-004
  0.548387110      0.290322572       5.5369612427795133E-004
  0.580645144      0.290322572       5.2878250259186981E-004
  0.612903237      0.290322572       4.9989765631756455E-004
  0.645161271      0.290322572       4.6751959724601854E-004
  0.677419364      0.290322572       4.3201556511094974E-004
  0.709677398      0.290322572       3.9437795726844188E-004
  0.741935492      0.290322572       3.5501135666891345E-004
  0.774193525      0.290322572       3.1542165552706289E-004
  0.806451619      0.290322572       2.7604603248093505E-004
  0.838709652      0.290322572       2.3815640663615270E-004
  0.870967746      0.290322572       2.0229476138524611E-004
  0.903225780      0.290322572       1.6950948249184355E-004
  0.935483873      0.290322572       1.4031676184355669E-004
  0.967741907      0.290322572       1.1641560122398205E-004
   1.00000000      0.290322572       1.0153367940711221E-004
   0.00000000      0.322580636       8.0377023461031057E-005
   3.22580636E-02  0.322580636       9.6405517300475916E-005
   6.45161271E-02  0.322580636       1.2574689042870509E-004
   9.67741907E-02  0.322580636       1.7105306418776966E-004
  0.129032254      0.322580636       2.2959796870171878E-004
  0.161290318      0.322580636       3.0862602331143850E-004
  0.193548381      0.322580636       3.9426941966028497E-004
  0.225806445      0.322580636       4.8239553157063478E-004
  0.258064508      0.322580636       5.5187566696233785E-004
  0.290322572      0.322580636       6.0506451440813403E-004
  0.322580636      0.322580636       6.4553494078185174E-004
  0.354838699      0.322580636       6.6795569949591608E-004
  0.387096763      0.322580636       6.8470732338698061E-004
  0.419354826      0.322580636       6.9298625799990013E-004
  0.451612890      0.322580636       6.9468760758163381E-004
  0.483870953      0.322580636       6.9015206133400881E-004
  0.516129017      0.322580636       6.7890254217741906E-004
  0.548387110      0.322580636       6.6106493869345483E-004
  0.580645144      0.322580636       6.3721169593390463E-004
  0.612903237      0.322580636       6.0708021073055006E-004
  0.645161271      0.322580636       5.7176248461150042E-004
  0.677419364      0.322580636       5.3138687958794058E-004
  0.709677398      0.322580636       4.8737091331440820E-004
  0.741935492      0.322580636       4.4075680883903686E-004
  0.774193525      0.322580636       3.9270553909631829E-004
  0.806451619      0.322580636       3.4492027791712787E-004
  0.838709652      0.322580636       2.9862344385853237E-004
  0.870967746      0.322580636       2.5513335743658781E-004
  0.903225780      0.322580636       2.1528050690987639E-004
  0.935483873      0.322580636       1.8052653304781715E-004
  0.967741907      0.322580636       1.5258845878761182E-004
   1.00000000      0.322580636       1.3574407743936564E-004
   0.00000000      0.354838699       9.4908498963472556E-005
   3.22580636E-02  0.354838699       1.0901652053226166E-004
   6.45161271E-02  0.354838699       1.3720266485811881E-004
   9.67741907E-02  0.354838699       1.7809462237586155E-004
  0.129032254      0.354838699       2.3422794428027083E-004
  0.161290318      0.354838699       3.0150225782125999E-004
  0.193548381      0.354838699       3.8175922318935818E-004
  0.225806445      0.354838699       4.6390914501012829E-004
  0.258064508      0.354838699       5.4416694591573247E-004
  0.290322572      0.354838699       6.1251470639758483E-004
  0.322580636      0.354838699       6.6795569949591597E-004
  0.354838699      0.354838699       7.1387749098322437E-004
  0.387096763      0.354838699       7.4679825283337415E-004
  0.419354826      0.354838699       7.7174851079364094E-004
  0.451612890      0.354838699       7.8718131579053887E-004
  0.483870953      0.354838699       7.9407651897980748E-004
  0.516129017      0.354838699       7.9226245376757447E-004
  0.548387110      0.354838699       7.8143724691343691E-004
  0.580645144      0.354838699       7.6163700821590377E-004
  0.612903237      0.354838699       7.3316819704052254E-004
  0.645161271      0.354838699       6.9620040407041982E-004
  0.677419364      0.354838699       6.5192651800058442E-004
  0.709677398      0.354838699       6.0125000802724424E-004
  0.741935492      0.354838699       5.4582986113731506E-004
  0.774193525      0.354838699       4.8809341141948013E-004
  0.806451619      0.354838699       4.2962271729311998E-004
  0.838709652      0.354838699       3.7270116859867660E-004
  0.870967746      0.354838699       3.1918969703840301E-004
  0.903225780      0.354838699       2.7101195072476620E-004
  0.935483873      0.354838699       2.2932166289593627E-004
  0.967741907      0.354838699       1.9665886489446293E-004
   1.00000000      0.354838699       1.7755580737289798E-004
   0.00000000      0.387096763       1.0571804946039615E-004
   3.22580636E-02  0.387096763       1.1859441062611663E-004
   6.45161271E-02  0.387096763       1.4398996891896244E-004
   9.67741907E-02  0.387096763       1.8271077104886220E-004
  0.129032254      0.387096763       2.3364998113294423E-004
  0.161290318      0.387096763       2.9846123670826326E-004
  0.193548381      0.387096763       3.7144223452335661E-004
  0.225806445      0.387096763       4.5231595837485556E-004
  0.258064508      0.387096763       5.3369882910934323E-004
  0.290322572      0.387096763       6.1299288540436997E-004
  0.322580636      0.387096763       6.8470732338698148E-004
  0.354838699      0.387096763       7.4679825283337621E-004
  0.387096763      0.387096763       8.0041422468222654E-004
  0.419354826      0.387096763       8.4352911159219673E-004
  0.451612890      0.387096763       8.7728821802123523E-004
  0.483870953      0.387096763       9.0066551636781378E-004
  0.516129017      0.387096763       9.1325523635873681E-004
  0.548387110      0.387096763       9.1444847903228519E-004
  0.580645144      0.387096763       9.0360200949524724E-004
  0.612903237      0.387096763       8.8033422811039275E-004
  0.645161271      0.387096763       8.4506289662173231E-004
  0.677419364      0.387096763       7.9801975491329926E-004
  0.709677398      0.387096763       7.4122679416945860E-004
  0.741935492      0.387096763       6.7673002507860299E-004
  0.774193525      0.387096763       6.0663346802962957E-004
  0.806451619      0.387096763       5.3489821734900133E-004
  0.838709652      0.387096763       4.6448813840122710E-004
  0.870967746      0.387096763       3.9831184004362991E-004
  0.903225780      0.387096763       3.3853308415391454E-004
  0.935483873      0.387096763       2.8815447346372178E-004
  0.967741907      0.387096763       2.4967027108448029E-004
   1.00000000      0.387096763       2.2783414036855822E-004
   0.00000000      0.419354826       1.1258901264640911E-004
   3.22580636E-02  0.419354826       1.2423539804096493E-004
   6.45161271E-02  0.419354826       1.4787209765284041E-004
   9.67741907E-02  0.419354826       1.8331851735421217E-004
  0.129032254      0.419354826       2.3163167410465487E-004
  0.161290318      0.419354826       2.9111149750409796E-004
  0.193548381      0.419354826       3.6223349236579961E-004
  0.225806445      0.419354826       4.4044571244480668E-004
  0.258064508      0.419354826       5.2435380213835788E-004
  0.290322572      0.419354826       6.0942760448846759E-004
  0.322580636      0.419354826       6.9298625799990500E-004
  0.354838699      0.419354826       7.7174851079363964E-004
  0.387096763      0.419354826       8.4352911159220139E-004
  0.419354826      0.419354826       9.0785289714418111E-004
  0.451612890      0.419354826       9.6285978546748570E-004
  0.483870953      0.419354826       1.0075825101402011E-003
  0.516129017      0.419354826       1.0404149974235363E-003
  0.548387110      0.419354826       1.0597882263619202E-003
  0.580645144      0.419354826       1.0639463752868978E-003
  0.612903237      0.419354826       1.0518381367356521E-003
  0.645161271      0.419354826       1.0222467925397412E-003
  0.677419364      0.419354826       9.7612980346630993E-004
  0.709677398      0.419354826       9.1391657545397524E-004
  0.741935492      0.419354826       8.3857326286838646E-004
  0.774193525      0.419354826       7.5485685674318490E-004
  0.806451619      0.419354826       6.6616500614550677E-004
  0.838709652      0.419354826       5.7765273419400659E-004
  0.870967746      0.419354826       4.9422935262969508E-004
  0.903225780      0.419354826       4.2038812234183051E-004
  0.935483873      0.419354826       3.5847114957594925E-004
  0.967741907      0.419354826       3.1246180939780029E-004
   1.00000000      0.419354826       2.8715304046324447E-004
   0.00000000      0.451612890       1.1548030936299758E-004
   3.22580636E-02  0.451612890       1.2645902192542083E-004
   6.45161271E-02  0.451612890       1.4844246550576229E-004
   9.67741907E-02  0.451612890       1.8184435623642324E-004
  0.129032254      0.451612890       2.2648840033810222E-004
  0.161290318      0.451612890       2.8327217467105452E-004
  0.193548381      0.451612890       3.5047562937602433E-004
  0.225806445      0.451612890       4.2790948621849296E-004
  0.258064508      0.451612890       5.1243825434681557E-004
  0.290322572      0.451612890       6.0236779604834077E-004
  0.322580636      0.451612890       6.9468760758163066E-004
  0.354838699      0.451612890       7.8718131579053811E-004
  0.387096763      0.451612890       8.7728821802123100E-004
  0.419354826      0.451612890       9.6285978546749047E-004
  0.451612890      0.451612890       1.0420135230290307E-003
  0.483870953      0.451612890       1.1125440137568245E-003
  0.516129017      0.451612890       1.1716068114395889E-003
  0.548387110      0.451612890       1.2164116320581705E-003
  0.580645144      0.451612890       1.2437052705407512E-003
  0.612903237      0.451612890       1.2502564830308076E-003
  0.645161271      0.451612890       1.2340730165558977E-003
  0.677419364      0.451612890       1.1930985197661213E-003
  0.709677398      0.451612890       1.1291437453260457E-003
  0.741935492      0.451612890       1.0446196144396297E-003
  0.774193525      0.451612890       9.4306808122149961E-004
  0.806451619      0.451612890       8.3289504042281597E-004
  0.838709652      0.451612890       7.2128530830655087E-004
  0.870967746      0.451612890       6.1500138636345295E-004
  0.903225780      0.451612890       5.1960988208038788E-004
  0.935483873      0.451612890       4.4192761826557198E-004
  0.967741907      0.451612890       3.8571169073035600E-004
   1.00000000      0.451612890       3.5560602311268766E-004
   0.00000000      0.483870953       1.1484015210564937E-004
   3.22580636E-02  0.483870953       1.2537572277819379E-004
   6.45161271E-02  0.483870953       1.4629525900345793E-004
   9.67741907E-02  0.483870953       1.7758542357647119E-004
  0.129032254      0.483870953       2.1988133201557256E-004
  0.161290318      0.483870953       2.7296491055791222E-004
  0.193548381      0.483870953       3.3744391702645904E-004
  0.225806445      0.483870953       4.1247790977072231E-004
  0.258064508      0.483870953       4.9762937985896587E-004
  0.290322572      0.483870953       5.9069667567242083E-004
  0.322580636      0.483870953       6.9015206133401120E-004
  0.354838699      0.483870953       7.9407651897980803E-004
  0.387096763      0.483870953       9.0066551636781747E-004
  0.419354826      0.483870953       1.0075825101401982E-003
  0.451612890      0.483870953       1.1125440137568202E-003
  0.483870953      0.483870953       1.2124431158453109E-003
  0.516129017      0.483870953       1.3040663161731695E-003
  0.548387110      0.483870953       1.3824381886049285E-003
  0.580645144      0.483870953       1.4427227579399717E-003
  0.612903237      0.483870953       1.4790114515233119E-003
  0.645161271      0.483870953       1.4858127877514287E-003
  0.677419364      0.483870953       1.4598516909988583E-003
  0.709677398      0.483870953       1.3984148384033354E-003
  0.741935492      0.483870953       1.3037178370440849E-003
  0.774193525      0.483870953       1.1837855737250325E-003
  0.806451619      0.483870953       1.0457435559646164E-003
  0.838709652      0.483870953       9.0114907516243841E-004
  0.870967746      0.483870953       7.6219559961863634E-004
  0.903225780      0.483870953       6.4016831043343090E-004
  0.935483873      0.483870953       5.4031122527496136E-004
  0.967741907      0.483870953       4.6940256739601570E-004
   1.00000000      0.483870953       4.3241743506514693E-004
   0.00000000      0.516129017       1.1107403820093746E-004
   3.22580636E-02  0.516129017       1.2135369873167219E-004
   6.45161271E-02  0.516129017       1.4153491603064407E-004
   9.67741907E-02  0.516129017       1.7140383668973500E-004
  0.129032254      0.516129017       2.1114407954446533E-004
  0.161290318      0.516129017       2.6157596227351342E-004
  0.193548381      0.516129017       3.2313599460801048E-004
  0.225806445      0.516129017       3.9600566702287346E-004
  0.258064508      0.516129017       4.7972508030059285E-004
  0.290322572      0.516129017       5.7432620777042294E-004
  0.322580636      0.516129017       6.7890254217741787E-004
  0.354838699      0.516129017       7.9226245376757566E-004
  0.387096763      0.516129017       9.1325523635873713E-004
  0.419354826      0.516129017       1.0404149974235395E-003
  0.451612890      0.516129017       1.1716068114395886E-003
  0.483870953      0.516129017       1.3040663161731736E-003
  0.516129017      0.516129017       1.4334146403909033E-003
  0.548387110      0.516129017       1.5545860838183652E-003
  0.580645144      0.516129017       1.6595683886319362E-003
  0.612903237      0.516129017       1.7399760954563434E-003
  0.645161271      0.516129017       1.7858439016849960E-003
  0.677419364      0.516129017       1.7875714706380059E-003
  0.709677398      0.516129017       1.7401154735703214E-003
  0.741935492      0.516129017       1.6431791156386051E-003
  0.774193525      0.516129017       1.5002473785659415E-003
  0.806451619      0.516129017       1.3260886705233974E-003
  0.838709652      0.516129017       1.1379399156718185E-003
  0.870967746      0.516129017       9.5389980937501571E-004
  0.903225780      0.516129017       7.8784691832128786E-004
  0.935483873      0.516129017       6.5521487049048166E-004
  0.967741907      0.516129017       5.6286407795567918E-004
   1.00000000      0.516129017       5.1537360078618563E-004
   0.00000000      0.548387110       1.0476210130097381E-004
   3.22580636E-02  0.548387110       1.1499500231473009E-004
   6.45161271E-02  0.548387110       1.3460967116330530E-004
   9.67741907E-02  0.548387110       1.6304956453122802E-004
  0.129032254      0.548387110       2.0081675467752957E-004
  0.161290318      0.548387110       2.4851178236371687E-004
  0.193548381      0.548387110       3.0686929073410181E-004
  0.225806445      0.548387110       3.7676636361288449E-004
  0.258064508      0.548387110       4.5904184501097437E-004
  0.290322572      0.548387110       5.5369612427794764E-004
  0.322580636      0.548387110       6.6106493869345429E-004
  0.354838699      0.548387110       7.8143724691343941E-004
  0.387096763      0.548387110       9.1444847903228617E-004
  0.419354826      0.548387110       1.0597882263619161E-003
  0.451612890      0.548387110       1.2164116320581740E-003
  0.483870953      0.548387110       1.3824381886049315E-003
  0.516129017      0.548387110       1.5545860838183626E-003
  0.548387110      0.548387110       1.7266306867456988E-003
  0.580645144      0.548387110       1.8906201265596727E-003
  0.612903237      0.548387110       2.0334010734244803E-003
  0.645161271      0.548387110       2.1399887905547686E-003
  0.677419364      0.548387110       2.1934029350477412E-003
  0.709677398      0.548387110       2.1784588652757585E-003
  0.741935492      0.548387110       2.0853801437941454E-003
  0.774193525      0.548387110       1.9198468295541663E-003
  0.806451619      0.548387110       1.6976839929413680E-003
  0.838709652      0.548387110       1.4459880837100745E-003
  0.870967746      0.548387110       1.1934424693693885E-003
  0.903225780      0.548387110       9.6945095285608728E-004
  0.935483873      0.548387110       7.8875082531165881E-004
  0.967741907      0.548387110       6.6367099984814611E-004
   1.00000000      0.548387110       6.0011709710167214E-004
   0.00000000      0.580645144       9.6661490985812298E-005
   3.22580636E-02  0.580645144       1.0678902319930025E-004
   6.45161271E-02  0.580645144       1.2589789129513018E-004
   9.67741907E-02  0.580645144       1.5310763495750886E-004
  0.129032254      0.580645144       1.8874802632786952E-004
  0.161290318      0.580645144       2.3359965138335218E-004
  0.193548381      0.580645144       2.8902195828729303E-004
  0.225806445      0.580645144       3.5594220174447664E-004
  0.258064508      0.580645144       4.3539490391273587E-004
  0.290322572      0.580645144       5.2878250259187089E-004
  0.322580636      0.580645144       6.3721169593390615E-004
  0.354838699      0.580645144       7.6163700821590572E-004
  0.387096763      0.580645144       9.0360200949524464E-004
  0.419354826      0.580645144       1.0639463752868943E-003
  0.451612890      0.580645144       1.2437052705407479E-003
  0.483870953      0.580645144       1.4427227579399690E-003
  0.516129017      0.580645144       1.6595683886319354E-003
  0.548387110      0.580645144       1.8906201265596716E-003
  0.580645144      0.580645144       2.1269890527348262E-003
  0.612903237      0.580645144       2.3555695419311203E-003
  0.645161271      0.580645144       2.5539646578892853E-003
  0.677419364      0.580645144       2.6946803451632396E-003
  0.709677398      0.580645144       2.7447837783129525E-003
  0.741935492      0.580645144       2.6820313986810991E-003
  0.774193525      0.580645144       2.4990348658158836E-003
  0.806451619      0.580645144       2.2141810453494845E-003
  0.838709652      0.580645144       1.8672724395409055E-003
  0.870967746      0.580645144       1.5131941051171459E-003
  0.903225780      0.580645144       1.1935435238338793E-003
  0.935483873      0.580645144       9.4103861091566631E-004
  0.967741907      0.580645144       7.6764108987981735E-004
   1.00000000      0.580645144       6.7937923242932787E-004
   0.00000000      0.612903237       8.7152177723601564E-005
   3.22580636E-02  0.612903237       9.7117868809040728E-005
   6.45161271E-02  0.612903237       1.1565248079977696E-004
   9.67741907E-02  0.612903237       1.4156798162300222E-004
  0.129032254      0.612903237       1.7527493310592651E-004
  0.161290318      0.612903237       2.1760385171056169E-004
  0.193548381      0.612903237       2.6966424387034154E-004
  0.225806445      0.612903237       3.3296318469224195E-004
  0.258064508      0.612903237       4.0920997416540357E-004
  0.290322572      0.612903237       4.9989765631755978E-004
  0.322580636      0.612903237       6.0708021073055027E-004
  0.354838699      0.612903237       7.3316819704052124E-004
  0.387096763      0.612903237       8.8033422811039188E-004
  0.419354826      0.612903237       1.0518381367356502E-003
  0.451612890      0.612903237       1.2502564830308119E-003
  0.483870953      0.612903237       1.4790114515233150E-003
  0.516129017      0.612903237       1.7399760954563408E-003
  0.548387110      0.612903237       2.0334010734244755E-003
  0.580645144      0.612903237       2.3555695419311229E-003
  0.612903237      0.612903237       2.6937080468539877E-003
  0.645161271      0.612903237       3.0252144324267186E-003
  0.677419364      0.612903237       3.3063382892845792E-003
  0.709677398      0.612903237       3.4862236292268695E-003
  0.741935492      0.612903237       3.5032186619935635E-003
  0.774193525      0.612903237       3.3186883816814228E-003
  0.806451619      0.612903237       2.9444357062277512E-003
  0.838709652      0.612903237       2.4522555221095045E-003
  0.870967746      0.612903237       1.9329276917233352E-003
  0.903225780      0.612903237       1.4722271636856972E-003
  0.935483873      0.612903237       1.1111793814905671E-003
  0.967741907      0.612903237       8.6678596449391964E-004
   1.00000000      0.612903237       7.4239850354772946E-004
   0.00000000      0.645161271       7.6631044485351795E-005
   3.22580636E-02  0.645161271       8.6577895322729483E-005
   6.45161271E-02  0.645161271       1.0445374993056719E-004
   9.67741907E-02  0.645161271       1.2904881860071964E-004
  0.129032254      0.645161271       1.6068260738820130E-004
  0.161290318      0.645161271       2.0013348298590162E-004
  0.193548381      0.645161271       2.4894379306262740E-004
  0.225806445      0.645161271       3.0849714066896711E-004
  0.258064508      0.645161271       3.8059817102645169E-004
  0.290322572      0.645161271       4.6751959724601746E-004
  0.322580636      0.645161271       5.7176248461149857E-004
  0.354838699      0.645161271       6.9620040407042123E-004
  0.387096763      0.645161271       8.4506289662173340E-004
  0.419354826      0.645161271       1.0222467925397392E-003
  0.451612890      0.645161271       1.2340730165558977E-003
  0.483870953      0.645161271       1.4858127877514257E-003
  0.516129017      0.645161271       1.7858439016850032E-003
  0.548387110      0.645161271       2.1399887905547707E-003
  0.580645144      0.645161271       2.5539646578892814E-003
  0.612903237      0.645161271       3.0252144324267169E-003
  0.645161271      0.645161271       3.5327437316760649E-003
  0.677419364      0.645161271       4.0364469880482161E-003
  0.709677398      0.645161271       4.4458896442101216E-003
  0.741935492      0.645161271       4.6449890025060479E-003
  0.774193525      0.645161271       4.5250419435420054E-003
  0.806451619      0.645161271       4.0499705317672075E-003
  0.838709652      0.645161271       3.3104783605712221E-003
  0.870967746      0.645161271       2.5099329714688957E-003
  0.903225780      0.645161271       1.8119487240634933E-003
  0.935483873      0.645161271       1.2921562416387420E-003
  0.967741907      0.645161271       9.4950393088844422E-004
   1.00000000      0.645161271       7.7558173708108173E-004
   0.00000000      0.677419364       6.5581784854514206E-005
   3.22580636E-02  0.677419364       7.5285434165803890E-005
   6.45161271E-02  0.677419364       9.2418954095256612E-005
   9.67741907E-02  0.677419364       1.1559536384865478E-004
  0.129032254      0.677419364       1.4516939121273536E-004
  0.161290318      0.677419364       1.8194943754676519E-004
  0.193548381      0.677419364       2.2722395913074355E-004
  0.225806445      0.677419364       2.8258214888905535E-004
  0.258064508      0.677419364       3.5013001868202992E-004
  0.290322572      0.677419364       4.3201556511094990E-004
  0.322580636      0.677419364       5.3138687958794221E-004
  0.354838699      0.677419364       6.5192651800058236E-004
  0.387096763      0.677419364       7.9801975491330197E-004
  0.419354826      0.677419364       9.7612980346630928E-004
  0.451612890      0.677419364       1.1930985197661221E-003
  0.483870953      0.677419364       1.4598516909988569E-003
  0.516129017      0.677419364       1.7875714706380038E-003
  0.548387110      0.677419364       2.1934029350477351E-003
  0.580645144      0.677419364       2.6946803451632423E-003
  0.612903237      0.677419364       3.3063382892845666E-003
  0.645161271      0.677419364       4.0364469880482187E-003
  0.677419364      0.677419364       4.8489453346028770E-003
  0.709677398      0.677419364       5.6404959345115876E-003
  0.741935492      0.677419364       6.2106368637591973E-003
  0.774193525      0.677419364       6.2825192252648496E-003
  0.806451619      0.677419364       5.7025632535989646E-003
  0.838709652      0.677419364       4.5932111498240141E-003
  0.870967746      0.677419364       3.3079010385606154E-003
  0.903225780      0.677419364       2.2204975388673935E-003
  0.935483873      0.677419364       1.4661353912435303E-003
  0.967741907      0.677419364       9.9816271950805180E-004
   1.00000000      0.677419364       7.6430117009830577E-004
   0.00000000      0.709677398       5.4647180004357489E-005
   3.22580636E-02  0.709677398       6.4101909623215985E-005
   6.45161271E-02  0.709677398       8.0340456040740225E-005
   9.67741907E-02  0.709677398       1.0195855862882040E-004
  0.129032254      0.709677398       1.2921020263752567E-004
  0.161290318      0.709677398       1.6301984031690542E-004
  0.193548381      0.709677398       2.0470268745687999E-004
  0.225806445      0.709677398       2.5578172332598625E-004
  0.258064508      0.709677398       3.1812756873302338E-004
  0.290322572      0.709677398       3.9437795726844215E-004
  0.322580636      0.709677398       4.8737091331440603E-004
  0.354838699      0.709677398       6.0125000802724619E-004
  0.387096763      0.709677398       7.4122679416945816E-004
  0.419354826      0.709677398       9.1391657545397372E-004
  0.451612890      0.709677398       1.1291437453260413E-003
  0.483870953      0.709677398       1.3984148384033389E-003
  0.516129017      0.709677398       1.7401154735703203E-003
  0.548387110      0.709677398       2.1784588652757624E-003
  0.580645144      0.709677398       2.7447837783129521E-003
  0.612903237      0.709677398       3.4862236292268582E-003
  0.645161271      0.709677398       4.4458896442101173E-003
  0.677419364      0.709677398       5.6404959345116050E-003
  0.709677398      0.709677398       6.9683021811503569E-003
  0.741935492      0.709677398       8.1119660646010606E-003
  0.774193525      0.709677398       8.6377528214682513E-003
  0.806451619      0.709677398       8.0945241897322356E-003
  0.838709652      0.709677398       6.4387836978025545E-003
  0.870967746      0.709677398       4.3707451341205303E-003
  0.903225780      0.709677398       2.6761176427997553E-003
  0.935483873      0.709677398       1.5996439867901687E-003
  0.967741907      0.709677398       9.9141412761800853E-004
   1.00000000      0.709677398       6.9969442859359274E-004
   0.00000000      0.741935492       4.4142873360162170E-005
   3.22580636E-02  0.741935492       5.2998226287818869E-005
   6.45161271E-02  0.741935492       6.8127792539434816E-005
   9.67741907E-02  0.741935492       8.7909740207433448E-005
  0.129032254      0.741935492       1.1303143252611537E-004
  0.161290318      0.741935492       1.4396486155600954E-004
  0.193548381      0.741935492       1.8196250349316695E-004
  0.225806445      0.741935492       2.2841943044429278E-004
  0.258064508      0.741935492       2.8543860092260942E-004
  0.290322572      0.741935492       3.5501135666891204E-004
  0.322580636      0.741935492       4.4075680883903768E-004
  0.354838699      0.741935492       5.4582986113731441E-004
  0.387096763      0.741935492       6.7673002507860343E-004
  0.419354826      0.741935492       8.3857326286838560E-004
  0.451612890      0.741935492       1.0446196144396349E-003
  0.483870953      0.741935492       1.3037178370440847E-003
  0.516129017      0.741935492       1.6431791156386040E-003
  0.548387110      0.741935492       2.0853801437941445E-003
  0.580645144      0.741935492       2.6820313986810917E-003
  0.612903237      0.741935492       3.5032186619935461E-003
  0.645161271      0.741935492       4.6449890025060591E-003
  0.677419364      0.741935492       6.2106368637592120E-003
  0.709677398      0.741935492       8.1119660646010727E-003
  0.741935492      0.741935492       9.9942472825443104E-003
  0.774193525      0.741935492       1.1173720755049315E-002
  0.806451619      0.741935492       1.0947900472253703E-002
  0.838709652      0.741935492       8.6072324168857007E-003
  0.870967746      0.741935492       5.5398691357910392E-003
  0.903225780      0.741935492       3.1080373878633592E-003
  0.935483873      0.741935492       1.6301661426702690E-003
  0.967741907      0.741935492       9.1274826091551880E-004
   1.00000000      0.741935492       5.8175305803577493E-004
   0.00000000      0.774193525       3.3894620840828912E-005
   3.22580636E-02  0.774193525       4.2561761196786607E-005
   6.45161271E-02  0.774193525       5.6482036801175428E-005
   9.67741907E-02  0.774193525       7.4505695246496745E-005
  0.129032254      0.774193525       9.7097474929554745E-005
  0.161290318      0.774193525       1.2492091684251845E-004
  0.193548381      0.774193525       1.5916274300159378E-004
  0.225806445      0.774193525       2.0111675676278838E-004
  0.258064508      0.774193525       2.5245831540389999E-004
  0.290322572      0.774193525       3.1542165552706403E-004
  0.322580636      0.774193525       3.9270553909631872E-004
  0.354838699      0.774193525       4.8809341141948257E-004
  0.387096763      0.774193525       6.0663346802963054E-004
  0.419354826      0.774193525       7.5485685674318436E-004
  0.451612890      0.774193525       9.4306808122149647E-004
  0.483870953      0.774193525       1.1837855737250348E-003
  0.516129017      0.774193525       1.5002473785659376E-003
  0.548387110      0.774193525       1.9198468295541717E-003
  0.580645144      0.774193525       2.4990348658158901E-003
  0.612903237      0.774193525       3.3186883816814267E-003
  0.645161271      0.774193525       4.5250419435420158E-003
  0.677419364      0.774193525       6.2825192252648687E-003
  0.709677398      0.774193525       8.6377528214682028E-003
  0.741935492      0.774193525       1.1173720755049344E-002
  0.774193525      0.774193525       1.4568192870255356E-002
  0.806451619      0.774193525       1.6479067130210256E-002
  0.838709652      0.774193525       1.2572948997676043E-002
  0.870967746      0.774193525       6.5545936258263474E-003
  0.903225780      0.774193525       3.2599834697970989E-003
  0.935483873      0.774193525       1.5014834582265711E-003
  0.967741907      0.774193525       7.5729740902123657E-004
   1.00000000      0.774193525       4.2673163769859658E-004
   0.00000000      0.806451619       2.5247683782057374E-005
   3.22580636E-02  0.806451619       3.3050065229168472E-005
   6.45161271E-02  0.806451619       4.5224978609694202E-005
   9.67741907E-02  0.806451619       6.1485379062596672E-005
  0.129032254      0.806451619       8.1629486392447546E-005
  0.161290318      0.806451619       1.0644976520341972E-004
  0.193548381      0.806451619       1.3695627213630135E-004
  0.225806445      0.806451619       1.7429375755984388E-004
  0.258064508      0.806451619       2.2006870187006906E-004
  0.290322572      0.806451619       2.7604603248093407E-004
  0.322580636      0.806451619       3.4492027791712781E-004
  0.354838699      0.806451619       4.2962271729311808E-004
  0.387096763      0.806451619       5.3489821734900242E-004
  0.419354826      0.806451619       6.6616500614550915E-004
  0.451612890      0.806451619       8.3289504042281923E-004
  0.483870953      0.806451619       1.0457435559646164E-003
  0.516129017      0.806451619       1.3260886705233987E-003
  0.548387110      0.806451619       1.6976839929413680E-003
  0.580645144      0.806451619       2.2141810453494893E-003
  0.612903237      0.806451619       2.9444357062277300E-003
  0.645161271      0.806451619       4.0499705317672222E-003
  0.677419364      0.806451619       5.7025632535989681E-003
  0.709677398      0.806451619       8.0945241897322166E-003
  0.741935492      0.806451619       1.0947900472253727E-002
  0.774193525      0.806451619       1.6479067130210176E-002
  0.806451619      0.806451619       1.9985369508152977E-002
  0.838709652      0.806451619       1.5441775958167413E-002
  0.870967746      0.806451619       7.2011778315030387E-003
  0.903225780      0.806451619       2.7888024078195949E-003
  0.935483873      0.806451619       1.1907577632354399E-003
  0.967741907      0.806451619       5.3531351999630821E-004
   1.00000000      0.806451619       2.6698271472467341E-004
   0.00000000      0.838709652       1.7604408821313177E-005
   3.22580636E-02  0.838709652       2.4556490705303925E-005
   6.45161271E-02  0.838709652       3.5566602775222373E-005
   9.67741907E-02  0.838709652       4.9392875992187307E-005
  0.129032254      0.838709652       6.6928693468187801E-005
  0.161290318      0.838709652       8.8669442839385944E-005
  0.193548381      0.838709652       1.1550468341725367E-004
  0.225806445      0.838709652       1.4844749604301505E-004
  0.258064508      0.838709652       1.8880871585177193E-004
  0.290322572      0.838709652       2.3815640663615205E-004
  0.322580636      0.838709652       2.9862344385853215E-004
  0.354838699      0.838709652       3.7270116859867736E-004
  0.387096763      0.838709652       4.6448813840122824E-004
  0.419354826      0.838709652       5.7765273419400616E-004
  0.451612890      0.838709652       7.2128530830654761E-004
  0.483870953      0.838709652       9.0114907516244524E-004
  0.516129017      0.838709652       1.1379399156718133E-003
  0.548387110      0.838709652       1.4459880837100827E-003
  0.580645144      0.838709652       1.8672724395408960E-003
  0.612903237      0.838709652       2.4522555221095140E-003
  0.645161271      0.838709652       3.3104783605712226E-003
  0.677419364      0.838709652       4.5932111498239872E-003
  0.709677398      0.838709652       6.4387836978025744E-003
  0.741935492      0.838709652       8.6072324168856625E-003
  0.774193525      0.838709652       1.2572948997676064E-002
  0.806451619      0.838709652       1.5441775958167384E-002
  0.838709652      0.838709652       1.2025844038848968E-002
  0.870967746      0.838709652       5.3990157282594146E-003
  0.903225780      0.838709652       1.7790245838075838E-003
  0.935483873      0.838709652       6.9893130437936651E-004
  0.967741907      0.838709652       3.0435890858868960E-004
   1.00000000      0.838709652       1.3352619885765435E-004
   0.00000000      0.870967746       1.1588276977760573E-005
   3.22580636E-02  0.870967746       1.7460234137633214E-005
   6.45161271E-02  0.870967746       2.6702675621451969E-005
   9.67741907E-02  0.870967746       3.8374381522306683E-005
  0.129032254      0.870967746       5.3404169962624513E-005
  0.161290318      0.870967746       7.2002257463998586E-005
  0.193548381      0.870967746       9.5317380615788191E-005
  0.225806445      0.870967746       1.2399409807572988E-004
  0.258064508      0.870967746       1.5927882194264315E-004
  0.290322572      0.870967746       2.0229476138524451E-004
  0.322580636      0.870967746       2.5513335743658711E-004
  0.354838699      0.870967746       3.1918969703840144E-004
  0.387096763      0.870967746       3.9831184004363035E-004
  0.419354826      0.870967746       4.9422935262969357E-004
  0.451612890      0.870967746       6.1500138636345545E-004
  0.483870953      0.870967746       7.6219559961863471E-004
  0.516129017      0.870967746       9.5389980937501874E-004
  0.548387110      0.870967746       1.1934424693693880E-003
  0.580645144      0.870967746       1.5131941051171516E-003
  0.612903237      0.870967746       1.9329276917233261E-003
  0.645161271      0.870967746       2.5099329714689078E-003
  0.677419364      0.870967746       3.3079010385606181E-003
  0.709677398      0.870967746       4.3707451341205425E-003
  0.741935492      0.870967746       5.5398691357910444E-003
  0.774193525      0.870967746       6.5545936258263578E-003
  0.806451619      0.870967746       7.2011778315029572E-003
  0.838709652      0.870967746       5.3990157282594337E-003
  0.870967746      0.870967746       2.1006826259525649E-003
  0.903225780      0.870967746       6.8892977585851883E-004
  0.935483873      0.870967746       2.6347767667468338E-004
  0.967741907      0.870967746       1.2242537665595860E-004
   1.00000000      0.870967746       4.9188657377195841E-005
   0.00000000      0.903225780       6.5608765521170005E-006
   3.22580636E-02  0.903225780       1.2233226526516225E-005
   6.45161271E-02  0.903225780       1.8525232564805341E-005
   9.67741907E-02  0.903225780       2.8297734516751248E-005
  0.129032254      0.903225780       4.0645700722539273E-005
  0.161290318      0.903225780       5.6652156513935912E-005
  0.193548381      0.903225780       7.6591556154169022E-005
  0.225806445      0.903225780       1.0137916484912534E-004
  0.258064508      0.903225780       1.3196181383439413E-004
  0.290322572      0.903225780       1.6950948249184238E-004
  0.322580636      0.903225780       2.1528050690987509E-004
  0.354838699      0.903225780       2.7101195072476653E-004
  0.387096763      0.903225780       3.3853308415391579E-004
  0.419354826      0.903225780       4.2038812234182997E-004
  0.451612890      0.903225780       5.1960988208038874E-004
  0.483870953      0.903225780       6.4016831043343361E-004
  0.516129017      0.903225780       7.8784691832128873E-004
  0.548387110      0.903225780       9.6945095285608490E-004
  0.580645144      0.903225780       1.1935435238338784E-003
  0.612903237      0.903225780       1.4722271636856961E-003
  0.645161271      0.903225780       1.8119487240635061E-003
  0.677419364      0.903225780       2.2204975388674048E-003
  0.709677398      0.903225780       2.6761176427997579E-003
  0.741935492      0.903225780       3.1080373878633479E-003
  0.774193525      0.903225780       3.2599834697971124E-003
  0.806451619      0.903225780       2.7888024078195953E-003
  0.838709652      0.903225780       1.7790245838075975E-003
  0.870967746      0.903225780       6.8892977585852631E-004
  0.903225780      0.903225780       1.2763999015882118E-004
  0.935483873      0.903225780       5.8274138152250936E-005
  0.967741907      0.903225780       2.9883034922793598E-005
   1.00000000      0.903225780       1.4832185794196647E-005
   0.00000000      0.935483873       3.2302812381374685E-006
   3.22580636E-02  0.935483873       6.2426051981407317E-006
   6.45161271E-02  0.935483873       1.2180001399689882E-005
   9.67741907E-02  0.935483873       1.9947967319392647E-005
  0.129032254      0.935483873       2.9955673198487966E-005
  0.161290318      0.935483873       4.2903393357930327E-005
  0.193548381      0.935483873       5.9768651683778252E-005
  0.225806445      0.935483873       8.1000889364469714E-005
  0.258064508      0.935483873       1.0752395983619267E-004
  0.290322572      0.935483873       1.4031676184355550E-004
  0.322580636      0.935483873       1.8052653304781685E-004
  0.354838699      0.935483873       2.2932166289593643E-004
  0.387096763      0.935483873       2.8815447346372211E-004
  0.419354826      0.935483873       3.5847114957594925E-004
  0.451612890      0.935483873       4.4192761826557166E-004
  0.483870953      0.935483873       5.4031122527496158E-004
  0.516129017      0.935483873       6.5521487049048329E-004
  0.548387110      0.935483873       7.8875082531165870E-004
  0.580645144      0.935483873       9.4103861091566349E-004
  0.612903237      0.935483873       1.1111793814905632E-003
  0.645161271      0.935483873       1.2921562416387503E-003
  0.677419364      0.935483873       1.4661353912435253E-003
  0.709677398      0.935483873       1.5996439867901674E-003
  0.741935492      0.935483873       1.6301661426702668E-003
  0.774193525      0.935483873       1.5014834582265789E-003
  0.806451619      0.935483873       1.1907577632354464E-003
  0.838709652      0.935483873       6.9893130437937844E-004
  0.870967746      0.935483873       2.6347767667468598E-004
  0.903225780      0.935483873       5.8274138152253660E-005
  0.935483873      0.935483873       1.8849832869989659E-005
  0.967741907      0.935483873       1.1065541122229981E-005
   1.00000000      0.935483873       8.0311577945176696E-006
   0.00000000      0.967741907       8.6983075663101391E-007
   3.22580636E-02  0.967741907       3.8560849612615928E-006
   6.45161271E-02  0.967741907       7.7373575978990705E-006
   9.67741907E-02  0.967741907       1.2530820583475200E-005
  0.129032254      0.967741907       2.0520609101570515E-005
  0.161290318      0.967741907       3.1153027313300078E-005
  0.193548381      0.967741907       4.5457125301600444E-005
  0.225806445      0.967741907       6.3821411528571079E-005
  0.258064508      0.967741907       8.7158777462531984E-005
  0.290322572      0.967741907       1.1641560122398145E-004
  0.322580636      0.967741907       1.5258845878761182E-004
  0.354838699      0.967741907       1.9665886489446272E-004
  0.387096763      0.967741907       2.4967027108448154E-004
  0.419354826      0.967741907       3.1246180939780089E-004
  0.451612890      0.967741907       3.8571169073035562E-004
  0.483870953      0.967741907       4.6940256739601695E-004
  0.516129017      0.967741907       5.6286407795567940E-004
  0.548387110      0.967741907       6.6367099984814709E-004
  0.580645144      0.967741907       7.6764108987981367E-004
  0.612903237      0.967741907       8.6678596449391617E-004
  0.645161271      0.967741907       9.4950393088843988E-004
  0.677419364      0.967741907       9.9816271950806264E-004
  0.709677398      0.967741907       9.9141412761800723E-004
  0.741935492      0.967741907       9.1274826091551577E-004
  0.774193525      0.967741907       7.5729740902124730E-004
  0.806451619      0.967741907       5.3531351999630040E-004
  0.838709652      0.967741907       3.0435890858868586E-004
  0.870967746      0.967741907       1.2242537665596036E-004
  0.903225780      0.967741907       2.9883034922792778E-005
  0.935483873      0.967741907       1.1065541122236426E-005
  0.967741907      0.967741907       8.2979201461307766E-006
   1.00000000      0.967741907       7.2589590930512642E-006
   0.00000000       1.00000000       5.0253324644598218E-007
   3.22580636E-02   1.00000000       1.4487664824758135E-006
   6.45161271E-02   1.00000000       3.4126549478311224E-006
   9.67741907E-02   1.00000000       7.7414274599250234E-006
  0.129032254       1.00000000       1.3439742145302667E-005
  0.161290318       1.00000000       2.3051433597502799E-005
  0.193548381       1.00000000       3.5784075468127605E-005
  0.225806445       1.00000000       5.2438879563299380E-005
  0.258064508       1.00000000       7.4101309553581079E-005
  0.290322572       1.00000000       1.0153367940711129E-004
  0.322580636       1.00000000       1.3574407743936482E-004
  0.354838699       1.00000000       1.7755580737289893E-004
  0.387096763       1.00000000       2.2783414036855773E-004
  0.419354826       1.00000000       2.8715304046324339E-004
  0.451612890       1.00000000       3.5560602311268653E-004
  0.483870953       1.00000000       4.3241743506514785E-004
  0.516129017       1.00000000       5.1537360078618140E-004
  0.548387110       1.00000000       6.0011709710167333E-004
  0.580645144       1.00000000       6.7937923242932831E-004
  0.612903237       1.00000000       7.4239850354772621E-004
  0.645161271       1.00000000       7.7558173708108140E-004
  0.677419364       1.00000000       7.6430117009830100E-004
  0.709677398       1.00000000       6.9969442859359567E-004
  0.741935492       1.00000000       5.8175305803577872E-004
  0.774193525       1.00000000       4.2673163769860022E-004
  0.806451619       1.00000000       2.6698271472467763E-004
  0.838709652       1.00000000       1.3352619885765858E-004
  0.870967746       1.00000000       4.9188657377195970E-005
  0.903225780       1.00000000       1.4832185794188866E-005
  0.935483873       1.00000000       8.0311577945157722E-006
  0.967741907       1.00000000       7.2589590930395743E-006
   1.00000000       1.00000000       7.2553847521342621E-006
