 # X Y F 
   0.00000000       0.00000000       2.5013075524364794E-006
   3.22580636E-02   0.00000000       2.8072133009559668E-006
   6.45161271E-02   0.00000000       4.0021687776520740E-006
   9.67741907E-02   0.00000000       1.8346256415171461E-005
  0.129032254       0.00000000       6.6519518542610724E-005
  0.161290318       0.00000000       1.5499623144719297E-004
  0.193548381       0.00000000       2.7724436247642692E-004
  0.225806445       0.00000000       4.0763563991389639E-004
  0.258064508       0.00000000       5.1316104841467140E-004
  0.290322572       0.00000000       5.6800079270037966E-004
  0.322580636       0.00000000       5.6732902924584608E-004
  0.354838699       0.00000000       5.2332317989770699E-004
  0.387096763       0.00000000       4.5414829259365826E-004
  0.419354826       0.00000000       3.7671483816624051E-004
  0.451612890       0.00000000       3.0241091108749530E-004
  0.483870953       0.00000000       2.3701278679374258E-004
  0.516129017       0.00000000       1.8245185205799692E-004
  0.548387110       0.00000000       1.3845170478876201E-004
  0.580645144       0.00000000       1.0376745176849876E-004
  0.612903237       0.00000000       7.6854915386532355E-005
  0.645161271       0.00000000       5.6218908142565491E-005
  0.677419364       0.00000000       4.0549696535795608E-005
  0.709677398       0.00000000       2.8759302221633587E-005
  0.741935492       0.00000000       1.9981356738999026E-005
  0.774193525       0.00000000       1.3537797648435032E-005
  0.806451619       0.00000000       8.8055106620915818E-006
  0.838709652       0.00000000       5.7116354998029514E-006
  0.870967746       0.00000000       3.1938412085347245E-006
  0.903225780       0.00000000       1.7270214135172591E-006
  0.935483873       0.00000000      -3.6328338963409790E-008
  0.967741907       0.00000000       4.0744624850882699E-007
   1.00000000       0.00000000       1.4095589719407352E-007
   0.00000000       3.22580636E-02   2.8071925952329624E-006
   3.22580636E-02   3.22580636E-02   3.0389943098979706E-006
   6.45161271E-02   3.22580636E-02   1.2103448203149854E-005
   9.67741907E-02   3.22580636E-02   5.8528539781691146E-005
  0.129032254       3.22580636E-02   2.0543953364827251E-004
  0.161290318       3.22580636E-02   4.3436825263871976E-004
  0.193548381       3.22580636E-02   6.8214083116560848E-004
  0.225806445       3.22580636E-02   8.6896534519099609E-004
  0.258064508       3.22580636E-02   9.4378105938293388E-004
  0.290322572       3.22580636E-02   9.1462940748620659E-004
  0.322580636       3.22580636E-02   8.1725414984120586E-004
  0.354838699       3.22580636E-02   6.8874459298280124E-004
  0.387096763       3.22580636E-02   5.5773763985621368E-004
  0.419354826       3.22580636E-02   4.3969205024091114E-004
  0.451612890       3.22580636E-02   3.4067083891190398E-004
  0.483870953       3.22580636E-02   2.6101623744192060E-004
  0.516129017       3.22580636E-02   1.9834695147109992E-004
  0.548387110       3.22580636E-02   1.4969639768410355E-004
  0.580645144       3.22580636E-02   1.1223155425276150E-004
  0.612903237       3.22580636E-02   8.3548875916747276E-005
  0.645161271       3.22580636E-02   6.1695681829020298E-005
  0.677419364       3.22580636E-02   4.5125075092739582E-005
  0.709677398       3.22580636E-02   3.2619567402763277E-005
  0.741935492       3.22580636E-02   2.3250892465898210E-005
  0.774193525       3.22580636E-02   1.6269519096875212E-005
  0.806451619       3.22580636E-02   1.1157167224604173E-005
  0.838709652       3.22580636E-02   7.5527386418818015E-006
  0.870967746       3.22580636E-02   4.8109332762765969E-006
  0.903225780       3.22580636E-02   2.6307452049740745E-006
  0.935483873       3.22580636E-02   1.7930841127785774E-006
  0.967741907       3.22580636E-02   6.2149803037026791E-007
   1.00000000       3.22580636E-02  -4.3296838131803239E-007
   0.00000000       6.45161271E-02   4.0022287854422208E-006
   3.22580636E-02   6.45161271E-02   1.2103431103594716E-005
   6.45161271E-02   6.45161271E-02   2.0871164674401601E-005
   9.67741907E-02   6.45161271E-02   1.3245061348500183E-004
  0.129032254       6.45161271E-02   6.0570499362629245E-004
  0.161290318       6.45161271E-02   1.2635459731961882E-003
  0.193548381       6.45161271E-02   1.8449245916261560E-003
  0.225806445       6.45161271E-02   2.1080517786841143E-003
  0.258064508       6.45161271E-02   2.0017687512852212E-003
  0.290322572       6.45161271E-02   1.6915295011131419E-003
  0.322580636       6.45161271E-02   1.3336535349458920E-003
  0.354838699       6.45161271E-02   1.0161981579599789E-003
  0.387096763       6.45161271E-02   7.5910156236672598E-004
  0.419354826       6.45161271E-02   5.6153735322924325E-004
  0.451612890       6.45161271E-02   4.1470923170412732E-004
  0.483870953       6.45161271E-02   3.0716283344875916E-004
  0.516129017       6.45161271E-02   2.2847618286487732E-004
  0.548387110       6.45161271E-02   1.7048676610366290E-004
  0.580645144       6.45161271E-02   1.2738287960289773E-004
  0.612903237       6.45161271E-02   9.5113260245924605E-005
  0.645161271       6.45161271E-02   7.0824199203579967E-005
  0.677419364       6.45161271E-02   5.2489059741822991E-005
  0.709677398       6.45161271E-02   3.8629980407635290E-005
  0.741935492       6.45161271E-02   2.8173754116171045E-005
  0.774193525       6.45161271E-02   2.0290808609912861E-005
  0.806451619       6.45161271E-02   1.4389914995070138E-005
  0.838709652       6.45161271E-02   9.9297059111000235E-006
  0.870967746       6.45161271E-02   6.6965887597301525E-006
  0.903225780       6.45161271E-02   4.7575955917888864E-006
  0.935483873       6.45161271E-02   2.0436876049875201E-006
  0.967741907       6.45161271E-02   1.0016876309663844E-006
   1.00000000       6.45161271E-02   9.4414803888290519E-007
   0.00000000       9.67741907E-02   1.8346456016713848E-005
   3.22580636E-02   9.67741907E-02   5.8528562608650286E-005
   6.45161271E-02   9.67741907E-02   1.3245068368324315E-004
   9.67741907E-02   9.67741907E-02   3.1053489468957661E-004
  0.129032254       9.67741907E-02   1.7022122424933020E-003
  0.161290318       9.67741907E-02   3.8732812870099255E-003
  0.193548381       9.67741907E-02   5.3301350464075225E-003
  0.225806445       9.67741907E-02   5.3800772737948406E-003
  0.258064508       9.67741907E-02   4.3989018974274546E-003
  0.290322572       9.67741907E-02   3.2062428490945150E-003
  0.322580636       9.67741907E-02   2.2232271211365538E-003
  0.354838699       9.67741907E-02   1.5239689700608865E-003
  0.387096763       9.67741907E-02   1.0550840479801847E-003
  0.419354826       9.67741907E-02   7.3583328472856633E-004
  0.451612890       9.67741907E-02   5.1906244145978272E-004
  0.483870953       9.67741907E-02   3.7152695739058175E-004
  0.516129017       9.67741907E-02   2.6986301305145360E-004
  0.548387110       9.67741907E-02   1.9841046527796320E-004
  0.580645144       9.67741907E-02   1.4715945020276301E-004
  0.612903237       9.67741907E-02   1.0972913883285436E-004
  0.645161271       9.67741907E-02   8.2003946907454865E-005
  0.677419364       9.67741907E-02   6.1254224661056963E-005
  0.709677398       9.67741907E-02   4.5608645143373180E-005
  0.741935492       9.67741907E-02   3.3769380358799166E-005
  0.774193525       9.67741907E-02   2.4774779238215244E-005
  0.806451619       9.67741907E-02   1.7960399673120162E-005
  0.838709652       9.67741907E-02   1.2853061672662662E-005
  0.870967746       9.67741907E-02   8.8817413943323402E-006
  0.903225780       9.67741907E-02   5.8614873445696825E-006
  0.935483873       9.67741907E-02   3.8097253482748996E-006
  0.967741907       9.67741907E-02   2.2723308993920617E-006
   1.00000000       9.67741907E-02   1.2983863673178084E-006
   0.00000000      0.129032254       6.6519721718541122E-005
   3.22580636E-02  0.129032254       2.0543964012920753E-004
   6.45161271E-02  0.129032254       6.0570521477038854E-004
   9.67741907E-02  0.129032254       1.7022123574360912E-003
  0.129032254      0.129032254       4.7255802972360223E-003
  0.161290318      0.129032254       1.1604491253357482E-002
  0.193548381      0.129032254       1.4559156840693702E-002
  0.225806445      0.129032254       1.3227170627854227E-002
  0.258064508      0.129032254       9.3330621859976232E-003
  0.290322572      0.129032254       5.8366544303595632E-003
  0.322580636      0.129032254       3.5768262330176069E-003
  0.354838699      0.129032254       2.2094974255153486E-003
  0.387096763      0.129032254       1.4315287608861898E-003
  0.419354826      0.129032254       9.4788580508506088E-004
  0.451612890      0.129032254       6.4423071195245953E-004
  0.483870953      0.129032254       4.4762046379656910E-004
  0.516129017      0.129032254       3.1842442085791502E-004
  0.548387110      0.129032254       2.3075729650769963E-004
  0.580645144      0.129032254       1.6972083624710883E-004
  0.612903237      0.129032254       1.2607787206405535E-004
  0.645161271      0.129032254       9.4269597393538990E-005
  0.677419364      0.129032254       7.0693842485552237E-005
  0.709677398      0.129032254       5.3024042888615510E-005
  0.741935492      0.129032254       3.9664630841830669E-005
  0.774193525      0.129032254       2.9503819103864334E-005
  0.806451619      0.129032254       2.1761242039104278E-005
  0.838709652      0.129032254       1.5825703661656847E-005
  0.870967746      0.129032254       1.1345462328113690E-005
  0.903225780      0.129032254       8.0802576843744137E-006
  0.935483873      0.129032254       5.6229311066761398E-006
  0.967741907      0.129032254       3.5156122421768008E-006
   1.00000000      0.129032254       2.5961892710511366E-006
   0.00000000      0.161290318       1.5499654566434988E-004
   3.22580636E-02  0.161290318       4.3436850331361070E-004
   6.45161271E-02  0.161290318       1.2635463310302264E-003
   9.67741907E-02  0.161290318       3.8732815735087424E-003
  0.129032254      0.161290318       1.1604491201783142E-002
  0.161290318      0.161290318       2.5781566306506569E-002
  0.193548381      0.161290318       3.2090438314260783E-002
  0.225806445      0.161290318       2.6487536342927290E-002
  0.258064508      0.161290318       1.6766626626139480E-002
  0.290322572      0.161290318       9.3689138366582127E-003
  0.322580636      0.161290318       5.1909075482716258E-003
  0.354838699      0.161290318       2.9837929643551282E-003
  0.387096763      0.161290318       1.8292750035365161E-003
  0.419354826      0.161290318       1.1706397172622253E-003
  0.451612890      0.161290318       7.7363839796925032E-004
  0.483870953      0.161290318       5.2661563289870005E-004
  0.516129017      0.161290318       3.6884293674349324E-004
  0.548387110      0.161290318       2.6446489932771571E-004
  0.580645144      0.161290318       1.9316753295410538E-004
  0.612903237      0.161290318       1.4299607447654182E-004
  0.645161271      0.161290318       1.0685375317579222E-004
  0.677419364      0.161290318       8.0305476703877189E-005
  0.709677398      0.161290318       6.0513362271804570E-005
  0.741935492      0.161290318       4.5593006394362452E-005
  0.774193525      0.161290318       3.4242921801639070E-005
  0.806451619      0.161290318       2.5580197235255440E-005
  0.838709652      0.161290318       1.8940177707714624E-005
  0.870967746      0.161290318       1.3855105346921972E-005
  0.903225780      0.161290318       9.8506399750672324E-006
  0.935483873      0.161290318       6.9853237862887522E-006
  0.967741907      0.161290318       4.8694557379669512E-006
   1.00000000      0.161290318       2.7329405516832027E-006
   0.00000000      0.193548381       2.7724474303189350E-004
   3.22580636E-02  0.193548381       6.8214113633001503E-004
   6.45161271E-02  0.193548381       1.8449250118696152E-003
   9.67741907E-02  0.193548381       5.3301354701031341E-003
  0.129032254      0.193548381       1.4559157036168214E-002
  0.161290318      0.193548381       3.2090438358919712E-002
  0.193548381      0.193548381       4.1976281567511493E-002
  0.225806445      0.193548381       3.5532804464241431E-002
  0.258064508      0.193548381       2.2235481869748872E-002
  0.290322572      0.193548381       1.2063754592796039E-002
  0.322580636      0.193548381       6.4533869735460703E-003
  0.354838699      0.193548381       3.6136445518144453E-003
  0.387096763      0.193548381       2.1573286614325385E-003
  0.419354826      0.193548381       1.3610548921207534E-003
  0.451612890      0.193548381       8.8636316885573108E-004
  0.483870953      0.193548381       5.9758322237481328E-004
  0.516129017      0.193548381       4.1518721672046874E-004
  0.548387110      0.193548381       2.9614434671249002E-004
  0.580645144      0.193548381       2.1552916235820517E-004
  0.612903237      0.193548381       1.5929947558274556E-004
  0.645161271      0.193548381       1.1903885511369132E-004
  0.677419364      0.193548381       8.9626986509953004E-005
  0.709677398      0.193548381       6.7777878667686365E-005
  0.741935492      0.193548381       5.1341851800722535E-005
  0.774193525      0.193548381       3.8858016176850739E-005
  0.806451619      0.193548381       2.9312877558146756E-005
  0.838709652      0.193548381       2.1972575075707864E-005
  0.870967746      0.193548381       1.6314138060130768E-005
  0.903225780      0.193548381       1.1941443356255711E-005
  0.935483873      0.193548381       8.5550095707824840E-006
  0.967741907      0.193548381       5.7714750620541856E-006
   1.00000000      0.193548381       4.3371942685131788E-006
   0.00000000      0.225806445       4.0763617056100164E-004
   3.22580636E-02  0.225806445       8.6896584724808676E-004
   6.45161271E-02  0.225806445       2.1080523617402428E-003
   9.67741907E-02  0.225806445       5.3800777972356157E-003
  0.129032254      0.225806445       1.3227171194783753E-002
  0.161290318      0.225806445       2.6487536678048051E-002
  0.193548381      0.225806445       3.5532804692459417E-002
  0.225806445      0.225806445       3.1697635027157334E-002
  0.258064508      0.225806445       2.1070976264879679E-002
  0.290322572      0.225806445       1.2093582696865019E-002
  0.322580636      0.225806445       6.7390170408985527E-003
  0.354838699      0.225806445       3.8496979862852106E-003
  0.387096763      0.225806445       2.3317792688066826E-003
  0.419354826      0.225806445       1.4732575965432926E-003
  0.451612890      0.225806445       9.6306121736223702E-004
  0.483870953      0.225806445       6.4950492388821156E-004
  0.516129017      0.225806445       4.5188570522394246E-004
  0.548387110      0.225806445       3.2243377878058907E-004
  0.580645144      0.225806445       2.3490573170395607E-004
  0.612903237      0.225806445       1.7379678707887808E-004
  0.645161271      0.225806445       1.3010988966508864E-004
  0.677419364      0.225806445       9.8199645830118239E-005
  0.709677398      0.225806445       7.4521401062946647E-005
  0.741935492      0.225806445       5.6715945582721127E-005
  0.774193525      0.225806445       4.3193719059836371E-005
  0.806451619      0.225806445       3.2848112882008402E-005
  0.838709652      0.225806445       2.4890895655749874E-005
  0.870967746      0.225806445       1.8729864278473127E-005
  0.903225780      0.225806445       1.3974026235728996E-005
  0.935483873      0.225806445       1.0386820441960331E-005
  0.967741907      0.225806445       7.6958617920541379E-006
   1.00000000      0.225806445       6.2858516132981979E-006
   0.00000000      0.258064508       5.1316156623632957E-004
   3.22580636E-02  0.258064508       9.4378156084661490E-004
   6.45161271E-02  0.258064508       2.0017693238665963E-003
   9.67741907E-02  0.258064508       4.3989024703912161E-003
  0.129032254      0.258064508       9.3330627044953783E-003
  0.161290318      0.258064508       1.6766627082132755E-002
  0.193548381      0.258064508       2.2235482157550703E-002
  0.225806445      0.258064508       2.1070976378225172E-002
  0.258064508      0.258064508       1.5504028418224675E-002
  0.290322572      0.258064508       9.8858054038795575E-003
  0.322580636      0.258064508       6.0087668303336859E-003
  0.354838699      0.258064508       3.6507874497650732E-003
  0.387096763      0.258064508       2.3028885170325911E-003
  0.419354826      0.258064508       1.4875194832450628E-003
  0.451612890      0.258064508       9.8928391179828844E-004
  0.483870953      0.258064508       6.7551167429583743E-004
  0.516129017      0.258064508       4.7431514988062793E-004
  0.548387110      0.258064508       3.4080534248189876E-004
  0.580645144      0.258064508       2.4961226263625321E-004
  0.612903237      0.258064508       1.8550105571961525E-004
  0.645161271      0.258064508       1.3941334671091295E-004
  0.677419364      0.258064508       1.0562069338524612E-004
  0.709677398      0.258064508       8.0473222426022235E-005
  0.741935492      0.258064508       6.1520139871738710E-005
  0.774193525      0.258064508       4.7107180773493778E-005
  0.806451619      0.258064508       3.6063563322126539E-005
  0.838709652      0.258064508       2.7557404812138245E-005
  0.870967746      0.258064508       2.0989633687270082E-005
  0.903225780      0.258064508       1.5932376811400929E-005
  0.935483873      0.258064508       1.2005258271541168E-005
  0.967741907      0.258064508       9.1394563930564412E-006
   1.00000000      0.258064508       7.4891279121100377E-006
   0.00000000      0.290322572       5.6800140701887742E-004
   3.22580636E-02  0.290322572       9.1463013507280932E-004
   6.45161271E-02  0.290322572       1.6915302634554251E-003
   9.67741907E-02  0.290322572       3.2062435721443446E-003
  0.129032254      0.290322572       5.8366551315964018E-003
  0.161290318      0.290322572       9.3689144302363039E-003
  0.193548381      0.290322572       1.2063755082966889E-002
  0.225806445      0.290322572       1.2093583028960761E-002
  0.258064508      0.290322572       9.8858055804658014E-003
  0.290322572      0.290322572       7.0978823204291761E-003
  0.322580636      0.290322572       4.7758698264036559E-003
  0.354838699      0.290322572       3.1545083065386403E-003
  0.387096763      0.290322572       2.0973617699418189E-003
  0.419354826      0.290322572       1.4095899891030203E-003
  0.451612890      0.290322572       9.6366442437311850E-004
  0.483870953      0.290322572       6.7312056532467578E-004
  0.516129017      0.290322572       4.8042724382235479E-004
  0.548387110      0.290322572       3.4964094739892653E-004
  0.580645144      0.290322572       2.5855919674850806E-004
  0.612903237      0.290322572       1.9364110835753701E-004
  0.645161271      0.290322572       1.4643872176304263E-004
  0.677419364      0.290322572       1.1154127734918357E-004
  0.709677398      0.290322572       8.5392835648773796E-005
  0.741935492      0.290322572       6.5594930001100499E-005
  0.774193525      0.290322572       5.0479849283448251E-005
  0.806451619      0.290322572       3.8875695115956761E-005
  0.838709652      0.290322572       2.9930625407009651E-005
  0.870967746      0.290322572       2.3023335077768517E-005
  0.903225780      0.290322572       1.7694757128686318E-005
  0.935483873      0.290322572       1.3628198757417938E-005
  0.967741907      0.290322572       1.0625192234168006E-005
   1.00000000      0.290322572       8.8868462081259700E-006
   0.00000000      0.322580636       5.6732936136124886E-004
   3.22580636E-02  0.322580636       8.1725472754625393E-004
   6.45161271E-02  0.322580636       1.3336541452949320E-003
   9.67741907E-02  0.322580636       2.2232278417322355E-003
  0.129032254      0.322580636       3.5768267917875938E-003
  0.161290318      0.322580636       5.1909081775004026E-003
  0.193548381      0.322580636       6.4533873887388810E-003
  0.225806445      0.322580636       6.7390174052808869E-003
  0.258064508      0.322580636       6.0087670026122038E-003
  0.290322572      0.322580636       4.7758699142039117E-003
  0.322580636      0.322580636       3.5446746307916748E-003
  0.354838699      0.322580636       2.5418185873313723E-003
  0.387096763      0.322580636       1.7941011046491999E-003
  0.419354826      0.322580636       1.2636344301908300E-003
  0.451612890      0.322580636       8.9658333519689916E-004
  0.483870953      0.322580636       6.4470591965827247E-004
  0.516129017      0.322580636       4.7073029345433862E-004
  0.548387110      0.322580636       3.4858185820706839E-004
  0.580645144      0.322580636       2.6130671248583514E-004
  0.612903237      0.322580636       1.9780326146056506E-004
  0.645161271      0.322580636       1.5087492019370068E-004
  0.677419364      0.322580636       1.1572747058956147E-004
  0.709677398      0.322580636       8.9122283495749870E-005
  0.741935492      0.322580636       6.8815542585790870E-005
  0.774193525      0.322580636       5.3224690317945131E-005
  0.806451619      0.322580636       4.1207156337458638E-005
  0.838709652      0.322580636       3.1924098183750424E-005
  0.870967746      0.322580636       2.4754488734236760E-005
  0.903225780      0.322580636       1.9232159222416754E-005
  0.935483873      0.322580636       1.5055788583528368E-005
  0.967741907      0.322580636       1.2091837490654478E-005
   1.00000000      0.322580636       1.0502874971238675E-005
   0.00000000      0.354838699       5.2332335967858771E-004
   3.22580636E-02  0.354838699       6.8874525532149056E-004
   6.45161271E-02  0.354838699       1.0161987865759531E-003
   9.67741907E-02  0.354838699       1.5239698874930290E-003
  0.129032254      0.354838699       2.2094980935039761E-003
  0.161290318      0.354838699       2.9837937735414442E-003
  0.193548381      0.354838699       3.6136451000279520E-003
  0.225806445      0.354838699       3.8496985864960257E-003
  0.258064508      0.354838699       3.6507877580466389E-003
  0.290322572      0.354838699       3.1545086122822027E-003
  0.322580636      0.354838699       2.5418186747735889E-003
  0.354838699      0.354838699       1.9556555887718344E-003
  0.387096763      0.354838699       1.4654318300597767E-003
  0.419354826      0.354838699       1.0849173417255200E-003
  0.451612890      0.354838699       8.0251107764862473E-004
  0.483870953      0.354838699       5.9684190074547384E-004
  0.516129017      0.354838699       4.4753375256233999E-004
  0.548387110      0.354838699       3.3850848110538470E-004
  0.580645144      0.354838699       2.5802122671524872E-004
  0.612903237      0.354838699       1.9794882536707645E-004
  0.645161271      0.354838699       1.5260585992501346E-004
  0.677419364      0.354838699       1.1806888021093007E-004
  0.709677398      0.354838699       9.1561078558193885E-005
  0.741935492      0.354838699       7.1110573400708983E-005
  0.774193525      0.354838699       5.5276113063517056E-005
  0.806451619      0.354838699       4.3002691627777482E-005
  0.838709652      0.354838699       3.3491481762040304E-005
  0.870967746      0.354838699       2.6143915149359705E-005
  0.903225780      0.354838699       2.0507096234740482E-005
  0.935483873      0.354838699       1.6278569051340675E-005
  0.967741907      0.354838699       1.3268144055508398E-005
   1.00000000      0.354838699       1.1636219275793969E-005
   0.00000000      0.387096763       4.5414747997430614E-004
   3.22580636E-02  0.387096763       5.5773765379054849E-004
   6.45161271E-02  0.387096763       7.5910150629244935E-004
   9.67741907E-02  0.387096763       1.0550846059469597E-003
  0.129032254      0.387096763       1.4315290313825454E-003
  0.161290318      0.387096763       1.8292756332614509E-003
  0.193548381      0.387096763       2.1573289678413960E-003
  0.225806445      0.387096763       2.3317797412498995E-003
  0.258064508      0.387096763       2.3028887150095120E-003
  0.290322572      0.387096763       2.0973619963978829E-003
  0.322580636      0.387096763       1.7941011500009739E-003
  0.354838699      0.387096763       1.4654318464024135E-003
  0.387096763      0.387096763       1.1603413686223649E-003
  0.419354826      0.387096763       9.0280763336663284E-004
  0.451612890      0.387096763       6.9681539066331392E-004
  0.483870953      0.387096763       5.3698761620344618E-004
  0.516129017      0.387096763       4.1453801465501141E-004
  0.548387110      0.387096763       3.2101621430941871E-004
  0.580645144      0.387096763       2.4943106315119515E-004
  0.612903237      0.387096763       1.9433952113106641E-004
  0.645161271      0.387096763       1.5172066115882494E-004
  0.677419364      0.387096763       1.1857034607872890E-004
  0.709677398      0.387096763       9.2695231431094469E-005
  0.741935492      0.387096763       7.2450133203770631E-005
  0.774193525      0.387096763       5.6610332533014527E-005
  0.806451619      0.387096763       4.4234251109458555E-005
  0.838709652      0.387096763       3.4602809450156607E-005
  0.870967746      0.387096763       2.7153348846372029E-005
  0.903225780      0.387096763       2.1456688945657951E-005
  0.935483873      0.387096763       1.7204814393629478E-005
  0.967741907      0.387096763       1.4242981088876103E-005
   1.00000000      0.387096763       1.2665983715909740E-005
   0.00000000      0.419354826       3.7671289407832274E-004
   3.22580636E-02  0.419354826       4.3969136100580118E-004
   6.45161271E-02  0.419354826       5.6153652761362918E-004
   9.67741907E-02  0.419354826       7.3583374560766543E-004
  0.129032254      0.419354826       9.4788579087440425E-004
  0.161290318      0.419354826       1.1706406455482415E-003
  0.193548381      0.419354826       1.3610551841362435E-003
  0.225806445      0.419354826       1.4732584442062092E-003
  0.258064508      0.419354826       1.4875196932253067E-003
  0.290322572      0.419354826       1.4095904854253423E-003
  0.322580636      0.419354826       1.2636344876702597E-003
  0.354838699      0.419354826       1.0849175047708041E-003
  0.387096763      0.419354826       9.0280764878806520E-004
  0.419354826      0.419354826       7.3549088261497166E-004
  0.451612890      0.419354826       5.9149144814846916E-004
  0.483870953      0.419354826       4.7217724731249807E-004
  0.516129017      0.419354826       3.7555411170605419E-004
  0.548387110      0.419354826       2.9818418717295227E-004
  0.580645144      0.419354826       2.3654210130974048E-004
  0.612903237      0.419354826       1.8749909871969346E-004
  0.645161271      0.419354826       1.4845238836675809E-004
  0.677419364      0.419354826       1.1735123171223052E-004
  0.709677398      0.419354826       9.2573642575786549E-005
  0.741935492      0.419354826       7.2865253626427085E-005
  0.774193525      0.419354826       5.7234961319876860E-005
  0.806451619      0.419354826       4.4904838368675530E-005
  0.838709652      0.419354826       3.5247573991454786E-005
  0.870967746      0.419354826       2.7762683323735997E-005
  0.903225780      0.419354826       2.2052405534056895E-005
  0.935483873      0.419354826       1.7824985326725208E-005
  0.967741907      0.419354826       1.4922907558635618E-005
   1.00000000      0.419354826       1.3400392923212371E-005
   0.00000000      0.451612890       3.0240660888519060E-004
   3.22580636E-02  0.451612890       3.4066859312921471E-004
   6.45161271E-02  0.451612890       4.1470686239910567E-004
   9.67741907E-02  0.451612890       5.1906215853165421E-004
  0.129032254      0.451612890       6.4422991940256955E-004
  0.161290318      0.451612890       7.7363901168454830E-004
  0.193548381      0.451612890       8.8636298922338921E-004
  0.225806445      0.451612890       9.6306177294122716E-004
  0.258064508      0.451612890       9.8928378370461193E-004
  0.290322572      0.451612890       9.6366465497535394E-004
  0.322580636      0.451612890       8.9658318826823515E-004
  0.354838699      0.451612890       8.0251105798574327E-004
  0.387096763      0.451612890       6.9681526562196240E-004
  0.419354826      0.451612890       5.9149133718152964E-004
  0.451612890      0.451612890       4.9392407875019882E-004
  0.483870953      0.451612890       4.0780617264930493E-004
  0.516129017      0.451612890       3.3402431981307477E-004
  0.548387110      0.451612890       2.7203273178903579E-004
  0.580645144      0.451612890       2.2053390994360446E-004
  0.612903237      0.451612890       1.7804736228158047E-004
  0.645161271      0.451612890       1.4315393948007832E-004
  0.677419364      0.451612890       1.1459092953041160E-004
  0.709677398      0.451612890       9.1304967811509352E-005
  0.741935492      0.451612890       7.2411682884958428E-005
  0.774193525      0.451612890       5.7190036707489465E-005
  0.806451619      0.451612890       4.5031078025213762E-005
  0.838709652      0.451612890       3.5433902377580920E-005
  0.870967746      0.451612890       2.7966437970012280E-005
  0.903225780      0.451612890       2.2281852013432109E-005
  0.935483873      0.451612890       1.8104858671661005E-005
  0.967741907      0.451612890       1.5285694830011636E-005
   1.00000000      0.451612890       1.3830187005055319E-005
   0.00000000      0.483870953       2.3700538536198756E-004
   3.22580636E-02  0.483870953       2.6101158067801122E-004
   6.45161271E-02  0.483870953       3.0715851260623776E-004
   9.67741907E-02  0.483870953       3.7152583935640474E-004
  0.129032254      0.483870953       4.4761879449014636E-004
  0.161290318      0.483870953       5.2661633591207793E-004
  0.193548381      0.483870953       5.9758281995354271E-004
  0.225806445      0.483870953       6.4950589750133604E-004
  0.258064508      0.483870953       6.7551154900129923E-004
  0.290322572      0.483870953       6.7312117375758682E-004
  0.322580636      0.483870953       6.4470582435263474E-004
  0.354838699      0.483870953       5.9684210498377687E-004
  0.387096763      0.483870953       5.3698750558669539E-004
  0.419354826      0.483870953       4.7217721770055702E-004
  0.451612890      0.483870953       4.0780618458539279E-004
  0.483870953      0.483870953       3.4731682922817058E-004
  0.516129017      0.483870953       2.9261049451703827E-004
  0.548387110      0.483870953       2.4435020428291383E-004
  0.580645144      0.483870953       2.0251415778760969E-004
  0.612903237      0.483870953       1.6666404080104360E-004
  0.645161271      0.483870953       1.3620877865663675E-004
  0.677419364      0.483870953       1.1052616478473073E-004
  0.709677398      0.483870953       8.9027345896093370E-005
  0.741935492      0.483870953       7.1185614344785239E-005
  0.774193525      0.483870953       5.6534817957694230E-005
  0.806451619      0.483870953       4.4659678535520672E-005
  0.838709652      0.483870953       3.5186199400340916E-005
  0.870967746      0.483870953       2.7778548657252152E-005
  0.903225780      0.483870953       2.2140251776214194E-005
  0.935483873      0.483870953       1.8029487055585689E-005
  0.967741907      0.483870953       1.5296278414980551E-005
   1.00000000      0.483870953       1.3907522039138572E-005
   0.00000000      0.516129017       1.8243984350929679E-004
   3.22580636E-02  0.516129017       1.9833938310451866E-004
   6.45161271E-02  0.516129017       2.2846943158736158E-004
   9.67741907E-02  0.516129017       2.6986105294992855E-004
  0.129032254      0.516129017       3.1842187896139574E-004
  0.161290318      0.516129017       3.6884367024968902E-004
  0.193548381      0.516129017       4.1518646024616790E-004
  0.225806445      0.516129017       4.5188664156459440E-004
  0.258064508      0.516129017       4.7431468683920887E-004
  0.290322572      0.516129017       4.8042760351701806E-004
  0.322580636      0.516129017       4.7072991084727204E-004
  0.354838699      0.516129017       4.4753363953496905E-004
  0.387096763      0.516129017       4.1453766391514674E-004
  0.419354826      0.516129017       3.7555382028652906E-004
  0.451612890      0.516129017       3.3402415913466501E-004
  0.483870953      0.516129017       2.9261030264785307E-004
  0.516129017      0.516129017       2.5308957951949811E-004
  0.548387110      0.516129017       2.1653928354113661E-004
  0.580645144      0.516129017       1.8345021009972943E-004
  0.612903237      0.516129017       1.5396738039499642E-004
  0.645161271      0.516129017       1.2800978705423656E-004
  0.677419364      0.516129017       1.0539382050014261E-004
  0.709677398      0.516129017       8.5897209095147088E-005
  0.741935492      0.516129017       6.9290302663060381E-005
  0.774193525      0.516129017       5.5346309560720666E-005
  0.806451619      0.516129017       4.3840774599537134E-005
  0.838709652      0.516129017       3.4545211630909847E-005
  0.870967746      0.516129017       2.7219863965418259E-005
  0.903225780      0.516129017       2.1640009332208786E-005
  0.935483873      0.516129017       1.7594595638803327E-005
  0.967741907      0.516129017       1.4942061074868946E-005
   1.00000000      0.516129017       1.3614682016229069E-005
   0.00000000      0.548387110       1.3843385472329763E-004
   3.22580636E-02  0.548387110       1.4968411705784494E-004
   6.45161271E-02  0.548387110       1.7047704330615411E-004
   9.67741907E-02  0.548387110       1.9840688108630619E-004
  0.129032254      0.548387110       2.3075351265115318E-004
  0.161290318      0.548387110       2.6446537398060194E-004
  0.193548381      0.548387110       2.9614318959796706E-004
  0.225806445      0.548387110       3.2243493249683048E-004
  0.258064508      0.548387110       3.4080482553924254E-004
  0.290322572      0.548387110       3.4964164817850835E-004
  0.322580636      0.548387110       3.4858162147578732E-004
  0.354838699      0.548387110       3.3850864788813074E-004
  0.387096763      0.548387110       3.2101597970642223E-004
  0.419354826      0.548387110       2.9818405754699430E-004
  0.451612890      0.548387110       2.7203264678410459E-004
  0.483870953      0.548387110       2.4435007450423449E-004
  0.516129017      0.548387110       2.1653935177778016E-004
  0.548387110      0.548387110       1.8957825583058491E-004
  0.580645144      0.548387110       1.6410985566192932E-004
  0.612903237      0.548387110       1.4048996762603612E-004
  0.645161271      0.548387110       1.1890303139521318E-004
  0.677419364      0.548387110       9.9421536568707105E-005
  0.709677398      0.548387110       8.2066156790666493E-005
  0.741935492      0.548387110       6.6832766781654515E-005
  0.774193525      0.548387110       5.3706421467817918E-005
  0.806451619      0.548387110       4.2637645294824193E-005
  0.838709652      0.548387110       3.3551539227003501E-005
  0.870967746      0.548387110       2.6323671643966960E-005
  0.903225780      0.548387110       2.0796618463834862E-005
  0.935483873      0.548387110       1.6806964441847051E-005
  0.967741907      0.548387110       1.4216784774188910E-005
   1.00000000      0.548387110       1.2937786528632825E-005
   0.00000000      0.580645144       1.0374209009319241E-004
   3.22580636E-02  0.580645144       1.1221492526200722E-004
   6.45161271E-02  0.580645144       1.2737004430635055E-004
   9.67741907E-02  0.580645144       1.4715514870200662E-004
  0.129032254      0.580645144       1.6971641306823189E-004
  0.161290318      0.580645144       1.9316866730871487E-004
  0.193548381      0.580645144       2.1552815415472654E-004
  0.225806445      0.580645144       2.3490751365566620E-004
  0.258064508      0.580645144       2.4961181062142746E-004
  0.290322572      0.580645144       2.5856004996203328E-004
  0.322580636      0.580645144       2.6130637338438113E-004
  0.354838699      0.580645144       2.5802111002446625E-004
  0.387096763      0.580645144       2.4943057188065641E-004
  0.419354826      0.580645144       2.3654164935168925E-004
  0.451612890      0.580645144       2.2053365593182556E-004
  0.483870953      0.580645144       2.0251381215825550E-004
  0.516129017      0.580645144       1.8345017221878262E-004
  0.548387110      0.580645144       1.6410969032685578E-004
  0.580645144      0.580645144       1.4504755157962866E-004
  0.612903237      0.580645144       1.2665108436386987E-004
  0.645161271      0.580645144       1.0917441184657888E-004
  0.677419364      0.580645144       9.2795760703655335E-005
  0.709677398      0.580645144       7.7662423294229383E-005
  0.741935492      0.580645144       6.3913344945429218E-005
  0.774193525      0.580645144       5.1686507234164169E-005
  0.806451619      0.580645144       4.1111201991374961E-005
  0.838709652      0.580645144       3.2251841041834172E-005
  0.870967746      0.580645144       2.5115669013709732E-005
  0.903225780      0.580645144       1.9634382532065298E-005
  0.935483873      0.580645144       1.5682734639593441E-005
  0.967741907      0.580645144       1.3135631603226492E-005
   1.00000000      0.580645144       1.1888598978036736E-005
   0.00000000      0.612903237       7.6820742054600478E-005
   3.22580636E-02  0.612903237       8.3525975338590366E-005
   6.45161271E-02  0.612903237       9.5097496221799681E-005
   9.67741907E-02  0.612903237       1.0972341590884951E-004
  0.129032254      0.612903237       1.2607286880652246E-004
  0.161290318      0.612903237       1.4299702614166553E-004
  0.193548381      0.612903237       1.5929840455460593E-004
  0.225806445      0.612903237       1.7379856965335733E-004
  0.258064508      0.612903237       1.8550050034193014E-004
  0.290322572      0.612903237       1.9364201824747187E-004
  0.322580636      0.612903237       1.9780305271543448E-004
  0.354838699      0.612903237       1.9794884180675590E-004
  0.387096763      0.612903237       1.9433929732185550E-004
  0.419354826      0.612903237       1.8749893407105149E-004
  0.451612890      0.612903237       1.7804737046500120E-004
  0.483870953      0.612903237       1.6666389364080299E-004
  0.516129017      0.612903237       1.5396751393419549E-004
  0.548387110      0.612903237       1.4048993438123785E-004
  0.580645144      0.612903237       1.2665125954684648E-004
  0.612903237      0.612903237       1.1275919344575830E-004
  0.645161271      0.612903237       9.9036342867380407E-005
  0.677419364      0.612903237       8.5655677736758200E-005
  0.709677398      0.612903237       7.2778317689222653E-005
  0.741935492      0.612903237       6.0601425960903558E-005
  0.774193525      0.612903237       4.9357952377443722E-005
  0.806451619      0.612903237       3.9301521570619121E-005
  0.838709652      0.612903237       3.0678724717528678E-005
  0.870967746      0.612903237       2.3621375722058940E-005
  0.903225780      0.612903237       1.8168422456868766E-005
  0.935483873      0.612903237       1.4251481135046283E-005
  0.967741907      0.612903237       1.1743467699270228E-005
   1.00000000      0.612903237       1.0520602477186396E-005
   0.00000000      0.645161271       5.6177075331919367E-005
   3.22580636E-02  0.645161271       6.1669975255056314E-005
   6.45161271E-02  0.645161271       7.0806710788819891E-005
   9.67741907E-02  0.645161271       8.1998807601581811E-005
  0.129032254      0.645161271       9.4264913592402539E-005
  0.161290318      0.645161271       1.0685571874688900E-004
  0.193548381      0.645161271       1.1903867273121681E-004
  0.225806445      0.645161271       1.3011282235489776E-004
  0.258064508      0.645161271       1.3941347175989351E-004
  0.290322572      0.645161271       1.4644043184018106E-004
  0.322580636      0.645161271       1.5087508770706399E-004
  0.354838699      0.645161271       1.5260588154233297E-004
  0.387096763      0.645161271       1.5172038652440443E-004
  0.419354826      0.645161271       1.4845198721057012E-004
  0.451612890      0.645161271       1.4315379532742239E-004
  0.483870953      0.645161271       1.3620843711936072E-004
  0.516129017      0.645161271       1.2800987521371319E-004
  0.548387110      0.645161271       1.1890291837718510E-004
  0.580645144      0.645161271       1.0917456761310002E-004
  0.612903237      0.645161271       9.9036250132779159E-005
  0.645161271      0.645161271       8.8637239497182244E-005
  0.677419364      0.645161271       7.8076130643409003E-005
  0.709677398      0.645161271       6.7458848004188046E-005
  0.741935492      0.645161271       5.6929708161327975E-005
  0.774193525      0.645161271       4.6748644708143812E-005
  0.806451619      0.645161271       3.7256831190834650E-005
  0.838709652      0.645161271       2.8833375732237807E-005
  0.870967746      0.645161271       2.1838260810574699E-005
  0.903225780      0.645161271       1.6418972517085666E-005
  0.935483873      0.645161271       1.2560848889125130E-005
  0.967741907      0.645161271       1.0125842923396720E-005
   1.00000000      0.645161271       8.9656316565900142E-006
   0.00000000      0.677419364       4.0496887436596708E-005
   3.22580636E-02  0.677419364       4.5094694019227259E-005
   6.45161271E-02  0.677419364       5.2469609558365380E-005
   9.67741907E-02  0.677419364       6.1249579352172826E-005
  0.129032254      0.677419364       7.0689677043653658E-005
  0.161290318      0.677419364       8.0308190890843067E-005
  0.193548381      0.677419364       8.9627815710751428E-005
  0.225806445      0.677419364       9.8202833262232467E-005
  0.258064508      0.677419364       1.0562082266293085E-004
  0.290322572      0.677419364       1.1154281999386081E-004
  0.322580636      0.677419364       1.1572759674859336E-004
  0.354838699      0.677419364       1.1806876344515967E-004
  0.387096763      0.677419364       1.1857052082218646E-004
  0.419354826      0.677419364       1.1735124448609941E-004
  0.451612890      0.677419364       1.1459132722422103E-004
  0.483870953      0.677419364       1.1052622921445408E-004
  0.516129017      0.677419364       1.0539425438327891E-004
  0.548387110      0.677419364       9.9421654650868842E-005
  0.580645144      0.677419364       9.2796115605600299E-005
  0.612903237      0.677419364       8.5655766662993052E-005
  0.645161271      0.677419364       7.8076373910007275E-005
  0.677419364      0.677419364       7.0087017811432351E-005
  0.709677398      0.677419364       6.1675399747865650E-005
  0.741935492      0.677419364       5.2882423020192144E-005
  0.774193525      0.677419364       4.3845490253883128E-005
  0.806451619      0.677419364       3.4955417622251119E-005
  0.838709652      0.677419364       2.6751539870922617E-005
  0.870967746      0.677419364       1.9763342227179653E-005
  0.903225780      0.677419364       1.4405554576448317E-005
  0.935483873      0.677419364       1.0676798068711874E-005
  0.967741907      0.677419364       8.4296635281334286E-006
   1.00000000      0.677419364       7.4036995315775859E-006
   0.00000000      0.709677398       2.8710626846666582E-005
   3.22580636E-02  0.709677398       3.2597976355273688E-005
   6.45161271E-02  0.709677398       3.8618910896156316E-005
   9.67741907E-02  0.709677398       4.5610330720758436E-005
  0.129032254      0.709677398       5.3024792019308095E-005
  0.161290318      0.709677398       6.0517675772805468E-005
  0.193548381      0.709677398       6.7781281085403333E-005
  0.225806445      0.709677398       7.4524788808173558E-005
  0.258064508      0.709677398       8.0474941254349056E-005
  0.290322572      0.709677398       8.5395301544349703E-005
  0.322580636      0.709677398       8.9123680279565474E-005
  0.354838699      0.709677398       9.1561451944380804E-005
  0.387096763      0.709677398       9.2695962004202297E-005
  0.419354826      0.709677398       9.2573630301757249E-005
  0.451612890      0.709677398       9.1305241640460917E-005
  0.483870953      0.709677398       8.9027184892984847E-005
  0.516129017      0.709677398       8.5897524368685837E-005
  0.548387110      0.709677398       8.2066181500666584E-005
  0.580645144      0.709677398       7.7662782148661203E-005
  0.612903237      0.709677398       7.2778403339602535E-005
  0.645161271      0.709677398       6.7459111881087611E-005
  0.677419364      0.709677398       6.1675348508856778E-005
  0.709677398      0.709677398       5.5347284308129370E-005
  0.741935492      0.709677398       4.8326767765802700E-005
  0.774193525      0.709677398       4.0602430688212608E-005
  0.806451619      0.709677398       3.2361215191583734E-005
  0.838709652      0.709677398       2.4311880046971269E-005
  0.870967746      0.709677398       1.7407396134219334E-005
  0.903225780      0.709677398       1.2146635487984352E-005
  0.935483873      0.709677398       8.7435897989811514E-006
  0.967741907      0.709677398       6.8376569963959761E-006
   1.00000000      0.709677398       5.9892026067200446E-006
   0.00000000      0.741935492       1.9933252912667101E-005
   3.22580636E-02  0.741935492       2.3236234625952814E-005
   6.45161271E-02  0.741935492       2.8159690102951065E-005
   9.67741907E-02  0.741935492       3.3776302688746724E-005
  0.129032254      0.741935492       3.9662811182016876E-005
  0.161290318      0.741935492       4.5598281012083015E-005
  0.193548381      0.741935492       5.1345499337433764E-005
  0.225806445      0.741935492       5.6719921284371650E-005
  0.258064508      0.741935492       6.1522035307818015E-005
  0.290322572      0.741935492       6.5597773216973985E-005
  0.322580636      0.741935492       6.8816818683081098E-005
  0.354838699      0.741935492       7.1111081646480501E-005
  0.387096763      0.741935492       7.2451440668237701E-005
  0.419354826      0.741935492       7.2865865741301701E-005
  0.451612890      0.741935492       7.2412699443345104E-005
  0.483870953      0.741935492       7.1186071336239452E-005
  0.516129017      0.741935492       6.9291121536617858E-005
  0.548387110      0.741935492       6.6833073329179685E-005
  0.580645144      0.741935492       6.3913895985060216E-005
  0.612903237      0.741935492       6.0601633845798234E-005
  0.645161271      0.741935492       5.6930099632773852E-005
  0.677419364      0.741935492       5.2882509693412618E-005
  0.709677398      0.741935492       4.8326974236185348E-005
  0.741935492      0.741935492       4.3069745699773141E-005
  0.774193525      0.741935492       3.6756240233411809E-005
  0.806451619      0.741935492       2.9404742266571583E-005
  0.838709652      0.741935492       2.1598880478623850E-005
  0.870967746      0.741935492       1.4608146766653484E-005
  0.903225780      0.741935492       9.8083010262390360E-006
  0.935483873      0.741935492       6.9911779401264223E-006
  0.967741907      0.741935492       5.4773398317287594E-006
   1.00000000      0.741935492       4.8174773043477018E-006
   0.00000000      0.774193525       1.3477641649700606E-005
   3.22580636E-02  0.774193525       1.6291294410295033E-005
   6.45161271E-02  0.774193525       2.0289641996708848E-005
   9.67741907E-02  0.774193525       2.4807094565547350E-005
  0.129032254      0.774193525       2.9509104046700866E-005
  0.161290318      0.774193525       3.4257054198144793E-005
  0.193548381      0.774193525       3.8864033111974560E-005
  0.225806445      0.774193525       4.3197685335294442E-005
  0.258064508      0.774193525       4.7112387400547987E-005
  0.290322572      0.774193525       5.0483681991274019E-005
  0.322580636      0.774193525       5.3229465918725674E-005
  0.354838699      0.774193525       5.5277645158413434E-005
  0.387096763      0.774193525       5.6613357126542573E-005
  0.419354826      0.774193525       5.7235580768062205E-005
  0.451612890      0.774193525       5.7190877436034874E-005
  0.483870953      0.774193525       5.6534736291236610E-005
  0.516129017      0.774193525       5.5346628953220216E-005
  0.548387110      0.774193525       5.3706311471379860E-005
  0.580645144      0.774193525       5.1686819342680968E-005
  0.612903237      0.774193525       4.9358012641159059E-005
  0.645161271      0.774193525       4.6748967422061399E-005
  0.677419364      0.774193525       4.3845501505925646E-005
  0.709677398      0.774193525       4.0602572379019359E-005
  0.741935492      0.774193525       3.6756107215024949E-005
  0.774193525      0.774193525       3.2050442356834573E-005
  0.806451619      0.774193525       2.5860011589859704E-005
  0.838709652      0.774193525       1.8084836557186491E-005
  0.870967746      0.774193525       1.1567683075380811E-005
  0.903225780      0.774193525       7.6843475513738258E-006
  0.935483873      0.774193525       5.5518373041766374E-006
  0.967741907      0.774193525       4.4031170309850328E-006
   1.00000000      0.774193525       3.9085841837996398E-006
   0.00000000      0.806451619       8.8719086084040462E-006
   3.22580636E-02  0.806451619       1.1249511435949521E-005
   6.45161271E-02  0.806451619       1.4397094551807511E-005
   9.67741907E-02  0.806451619       1.7990386611971270E-005
  0.129032254      0.806451619       2.1766725976135034E-005
  0.161290318      0.806451619       2.5576337081425273E-005
  0.193548381      0.806451619       2.9317824381495950E-005
  0.225806445      0.806451619       3.2850313204895788E-005
  0.258064508      0.806451619       3.6070896785784086E-005
  0.290322572      0.806451619       3.8882279325678518E-005
  0.322580636      0.806451619       4.1212460928559817E-005
  0.354838699      0.806451619       4.3005438885488091E-005
  0.387096763      0.806451619       4.4237632712486987E-005
  0.419354826      0.806451619       4.4906248504276354E-005
  0.451612890      0.806451619       4.5032328995622756E-005
  0.483870953      0.806451619       4.4660209087914540E-005
  0.516129017      0.806451619       4.3841415251588163E-005
  0.548387110      0.806451619       4.2637681866051108E-005
  0.580645144      0.806451619       4.1111560481629715E-005
  0.612903237      0.806451619       3.9301506444300209E-005
  0.645161271      0.806451619       3.7257086890668738E-005
  0.677419364      0.806451619       3.4955364595482846E-005
  0.709677398      0.806451619       3.2361337665555108E-005
  0.741935492      0.806451619       2.9404606819359862E-005
  0.774193525      0.806451619       2.5860064080624934E-005
  0.806451619      0.806451619       2.0251211969524815E-005
  0.838709652      0.806451619       1.3402824203528946E-005
  0.870967746      0.806451619       8.7693983993823931E-006
  0.903225780      0.806451619       5.9821576057831907E-006
  0.935483873      0.806451619       4.4246866245491026E-006
  0.967741907      0.806451619       3.6005749320143398E-006
   1.00000000      0.806451619       3.2298683490587951E-006
   0.00000000      0.838709652       5.2881927784247848E-006
   3.22580636E-02  0.838709652       7.5095904313615634E-006
   6.45161271E-02  0.838709652       9.9107732888075872E-006
   9.67741907E-02  0.838709652       1.2842472453098948E-005
  0.129032254      0.838709652       1.5833181882163911E-005
  0.161290318      0.838709652       1.8952375320593497E-005
  0.193548381      0.838709652       2.1971655200092098E-005
  0.225806445      0.838709652       2.4897848658537080E-005
  0.258064508      0.838709652       2.7572635686686947E-005
  0.290322572      0.838709652       2.9944420254192299E-005
  0.322580636      0.838709652       3.1935104517029524E-005
  0.354838699      0.838709652       3.3497168648024949E-005
  0.387096763      0.838709652       3.4608760069841814E-005
  0.419354826      0.838709652       3.5248122415058672E-005
  0.451612890      0.838709652       3.5434210574817247E-005
  0.483870953      0.838709652       3.5185011513764703E-005
  0.516129017      0.838709652       3.4544327389358956E-005
  0.548387110      0.838709652       3.3550323305225855E-005
  0.580645144      0.838709652       3.2251347426887993E-005
  0.612903237      0.838709652       3.0678137388015894E-005
  0.645161271      0.838709652       2.8833285111638088E-005
  0.677419364      0.838709652       2.6751242409868913E-005
  0.709677398      0.838709652       2.4311819715240955E-005
  0.741935492      0.838709652       2.1598546675745198E-005
  0.774193525      0.838709652       1.8084685505747722E-005
  0.806451619      0.838709652       1.3402566108676106E-005
  0.838709652      0.838709652       9.3458489756576947E-006
  0.870967746      0.838709652       6.4548549495390244E-006
  0.903225780      0.838709652       4.6714669956189328E-006
  0.935483873      0.838709652       3.5910220559612237E-006
  0.967741907      0.838709652       2.9981296849062793E-006
   1.00000000      0.838709652       2.7321955618128647E-006
   0.00000000      0.870967746       3.3802584115811219E-006
   3.22580636E-02  0.870967746       4.9516225136572298E-006
   6.45161271E-02  0.870967746       6.8161712791023891E-006
   9.67741907E-02  0.870967746       8.9904764934535030E-006
  0.129032254      0.870967746       1.1328401706787709E-005
  0.161290318      0.870967746       1.3868220816759737E-005
  0.193548381      0.870967746       1.6306478624697851E-005
  0.225806445      0.870967746       1.8763972847920650E-005
  0.258064508      0.870967746       2.1018576645891801E-005
  0.290322572      0.870967746       2.3043247847641732E-005
  0.322580636      0.870967746       2.4767595086325996E-005
  0.354838699      0.870967746       2.6150691135069197E-005
  0.387096763      0.870967746       2.7156735076668387E-005
  0.419354826      0.870967746       2.7762309177470338E-005
  0.451612890      0.870967746       2.7965314636362714E-005
  0.483870953      0.870967746       2.7777089241094456E-005
  0.516129017      0.870967746       2.7218538388653446E-005
  0.548387110      0.870967746       2.6322254586095081E-005
  0.580645144      0.870967746       2.5114994673484617E-005
  0.612903237      0.870967746       2.3620547314103531E-005
  0.645161271      0.870967746       2.1838027626277263E-005
  0.677419364      0.870967746       1.9762904213859473E-005
  0.709677398      0.870967746       1.7407281464607197E-005
  0.741935492      0.870967746       1.4607808858697822E-005
  0.774193525      0.870967746       1.1567567781286645E-005
  0.806451619      0.870967746       8.7691923339717982E-006
  0.838709652      0.870967746       6.4548999877143942E-006
  0.870967746      0.870967746       4.8075108317313580E-006
  0.903225780      0.870967746       3.6874947882101044E-006
  0.935483873      0.870967746       2.9709697150427294E-006
  0.967741907      0.870967746       2.5530917809032090E-006
   1.00000000      0.870967746       2.3597951117566350E-006
   0.00000000      0.903225780       2.6499292590770188E-006
   3.22580636E-02  0.903225780       2.1348284770868409E-006
   6.45161271E-02  0.903225780       4.4139151223442298E-006
   9.67741907E-02  0.903225780       6.0231122083398663E-006
  0.129032254      0.903225780       7.8370686200363072E-006
  0.161290318      0.903225780       9.8886841566271631E-006
  0.193548381      0.903225780       1.2008316147031862E-005
  0.225806445      0.903225780       1.3990603977488868E-005
  0.258064508      0.903225780       1.5987419006100390E-005
  0.290322572      0.903225780       1.7711352371987516E-005
  0.322580636      0.903225780       1.9263833462947426E-005
  0.354838699      0.903225780       2.0515354545214333E-005
  0.387096763      0.903225780       2.1460051193286194E-005
  0.419354826      0.903225780       2.2049293169840690E-005
  0.451612890      0.903225780       2.2277609104112695E-005
  0.483870953      0.903225780       2.2135209666596948E-005
  0.516129017      0.903225780       2.1635662124032311E-005
  0.548387110      0.903225780       2.0792910643672957E-005
  0.580645144      0.903225780       1.9632150579393417E-005
  0.612903237      0.903225780       1.8166634178991746E-005
  0.645161271      0.903225780       1.6418192275504872E-005
  0.677419364      0.903225780       1.4404818041250151E-005
  0.709677398      0.903225780       1.2146361071792479E-005
  0.741935492      0.903225780       9.8078625130336539E-006
  0.774193525      0.903225780       7.6841420019456446E-006
  0.806451619      0.903225780       5.9818694293057156E-006
  0.838709652      0.903225780       4.6713933055012856E-006
  0.870967746      0.903225780       3.6873768441082367E-006
  0.903225780      0.903225780       2.9867396151079895E-006
  0.935483873      0.903225780       2.5129469222402768E-006
  0.967741907      0.903225780       2.2205648585936995E-006
   1.00000000      0.903225780       2.0792639694315626E-006
   0.00000000      0.935483873       6.7415294696890228E-007
   3.22580636E-02  0.935483873       1.6715974183253453E-006
   6.45161271E-02  0.935483873       2.7056317446071493E-006
   9.67741907E-02  0.935483873       4.1737080734904909E-006
  0.129032254      0.935483873       5.5624921860494378E-006
  0.161290318      0.935483873       6.9124221070256489E-006
  0.193548381      0.935483873       8.7166045039050111E-006
  0.225806445      0.935483873       1.0345552621800310E-005
  0.258064508      0.935483873       1.2147302212246562E-005
  0.290322572      0.935483873       1.3647548535389337E-005
  0.322580636      0.935483873       1.5087173837436546E-005
  0.354838699      0.935483873       1.6267783523196291E-005
  0.387096763      0.935483873       1.7201262122737781E-005
  0.419354826      0.935483873       1.7815141575050746E-005
  0.451612890      0.935483873       1.8096508202567760E-005
  0.483870953      0.935483873       1.8022472080057508E-005
  0.516129017      0.935483873       1.7589066008152463E-005
  0.548387110      0.935483873       1.6802786940630186E-005
  0.580645144      0.935483873       1.5680364432792797E-005
  0.612903237      0.935483873       1.4249536979797559E-005
  0.645161271      0.935483873       1.2560120056942196E-005
  0.677419364      0.935483873       1.0676040967726628E-005
  0.709677398      0.935483873       8.7434180023464685E-006
  0.741935492      0.935483873       6.9908376315005921E-006
  0.774193525      0.935483873       5.5518045645806987E-006
  0.806451619      0.935483873       4.4245472774880113E-006
  0.838709652      0.935483873       3.5910544351517237E-006
  0.870967746      0.935483873       2.9709285283450464E-006
  0.903225780      0.935483873       2.5130002500107431E-006
  0.935483873      0.935483873       2.1882737808027111E-006
  0.967741907      0.935483873       1.9764151570734810E-006
   1.00000000      0.935483873       1.8733939928902847E-006
   0.00000000      0.967741907       1.2954319202355851E-006
   3.22580636E-02  0.967741907       1.1626442908316443E-006
   6.45161271E-02  0.967741907       5.9482188801512207E-007
   9.67741907E-02  0.967741907       2.5880065009165819E-006
  0.129032254      0.967741907       3.2631970178313607E-006
  0.161290318      0.967741907       4.5764981366019501E-006
  0.193548381      0.967741907       6.5517161801407084E-006
  0.225806445      0.967741907       7.7750980387376414E-006
  0.258064508      0.967741907       9.2749779022138968E-006
  0.290322572      0.967741907       1.0715993797407094E-005
  0.322580636      0.967741907       1.2075179092576751E-005
  0.354838699      0.967741907       1.3280146230125105E-005
  0.387096763      0.967741907       1.4237286884789244E-005
  0.419354826      0.967741907       1.4913905781748220E-005
  0.451612890      0.967741907       1.5273761135545515E-005
  0.483870953      0.967741907       1.5285292309658605E-005
  0.516129017      0.967741907       1.4932587006346348E-005
  0.548387110      0.967741907       1.4209732994513314E-005
  0.580645144      0.967741907       1.3131131028904612E-005
  0.612903237      0.967741907       1.1740323087723567E-005
  0.645161271      0.967741907       1.0124357225601801E-005
  0.677419364      0.967741907       8.4285487520856110E-006
  0.709677398      0.967741907       6.8372639499485339E-006
  0.741935492      0.967741907       5.4769219931735127E-006
  0.774193525      0.967741907       4.4030188652247265E-006
  0.806451619      0.967741907       3.6003871002379570E-006
  0.838709652      0.967741907       2.9981004598802144E-006
  0.870967746      0.967741907       2.5529916027784590E-006
  0.903225780      0.967741907       2.2205597196364454E-006
  0.935483873      0.967741907       1.9763638463301355E-006
  0.967741907      0.967741907       1.8159918817255366E-006
   1.00000000      0.967741907       1.7345877989280077E-006
   0.00000000       1.00000000      -4.8346295077929770E-007
   3.22580636E-02   1.00000000       1.7738632199080392E-007
   6.45161271E-02   1.00000000       1.7840797517312785E-007
   9.67741907E-02   1.00000000       1.1238923475184073E-006
  0.129032254       1.00000000       1.4585289498705900E-006
  0.161290318       1.00000000       4.0208059114924587E-006
  0.193548381       1.00000000       4.5960860797471745E-006
  0.225806445       1.00000000       5.8785618906357528E-006
  0.258064508       1.00000000       7.8523481202664734E-006
  0.290322572       1.00000000       8.9948842081993962E-006
  0.322580636       1.00000000       1.0410383704834880E-005
  0.354838699       1.00000000       1.1640027083749758E-005
  0.387096763       1.00000000       1.2643106614334251E-005
  0.419354826       1.00000000       1.3379842134661179E-005
  0.451612890       1.00000000       1.3809848131142570E-005
  0.483870953       1.00000000       1.3892340011915113E-005
  0.516129017       1.00000000       1.3603294570969471E-005
  0.548387110       1.00000000       1.2930068118144195E-005
  0.580645144       1.00000000       1.1884310413104702E-005
  0.612903237       1.00000000       1.0517582365925902E-005
  0.645161271       1.00000000       8.9645462768543090E-006
  0.677419364       1.00000000       7.4027334432159482E-006
  0.709677398       1.00000000       5.9890646077908721E-006
  0.741935492       1.00000000       4.8171805451864229E-006
  0.774193525       1.00000000       3.9086357875264628E-006
  0.806451619       1.00000000       3.2297662694525921E-006
  0.838709652       1.00000000       2.7322406355964188E-006
  0.870967746       1.00000000       2.3597490686769476E-006
  0.903225780       1.00000000       2.0793015609790666E-006
  0.935483873       1.00000000       1.8733810893255104E-006
  0.967741907       1.00000000       1.7346216038075917E-006
   1.00000000       1.00000000       1.6646254991358094E-006
