 # X Y F 
   0.00000000       0.00000000       9.2043408878605930E-006
   3.22580636E-02   0.00000000       9.2728476806715367E-006
   6.45161271E-02   0.00000000       9.5411659694457307E-006
   9.67741907E-02   0.00000000       1.3148978864699743E-005
  0.129032254       0.00000000       3.4156559936403474E-005
  0.161290318       0.00000000       9.5544849977287019E-005
  0.193548381       0.00000000       2.0174063660150348E-004
  0.225806445       0.00000000       3.3759839641084468E-004
  0.258064508       0.00000000       4.7715761988547831E-004
  0.290322572       0.00000000       5.9429647248443462E-004
  0.322580636       0.00000000       6.7143668430583625E-004
  0.354838699       0.00000000       7.0445099049529941E-004
  0.387096763       0.00000000       6.9761814482211220E-004
  0.419354826       0.00000000       6.6057927746489785E-004
  0.451612890       0.00000000       6.0354671032965604E-004
  0.483870953       0.00000000       5.3572882733204561E-004
  0.516129017       0.00000000       4.6410036403398119E-004
  0.548387110       0.00000000       3.9358064240369516E-004
  0.580645144       0.00000000       3.2726770139737644E-004
  0.612903237       0.00000000       2.6699375085414718E-004
  0.645161271       0.00000000       2.1360864708303278E-004
  0.677419364       0.00000000       1.6737181170036107E-004
  0.709677398       0.00000000       1.2812330482928378E-004
  0.741935492       0.00000000       9.5457743179367999E-005
  0.774193525       0.00000000       6.8854772999609311E-005
  0.806451619       0.00000000       4.7671428830245272E-005
  0.838709652       0.00000000       3.1323902935973337E-005
  0.870967746       0.00000000       1.9095688084778743E-005
  0.903225780       0.00000000       1.0655240400108707E-005
  0.935483873       0.00000000       4.9208449857774250E-006
  0.967741907       0.00000000       1.7792156360654543E-006
   1.00000000       0.00000000       3.0646707367002317E-007
   0.00000000       3.22580636E-02   9.2728314116986718E-006
   3.22580636E-02   3.22580636E-02   9.9537931073524106E-006
   6.45161271E-02   3.22580636E-02   1.2026475149765119E-005
   9.67741907E-02   3.22580636E-02   2.1706853213185649E-005
  0.129032254       3.22580636E-02   8.4532482974207282E-005
  0.161290318       3.22580636E-02   2.2435674620693529E-004
  0.193548381       3.22580636E-02   4.0484016533720959E-004
  0.225806445       3.22580636E-02   5.8675430266104899E-004
  0.258064508       3.22580636E-02   7.3145120800945616E-004
  0.290322572       3.22580636E-02   8.2077560174149532E-004
  0.322580636       3.22580636E-02   8.5673924609907897E-004
  0.354838699       3.22580636E-02   8.4730993314188134E-004
  0.387096763       3.22580636E-02   8.0503369689372592E-004
  0.419354826       3.22580636E-02   7.4090759424132852E-004
  0.451612890       3.22580636E-02   6.6517088815161993E-004
  0.483870953       3.22580636E-02   5.8438960994896107E-004
  0.516129017       3.22580636E-02   5.0424751311881739E-004
  0.548387110       3.22580636E-02   4.2770314466854768E-004
  0.580645144       3.22580636E-02   3.5718544978444590E-004
  0.612903237       3.22580636E-02   2.9360400360942427E-004
  0.645161271       3.22580636E-02   2.3756768590858823E-004
  0.677419364       3.22580636E-02   1.8897508725654346E-004
  0.709677398       3.22580636E-02   1.4758623958554466E-004
  0.741935492       3.22580636E-02   1.1287876813961638E-004
  0.774193525       3.22580636E-02   8.4266358149301106E-005
  0.806451619       3.22580636E-02   6.1085606620707268E-005
  0.838709652       3.22580636E-02   4.2742731514299952E-005
  0.870967746       3.22580636E-02   2.8530369675141762E-005
  0.903225780       3.22580636E-02   1.7850144283278373E-005
  0.935483873       3.22580636E-02   1.0214118756676982E-005
  0.967741907       3.22580636E-02   4.9543772712401666E-006
   1.00000000       3.22580636E-02   1.7256319049236398E-006
   0.00000000       6.45161271E-02   9.5411180624097400E-006
   3.22580636E-02   6.45161271E-02   1.2026440820264756E-005
   6.45161271E-02   6.45161271E-02   1.8034370869612836E-005
   9.67741907E-02   6.45161271E-02   4.0962676499898145E-005
  0.129032254       6.45161271E-02   2.0269752555540540E-004
  0.161290318       6.45161271E-02   5.0780809590273248E-004
  0.193548381       6.45161271E-02   8.5270133638986180E-004
  0.225806445       6.45161271E-02   1.1109867799261532E-003
  0.258064508       6.45161271E-02   1.2438868864892269E-003
  0.290322572       6.45161271E-02   1.2705862976464723E-003
  0.322580636       6.45161271E-02   1.2207794257295473E-003
  0.354838699       6.45161271E-02   1.1280291224301075E-003
  0.387096763       6.45161271E-02   1.0163199434101483E-003
  0.419354826       6.45161271E-02   9.0008504802900440E-004
  0.451612890       6.45161271E-02   7.8658549230856763E-004
  0.483870953       6.45161271E-02   6.7981324076331231E-004
  0.516129017       6.45161271E-02   5.8120375238462614E-004
  0.548387110       6.45161271E-02   4.9190617658897680E-004
  0.580645144       6.45161271E-02   4.1174633064382075E-004
  0.612903237       6.45161271E-02   3.4093836770473726E-004
  0.645161271       6.45161271E-02   2.7888274524100551E-004
  0.677419364       6.45161271E-02   2.2523798547133915E-004
  0.709677398       6.45161271E-02   1.7928296628263513E-004
  0.741935492       6.45161271E-02   1.4040707400000271E-004
  0.774193525       6.45161271E-02   1.0790475304275863E-004
  0.806451619       6.45161271E-02   8.1091789841971192E-005
  0.838709652       6.45161271E-02   5.9234752497926291E-005
  0.870967746       6.45161271E-02   4.1758204201035220E-005
  0.903225780       6.45161271E-02   2.8103073328638495E-005
  0.935483873       6.45161271E-02   1.7674393739725408E-005
  0.967741907       6.45161271E-02   9.8875948036107352E-006
   1.00000000       6.45161271E-02   4.7619618998937539E-006
   0.00000000       9.67741907E-02   1.3148964666926841E-005
   3.22580636E-02   9.67741907E-02   2.1706872268407388E-005
   6.45161271E-02   9.67741907E-02   4.0962769328589114E-005
   9.67741907E-02   9.67741907E-02   9.2059899326607359E-005
  0.129032254       9.67741907E-02   4.1420940721760492E-004
  0.161290318       9.67741907E-02   1.2108583187285340E-003
  0.193548381       9.67741907E-02   1.8502133327673461E-003
  0.225806445       9.67741907E-02   2.1469324080172184E-003
  0.258064508       9.67741907E-02   2.1694648792378399E-003
  0.290322572       9.67741907E-02   2.0149902959326494E-003
  0.322580636       9.67741907E-02   1.7875257575202122E-003
  0.354838699       9.67741907E-02   1.5496318782032218E-003
  0.387096763       9.67741907E-02   1.3288941637659979E-003
  0.419354826       9.67741907E-02   1.1336918504323669E-003
  0.451612890       9.67741907E-02   9.6419948833848489E-004
  0.483870953       9.67741907E-02   8.1773835540806575E-004
  0.516129017       9.67741907E-02   6.9109392607607351E-004
  0.548387110       9.67741907E-02   5.8133910806514846E-004
  0.580645144       9.67741907E-02   4.8624393988589614E-004
  0.612903237       9.67741907E-02   4.0375539234068338E-004
  0.645161271       9.67741907E-02   3.3253854569004567E-004
  0.677419364       9.67741907E-02   2.7121520539880300E-004
  0.709677398       9.67741907E-02   2.1873563290199854E-004
  0.741935492       9.67741907E-02   1.7417256401738195E-004
  0.774193525       9.67741907E-02   1.3652837423720570E-004
  0.806451619       9.67741907E-02   1.0508859835648335E-004
  0.838709652       9.67741907E-02   7.9091295788520785E-005
  0.870967746       9.67741907E-02   5.7859667444522600E-005
  0.903225780       9.67741907E-02   4.0652267716729715E-005
  0.935483873       9.67741907E-02   2.7166503659642540E-005
  0.967741907       9.67741907E-02   1.6873664586924375E-005
   1.00000000       9.67741907E-02   9.8681552071268826E-006
   0.00000000      0.129032254       3.4156515288914873E-005
   3.22580636E-02  0.129032254       8.4532536512141622E-005
   6.45161271E-02  0.129032254       2.0269789728666175E-004
   9.67741907E-02  0.129032254       4.1420986961280567E-004
  0.129032254      0.129032254       8.3648630385497634E-004
  0.161290318      0.129032254       3.2050714118571620E-003
  0.193548381      0.129032254       4.1510839393038897E-003
  0.225806445      0.129032254       4.1898840630032637E-003
  0.258064508      0.129032254       3.7283764283841262E-003
  0.290322572      0.129032254       3.1295992919151056E-003
  0.322580636      0.129032254       2.5725945285344541E-003
  0.354838699      0.129032254       2.1068817864860864E-003
  0.387096763      0.129032254       1.7324106858292027E-003
  0.419354826      0.129032254       1.4315964062886625E-003
  0.451612890      0.129032254       1.1901967172794129E-003
  0.483870953      0.129032254       9.9169074447486971E-004
  0.516129017      0.129032254       8.2947923187143811E-004
  0.548387110      0.129032254       6.9183452230351349E-004
  0.580645144      0.129032254       5.7784704797355063E-004
  0.612903237      0.129032254       4.7905886833173234E-004
  0.645161271      0.129032254       3.9647599098908542E-004
  0.677419364      0.129032254       3.2480432345147512E-004
  0.709677398      0.129032254       2.6448251048358793E-004
  0.741935492      0.129032254       2.1266534895555115E-004
  0.774193525      0.129032254       1.6917000398975493E-004
  0.806451619      0.129032254       1.3240301227673877E-004
  0.838709652      0.129032254       1.0176169508061606E-004
  0.870967746      0.129032254       7.6351794568252774E-005
  0.903225780      0.129032254       5.5708250650817412E-005
  0.935483873      0.129032254       3.8996732602740947E-005
  0.967741907      0.129032254       2.5979711001182700E-005
   1.00000000      0.129032254       1.7056486387284443E-005
   0.00000000      0.161290318       9.5544944100810257E-005
   3.22580636E-02  0.161290318       2.2435700247075134E-004
   6.45161271E-02  0.161290318       5.0780871431383074E-004
   9.67741907E-02  0.161290318       1.2108589974639977E-003
  0.129032254      0.161290318       3.2050713112577438E-003
  0.161290318      0.161290318       7.6911860605574619E-003
  0.193548381      0.161290318       8.7260949975066608E-003
  0.225806445      0.161290318       7.4132784738751532E-003
  0.258064508      0.161290318       5.8412350996268929E-003
  0.290322572      0.161290318       4.5136357780997619E-003
  0.322580636      0.161290318       3.5001246477612859E-003
  0.354838699      0.161290318       2.7496777571584365E-003
  0.387096763      0.161290318       2.1933955658699237E-003
  0.419354826      0.161290318       1.7728786520493881E-003
  0.451612890      0.161290318       1.4490660366596343E-003
  0.483870953      0.161290318       1.1932376638815504E-003
  0.516129017      0.161290318       9.8861128723209783E-004
  0.548387110      0.161290318       8.2050061766495536E-004
  0.580645144      0.161290318       6.8254471382938882E-004
  0.612903237      0.161290318       5.6590932070344575E-004
  0.645161271      0.161290318       4.6869963791742748E-004
  0.677419364      0.161290318       3.8556097703066109E-004
  0.709677398      0.161290318       3.1555382120450657E-004
  0.741935492      0.161290318       2.5586402458253356E-004
  0.774193525      0.161290318       2.0549045805095338E-004
  0.806451619      0.161290318       1.6286752757882971E-004
  0.838709652      0.161290318       1.2723612540347130E-004
  0.870967746      0.161290318       9.7489240707993876E-005
  0.903225780      0.161290318       7.2841907675234090E-005
  0.935483873      0.161290318       5.2865128536513948E-005
  0.967741907      0.161290318       3.7156194261054171E-005
   1.00000000      0.161290318       2.6824649589066344E-005
   0.00000000      0.193548381       2.0174070930912039E-004
   3.22580636E-02  0.193548381       4.0484028371763170E-004
   6.45161271E-02  0.193548381       8.5270178474178260E-004
   9.67741907E-02  0.193548381       1.8502139071366849E-003
  0.129032254      0.193548381       4.1510841766343350E-003
  0.161290318      0.193548381       8.7260949739068495E-003
  0.193548381      0.193548381       1.1170800044807997E-002
  0.225806445      0.193548381       9.7815623938033499E-003
  0.258064508      0.193548381       7.6085440881223420E-003
  0.290322572      0.193548381       5.7461827908432406E-003
  0.322580636      0.193548381       4.3617065122898606E-003
  0.354838699      0.193548381       3.3692402955931870E-003
  0.387096763      0.193548381       2.6516778700439703E-003
  0.419354826      0.193548381       2.1214916795305604E-003
  0.451612890      0.193548381       1.7196490213606743E-003
  0.483870953      0.193548381       1.4078654722309853E-003
  0.516129017      0.193548381       1.1605468799568296E-003
  0.548387110      0.193548381       9.6112944462853431E-004
  0.580645144      0.193548381       7.9737561230410652E-004
  0.612903237      0.193548381       6.6184288216049911E-004
  0.645161271      0.193548381       5.4810099793144867E-004
  0.677419364      0.193548381       4.5254031570214853E-004
  0.709677398      0.193548381       3.7151767981664685E-004
  0.741935492      0.193548381       3.0306289722743470E-004
  0.774193525      0.193548381       2.4507799260696593E-004
  0.806451619      0.193548381       1.9625066175763773E-004
  0.838709652      0.193548381       1.5508499420667754E-004
  0.870967746      0.193548381       1.2070396938031145E-004
  0.903225780      0.193548381       9.2280780608907501E-005
  0.935483873      0.193548381       6.8972642868042440E-005
  0.967741907      0.193548381       5.0677897374570963E-005
   1.00000000      0.193548381       3.8927989857475272E-005
   0.00000000      0.225806445       3.3759848885432528E-004
   3.22580636E-02  0.225806445       5.8675450975303762E-004
   6.45161271E-02  0.225806445       1.1109872182027858E-003
   9.67741907E-02  0.225806445       2.1469328899443091E-003
  0.129032254      0.225806445       4.1898847029684938E-003
  0.161290318      0.225806445       7.4132787807922327E-003
  0.193548381      0.225806445       9.7815627100929364E-003
  0.225806445      0.225806445       9.6338932463790796E-003
  0.258064508      0.225806445       8.0687162939005307E-003
  0.290322572      0.225806445       6.3404897901661447E-003
  0.322580636      0.225806445       4.9138648374405080E-003
  0.354838699      0.225806445       3.8350875910137120E-003
  0.387096763      0.225806445       3.0345108525654417E-003
  0.419354826      0.225806445       2.4337182375949117E-003
  0.451612890      0.225806445       1.9757613328416552E-003
  0.483870953      0.225806445       1.6181613623711822E-003
  0.516129017      0.225806445       1.3353912666292556E-003
  0.548387110      0.225806445       1.1058130818520074E-003
  0.580645144      0.225806445       9.1911429992265503E-004
  0.612903237      0.225806445       7.6315708502154632E-004
  0.645161271      0.225806445       6.3380981648363899E-004
  0.677419364      0.225806445       5.2416812561800828E-004
  0.709677398      0.225806445       4.3213254677167790E-004
  0.741935492      0.225806445       3.5391087521429799E-004
  0.774193525      0.225806445       2.8801886834763194E-004
  0.806451619      0.225806445       2.3218601208929360E-004
  0.838709652      0.225806445       1.8543850486793748E-004
  0.870967746      0.225806445       1.4623178828165163E-004
  0.903225780      0.225806445       1.1364239645766204E-004
  0.935483873      0.225806445       8.7065507559553462E-005
  0.967741907      0.225806445       6.6352705788787729E-005
   1.00000000      0.225806445       5.3395703791400388E-005
   0.00000000      0.258064508       4.7715770457539691E-004
   3.22580636E-02  0.258064508       7.3145119446863080E-004
   6.45161271E-02  0.258064508       1.2438869685945796E-003
   9.67741907E-02  0.258064508       2.1694650413202577E-003
  0.129032254      0.258064508       3.7283766690132162E-003
  0.161290318      0.258064508       5.8412352826568165E-003
  0.193548381      0.258064508       7.6085441785604157E-003
  0.225806445      0.258064508       8.0687161630649887E-003
  0.258064508      0.258064508       7.3691560096085743E-003
  0.290322572      0.258064508       6.2014774930175542E-003
  0.322580636      0.258064508       5.0422153639668567E-003
  0.354838699      0.258064508       4.0624547003597746E-003
  0.387096763      0.258064508       3.2830594602675147E-003
  0.419354826      0.258064508       2.6711750699598773E-003
  0.451612890      0.258064508       2.1908278582184978E-003
  0.483870953      0.258064508       1.8077486141180521E-003
  0.516129017      0.258064508       1.5004723182721648E-003
  0.548387110      0.258064508       1.2481795336764360E-003
  0.580645144      0.258064508       1.0416190315060952E-003
  0.612903237      0.258064508       8.6757706621086255E-004
  0.645161271      0.258064508       7.2312091966918635E-004
  0.677419364      0.258064508       5.9968906966498150E-004
  0.709677398      0.258064508       4.9627880974281073E-004
  0.741935492      0.258064508       4.0783232828447264E-004
  0.774193525      0.258064508       3.3354737638194445E-004
  0.806451619      0.258064508       2.7051874543673781E-004
  0.838709652      0.258064508       2.1769824413041752E-004
  0.870967746      0.258064508       1.7339167216517899E-004
  0.903225780      0.258064508       1.3686152413190479E-004
  0.935483873      0.258064508       1.0699509694586890E-004
  0.967741907      0.258064508       8.3987665893147311E-005
   1.00000000      0.258064508       6.9998876898187895E-005
   0.00000000      0.290322572       5.9429635753529013E-004
   3.22580636E-02  0.290322572       8.2077563225503732E-004
   6.45161271E-02  0.290322572       1.2705863641073682E-003
   9.67741907E-02  0.290322572       2.0149902909545273E-003
  0.129032254      0.290322572       3.1295995293238320E-003
  0.161290318      0.290322572       4.5136358422983511E-003
  0.193548381      0.290322572       5.7461830385282051E-003
  0.225806445      0.290322572       6.3404898660562687E-003
  0.258064508      0.290322572       6.2014777314365367E-003
  0.290322572      0.290322572       5.5906115751081474E-003
  0.322580636      0.290322572       4.8100108376393641E-003
  0.354838699      0.290322572       4.0460449033780689E-003
  0.387096763      0.290322572       3.3744362088729022E-003
  0.419354826      0.290322572       2.8108014161646296E-003
  0.451612890      0.290322572       2.3454273262775273E-003
  0.483870953      0.290322572       1.9621193957718281E-003
  0.516129017      0.290322572       1.6450351274342105E-003
  0.548387110      0.290322572       1.3809273251172854E-003
  0.580645144      0.290322572       1.1593402991056368E-003
  0.612903237      0.290322572       9.7209830914666683E-004
  0.645161271      0.290322572       8.1336769363576889E-004
  0.677419364      0.290322572       6.7800445383506822E-004
  0.709677398      0.290322572       5.6282219900632643E-004
  0.741935492      0.290322572       4.6468159341833568E-004
  0.774193525      0.290322572       3.8139357141274579E-004
  0.806451619      0.290322572       3.1092068644549003E-004
  0.838709652      0.290322572       2.5173985894613228E-004
  0.870967746      0.290322572       2.0234722762371555E-004
  0.903225780      0.290322572       1.6146572876636216E-004
  0.935483873      0.290322572       1.2846834484461168E-004
  0.967741907      0.290322572       1.0335465758895669E-004
   1.00000000      0.290322572       8.8500124064391582E-005
   0.00000000      0.322580636       6.7143671616836851E-004
   3.22580636E-02  0.322580636       8.5673915297375478E-004
   6.45161271E-02  0.322580636       1.2207792591126100E-003
   9.67741907E-02  0.322580636       1.7875256987742786E-003
  0.129032254      0.322580636       2.5725944229230053E-003
  0.161290318      0.322580636       3.5001246323786502E-003
  0.193548381      0.322580636       4.3617064488375521E-003
  0.225806445      0.322580636       4.9138646873588760E-003
  0.258064508      0.322580636       5.0422152907898523E-003
  0.290322572      0.322580636       4.8100105839181378E-003
  0.322580636      0.322580636       4.3654632492499514E-003
  0.354838699      0.322580636       3.8417993668464386E-003
  0.387096763      0.322580636       3.3229431949150243E-003
  0.419354826      0.322580636       2.8483943555659588E-003
  0.451612890      0.322580636       2.4312725859560202E-003
  0.483870953      0.322580636       2.0709384653411441E-003
  0.516129017      0.322580636       1.7616897409013837E-003
  0.548387110      0.322580636       1.4964683070783288E-003
  0.580645144      0.322580636       1.2685275447600014E-003
  0.612903237      0.322580636       1.0723556286501078E-003
  0.645161271      0.322580636       9.0302941334936295E-004
  0.677419364      0.322580636       7.5704245124843020E-004
  0.709677398      0.322580636       6.3123543869248843E-004
  0.741935492      0.322580636       5.2328034532036062E-004
  0.774193525      0.322580636       4.3108228791167817E-004
  0.806451619      0.322580636       3.5292235459477074E-004
  0.838709652      0.322580636       2.8709746062591251E-004
  0.870967746      0.322580636       2.3224618456344046E-004
  0.903225780      0.322580636       1.8722622740243222E-004
  0.935483873      0.322580636       1.5107665737997084E-004
  0.967741907      0.322580636       1.2401464384901746E-004
   1.00000000      0.322580636       1.0841744314625345E-004
   0.00000000      0.354838699       7.0445065978516825E-004
   3.22580636E-02  0.354838699       8.4730988446646424E-004
   6.45161271E-02  0.354838699       1.1280290093610530E-003
   9.67741907E-02  0.354838699       1.5496317706074310E-003
  0.129032254      0.354838699       2.1068817472937652E-003
  0.161290318      0.354838699       2.7496776053822719E-003
  0.193548381      0.354838699       3.3692403041122787E-003
  0.225806445      0.354838699       3.8350875552379555E-003
  0.258064508      0.354838699       4.0624548165617688E-003
  0.290322572      0.354838699       4.0460449192541194E-003
  0.322580636      0.354838699       3.8417996060044605E-003
  0.354838699      0.354838699       3.5263008725882261E-003
  0.387096763      0.354838699       3.1636625408950013E-003
  0.419354826      0.354838699       2.7969280644587788E-003
  0.451612890      0.354838699       2.4491611070254328E-003
  0.483870953      0.354838699       2.1309297070872253E-003
  0.516129017      0.354838699       1.8449261701916095E-003
  0.548387110      0.354838699       1.5903353111674410E-003
  0.580645144      0.354838699       1.3648029349552283E-003
  0.612903237      0.354838699       1.1654781679992969E-003
  0.645161271      0.354838699       9.8981140896637590E-004
  0.677419364      0.354838699       8.3545832087513860E-004
  0.709677398      0.354838699       7.0053562518522939E-004
  0.741935492      0.354838699       5.8334077202459129E-004
  0.774193525      0.354838699       4.8236089519209058E-004
  0.806451619      0.354838699       3.9618448632353656E-004
  0.838709652      0.354838699       3.2354130119656188E-004
  0.870967746      0.354838699       2.6309171263142459E-004
  0.903225780      0.354838699       2.1359773006583639E-004
  0.935483873      0.354838699       1.7436208630537797E-004
  0.967741907      0.354838699       1.4549449954976226E-004
   1.00000000      0.354838699       1.2924989545658565E-004
   0.00000000      0.387096763       6.9761828886876170E-004
   3.22580636E-02  0.387096763       8.0503375863645425E-004
   6.45161271E-02  0.387096763       1.0163197828178810E-003
   9.67741907E-02  0.387096763       1.3288941622724947E-003
  0.129032254      0.387096763       1.7324104985807255E-003
  0.161290318      0.387096763       2.1933955578448071E-003
  0.193548381      0.387096763       2.6516777118626308E-003
  0.225806445      0.387096763       3.0345107318989978E-003
  0.258064508      0.387096763       3.2830593241272733E-003
  0.290322572      0.387096763       3.3744360115450650E-003
  0.322580636      0.387096763       3.3229431249054459E-003
  0.354838699      0.387096763       3.1636622902496019E-003
  0.387096763      0.387096763       2.9372037930327308E-003
  0.419354826      0.387096763       2.6771689618441600E-003
  0.451612890      0.387096763       2.4077534392849711E-003
  0.483870953      0.387096763       2.1436201899933346E-003
  0.516129017      0.387096763       1.8929734114037965E-003
  0.548387110      0.387096763       1.6596353175377847E-003
  0.580645144      0.387096763       1.4449483430977624E-003
  0.612903237      0.387096763       1.2490982265225472E-003
  0.645161271      0.387096763       1.0716553904488411E-003
  0.677419364      0.387096763       9.1210585750533884E-004
  0.709677398      0.387096763       7.6982644866651511E-004
  0.741935492      0.387096763       6.4422709722824632E-004
  0.774193525      0.387096763       5.3468261078588257E-004
  0.806451619      0.387096763       4.4044823534989899E-004
  0.838709652      0.387096763       3.6059028525200956E-004
  0.870967746      0.387096763       2.9414291211920065E-004
  0.903225780      0.387096763       2.4013864384569495E-004
  0.935483873      0.387096763       1.9773589691415473E-004
  0.967741907      0.387096763       1.6712877527198900E-004
   1.00000000      0.387096763       1.5032550983295266E-004
   0.00000000      0.419354826       6.6057904749017272E-004
   3.22580636E-02  0.419354826       7.4090771861417409E-004
   6.45161271E-02  0.419354826       9.0008502131897416E-004
   9.67741907E-02  0.419354826       1.1336918507711550E-003
  0.129032254      0.419354826       1.4315963199461993E-003
  0.161290318      0.419354826       1.7728785195175209E-003
  0.193548381      0.419354826       2.1214915784696841E-003
  0.225806445      0.419354826       2.4337181721361110E-003
  0.258064508      0.419354826       2.6711750541155281E-003
  0.290322572      0.419354826       2.8108014315384004E-003
  0.322580636      0.419354826       2.8483945024836465E-003
  0.354838699      0.419354826       2.7969281024211303E-003
  0.387096763      0.419354826       2.6771692043507994E-003
  0.419354826      0.419354826       2.5115911068965707E-003
  0.451612890      0.419354826       2.3191360486273225E-003
  0.483870953      0.419354826       2.1142590846140352E-003
  0.516129017      0.419354826       1.9067922665035153E-003
  0.548387110      0.419354826       1.7030751929268521E-003
  0.580645144      0.419354826       1.5070587641161451E-003
  0.612903237      0.419354826       1.3211722997844967E-003
  0.645161271      0.419354826       1.1470539730971262E-003
  0.677419364      0.419354826       9.8585554541601107E-004
  0.709677398      0.419354826       8.3851558590296099E-004
  0.741935492      0.419354826       7.0574959877886317E-004
  0.774193525      0.419354826       5.8801435031747738E-004
  0.806451619      0.419354826       4.8549985600098095E-004
  0.838709652      0.419354826       3.9808925285107506E-004
  0.870967746      0.419354826       3.2525922444439736E-004
  0.903225780      0.419354826       2.6626309811481378E-004
  0.935483873      0.419354826       2.2054249858924607E-004
  0.967741907      0.419354826       1.8817838859194896E-004
   1.00000000      0.419354826       1.7081058794380952E-004
   0.00000000      0.451612890       6.0354726776051023E-004
   3.22580636E-02  0.451612890       6.6517138675381668E-004
   6.45161271E-02  0.451612890       7.8658563993860213E-004
   9.67741907E-02  0.451612890       9.6419967751523435E-004
  0.129032254      0.451612890       1.1901967129409967E-003
  0.161290318      0.451612890       1.4490661441266615E-003
  0.193548381      0.451612890       1.7196488771329859E-003
  0.225806445      0.451612890       1.9757612519839059E-003
  0.258064508      0.451612890       2.1908276780914183E-003
  0.290322572      0.451612890       2.3454271794782220E-003
  0.322580636      0.451612890       2.4312724778900690E-003
  0.354838699      0.451612890       2.4491609274505774E-003
  0.387096763      0.451612890       2.4077534380801532E-003
  0.419354826      0.451612890       2.3191358572365499E-003
  0.451612890      0.451612890       2.1960883518389474E-003
  0.483870953      0.451612890       2.0497634478804758E-003
  0.516129017      0.451612890       1.8891095579290586E-003
  0.548387110      0.451612890       1.7208634126424280E-003
  0.580645144      0.451612890       1.5500036641509704E-003
  0.612903237      0.451612890       1.3802832601488835E-003
  0.645161271      0.451612890       1.2147064689711669E-003
  0.677419364      0.451612890       1.0558727734524256E-003
  0.709677398      0.451612890       9.0612763125647890E-004
  0.741935492      0.451612890       7.6761208832464467E-004
  0.774193525      0.451612890       6.4219963820229709E-004
  0.806451619      0.451612890       5.3130686781782688E-004
  0.838709652      0.451612890       4.3576530444145952E-004
  0.870967746      0.451612890       3.5587555601246195E-004
  0.903225780      0.451612890       2.9143905467926529E-004
  0.935483873      0.451612890       2.4202412157761527E-004
  0.967741907      0.451612890       2.0771786329967990E-004
   1.00000000      0.451612890       1.8972252420491130E-004
   0.00000000      0.483870953       5.3572930506649559E-004
   3.22580636E-02  0.483870953       5.8439027042173606E-004
   6.45161271E-02  0.483870953       6.7981371326885883E-004
   9.67741907E-02  0.483870953       8.1773870605790380E-004
  0.129032254      0.483870953       9.9169084032371940E-004
  0.161290318      0.483870953       1.1932376125992016E-003
  0.193548381      0.483870953       1.4078653451625324E-003
  0.225806445      0.483870953       1.6181612545915212E-003
  0.258064508      0.483870953       1.8077485130088436E-003
  0.290322572      0.483870953       1.9621194264545080E-003
  0.322580636      0.483870953       2.0709386018552931E-003
  0.354838699      0.483870953       2.1309298589754738E-003
  0.387096763      0.483870953       2.1436205136390702E-003
  0.419354826      0.483870953       2.1142592343020824E-003
  0.451612890      0.483870953       2.0497637520152912E-003
  0.483870953      0.483870953       1.9573479006999698E-003
  0.516129017      0.483870953       1.8435776502277058E-003
  0.548387110      0.483870953       1.7140338542599872E-003
  0.580645144      0.483870953       1.5733076833915980E-003
  0.612903237      0.483870953       1.4253085701299336E-003
  0.645161271      0.483870953       1.2735388714155498E-003
  0.677419364      0.483870953       1.1214058236775602E-003
  0.709677398      0.483870953       9.7237790899582812E-004
  0.741935492      0.483870953       8.2996033959539892E-004
  0.774193525      0.483870953       6.9751201003495991E-004
  0.806451619      0.483870953       5.7798448463948938E-004
  0.838709652      0.483870953       4.7365476656294474E-004
  0.870967746      0.483870953       3.8585258010586065E-004
  0.903225780      0.483870953       3.1508729242955933E-004
  0.935483873      0.483870953       2.6137101477094672E-004
  0.967741907      0.483870953       2.2474348053001952E-004
   1.00000000      0.483870953       2.0591718024942421E-004
   0.00000000      0.516129017       4.6410150421484839E-004
   3.22580636E-02  0.516129017       5.0424862875404297E-004
   6.45161271E-02  0.516129017       5.8120432297726612E-004
   9.67741907E-02  0.516129017       6.9109424697713976E-004
  0.129032254      0.516129017       8.2947945013100370E-004
  0.161290318      0.516129017       9.8861139362392330E-004
  0.193548381      0.516129017       1.1605467836254193E-003
  0.225806445      0.516129017       1.3353911936661734E-003
  0.258064508      0.516129017       1.5004722224088638E-003
  0.290322572      0.516129017       1.6450351208921556E-003
  0.322580636      0.516129017       1.7616897702562692E-003
  0.354838699      0.516129017       1.8449261680435840E-003
  0.387096763      0.516129017       1.8929735589910169E-003
  0.419354826      0.516129017       1.9067922393763239E-003
  0.451612890      0.516129017       1.8891097057549995E-003
  0.483870953      0.516129017       1.8435775012082755E-003
  0.516129017      0.516129017       1.7740253155294769E-003
  0.548387110      0.516129017       1.6840071273630239E-003
  0.580645144      0.516129017       1.5767596230098844E-003
  0.612903237      0.516129017       1.4552281074784771E-003
  0.645161271      0.516129017       1.3224320609316589E-003
  0.677419364      0.516129017       1.1817214310675293E-003
  0.709677398      0.516129017       1.0370273158965848E-003
  0.741935492      0.516129017       8.9290214538336626E-004
  0.774193525      0.516129017       7.5425815993251813E-004
  0.806451619      0.516129017       6.2587997162476554E-004
  0.838709652      0.516129017       5.1178407480068013E-004
  0.870967746      0.516129017       4.1486784588619082E-004
  0.903225780      0.516129017       3.3667676391468048E-004
  0.935483873      0.516129017       2.7772142855543211E-004
  0.967741907      0.516129017       2.3810462207600518E-004
   1.00000000      0.516129017       2.1809521975066983E-004
   0.00000000      0.548387110       3.9358231661596865E-004
   3.22580636E-02  0.548387110       4.2770450501626529E-004
   6.45161271E-02  0.548387110       4.9190719672156664E-004
   9.67741907E-02  0.548387110       5.8133982351774277E-004
  0.129032254      0.548387110       6.9183480034844030E-004
  0.161290318      0.548387110       8.2050064709680609E-004
  0.193548381      0.548387110       9.6112937997914268E-004
  0.225806445      0.548387110       1.1058129738520275E-003
  0.258064508      0.548387110       1.2481794751345347E-003
  0.290322572      0.548387110       1.3809274382049945E-003
  0.322580636      0.548387110       1.4964685316726787E-003
  0.354838699      0.548387110       1.5903356240618601E-003
  0.387096763      0.548387110       1.6596358209852158E-003
  0.419354826      0.548387110       1.7030755608579235E-003
  0.451612890      0.548387110       1.7208639432869290E-003
  0.483870953      0.548387110       1.7140340662321445E-003
  0.516129017      0.548387110       1.6840074892852414E-003
  0.548387110      0.548387110       1.6322615767980148E-003
  0.580645144      0.548387110       1.5600972865143269E-003
  0.612903237      0.548387110       1.4688240012039374E-003
  0.645161271      0.548387110       1.3599644269823249E-003
  0.677419364      0.548387110       1.2357880211698357E-003
  0.709677398      0.548387110       1.0997616638400481E-003
  0.741935492      0.548387110       9.5679379113155279E-004
  0.774193525      0.548387110       8.1311091252204352E-004
  0.806451619      0.548387110       6.7552383780975986E-004
  0.838709652      0.548387110       5.5046507490704008E-004
  0.870967746      0.548387110       4.4284440631163973E-004
  0.903225780      0.548387110       3.5567211543515803E-004
  0.935483873      0.548387110       2.9018608362083297E-004
  0.967741907      0.548387110       2.4660404305943030E-004
   1.00000000      0.548387110       2.2483412413037501E-004
   0.00000000      0.580645144       3.2726990251514133E-004
   3.22580636E-02  0.580645144       3.5718759986149166E-004
   6.45161271E-02  0.580645144       4.1174741464114359E-004
   9.67741907E-02  0.580645144       4.8624446047880622E-004
  0.129032254      0.580645144       5.7784745424672426E-004
  0.161290318      0.580645144       6.8254470144245879E-004
  0.193548381      0.580645144       7.9737545211199282E-004
  0.225806445      0.580645144       9.1911409922881067E-004
  0.258064508      0.580645144       1.0416190325953636E-003
  0.290322572      0.580645144       1.1593404854628312E-003
  0.322580636      0.580645144       1.2685278669506517E-003
  0.354838699      0.580645144       1.3648032804390456E-003
  0.387096763      0.580645144       1.4449488410279202E-003
  0.419354826      0.580645144       1.5070590593994923E-003
  0.451612890      0.580645144       1.5500041237157111E-003
  0.483870953      0.580645144       1.5733077708359887E-003
  0.516129017      0.580645144       1.5767598955745334E-003
  0.548387110      0.580645144       1.5600971561607938E-003
  0.580645144      0.580645144       1.5228767594144617E-003
  0.612903237      0.580645144       1.4643823496954633E-003
  0.645161271      0.580645144       1.3840403966197841E-003
  0.677419364      0.580645144       1.2819501166183712E-003
  0.709677398      0.580645144       1.1598235225227143E-003
  0.741935492      0.580645144       1.0218148297277340E-003
  0.774193525      0.580645144       8.7478504588696740E-004
  0.806451619      0.580645144       7.2772726306089008E-004
  0.838709652      0.580645144       5.9001744691957554E-004
  0.870967746      0.580645144       4.6960538980347010E-004
  0.903225780      0.580645144       3.7149814458198544E-004
  0.935483873      0.580645144       2.9786244870159230E-004
  0.967741907      0.580645144       2.4901087112971234E-004
   1.00000000      0.580645144       2.2469629295270358E-004
   0.00000000      0.612903237       2.6699688195777160E-004
   3.22580636E-02  0.612903237       2.9360631306850311E-004
   6.45161271E-02  0.612903237       3.4094004108800748E-004
   9.67741907E-02  0.612903237       4.0375642531565245E-004
  0.129032254      0.612903237       4.7905902251717811E-004
  0.161290318      0.612903237       5.6590912445958030E-004
  0.193548381      0.612903237       6.6184261924357693E-004
  0.225806445      0.612903237       7.6315690519549080E-004
  0.258064508      0.612903237       8.6757721539400593E-004
  0.290322572      0.612903237       9.7209873396420779E-004
  0.322580636      0.612903237       1.0723561913603362E-003
  0.354838699      0.612903237       1.1654788794691119E-003
  0.387096763      0.612903237       1.2490990563741504E-003
  0.419354826      0.612903237       1.3211730277633976E-003
  0.451612890      0.612903237       1.3802840934268967E-003
  0.483870953      0.612903237       1.4253090417762015E-003
  0.516129017      0.612903237       1.4552287550613026E-003
  0.548387110      0.612903237       1.4688242296767692E-003
  0.580645144      0.612903237       1.4643827352833708E-003
  0.612903237      0.612903237       1.4395811634814095E-003
  0.645161271      0.612903237       1.3914894131504679E-003
  0.677419364      0.612903237       1.3173170862698959E-003
  0.709677398      0.612903237       1.2155551650984157E-003
  0.741935492      0.612903237       1.0877876615945385E-003
  0.774193525      0.612903237       9.4018183812980764E-004
  0.806451619      0.612903237       7.8346118979532057E-004
  0.838709652      0.612903237       6.3098613437821856E-004
  0.870967746      0.612903237       4.9492835902756056E-004
  0.903225780      0.612903237       3.8344961480478120E-004
  0.935483873      0.612903237       2.9978570526208669E-004
  0.967741907      0.612903237       2.4421220097368637E-004
   1.00000000      0.612903237       2.1637406560434395E-004
   0.00000000      0.645161271       2.1361373810882599E-004
   3.22580636E-02  0.645161271       2.3757188670641216E-004
   6.45161271E-02  0.645161271       2.7888451929495005E-004
   9.67741907E-02  0.645161271       3.3253903246276275E-004
  0.129032254      0.645161271       3.9647605543548762E-004
  0.161290318      0.645161271       4.6869906505247745E-004
  0.193548381      0.645161271       5.4810049028837678E-004
  0.225806445      0.645161271       6.3380947217521889E-004
  0.258064508      0.645161271       7.2312119822275046E-004
  0.290322572      0.645161271       8.1336822262380478E-004
  0.322580636      0.645161271       9.0303027638613976E-004
  0.354838699      0.645161271       9.8981232416819474E-004
  0.387096763      0.645161271       1.0716564175601722E-003
  0.419354826      0.645161271       1.1470547878288224E-003
  0.451612890      0.645161271       1.2147073231789109E-003
  0.483870953      0.645161271       1.2735392794233488E-003
  0.516129017      0.645161271       1.3224326691380984E-003
  0.548387110      0.645161271       1.3599645332322725E-003
  0.580645144      0.645161271       1.3840406919794852E-003
  0.612903237      0.645161271       1.3914892615306653E-003
  0.645161271      0.645161271       1.3777933176045757E-003
  0.677419364      0.645161271       1.3370501405347687E-003
  0.709677398      0.645161271       1.2633933227970125E-003
  0.741935492      0.645161271       1.1534080328369615E-003
  0.774193525      0.645161271       1.0098320401113546E-003
  0.806451619      0.645161271       8.4396775974431026E-004
  0.838709652      0.645161271       6.7380864777321801E-004
  0.870967746      0.645161271       5.1831081397839089E-004
  0.903225780      0.645161271       3.9038887349956351E-004
  0.935483873      0.645161271       2.9490650416100656E-004
  0.967741907      0.645161271       2.3130926103462465E-004
   1.00000000      0.645161271       1.9902747080772010E-004
   0.00000000      0.677419364       1.6737541073155184E-004
   3.22580636E-02  0.677419364       1.8897746609933139E-004
   6.45161271E-02  0.677419364       2.2523955534189312E-004
   9.67741907E-02  0.677419364       2.7121571169444968E-004
  0.129032254      0.677419364       3.2480357871682194E-004
  0.161290318      0.677419364       3.8555992921909745E-004
  0.193548381      0.677419364       4.5253942466520687E-004
  0.225806445      0.677419364       5.2416782827402985E-004
  0.258064508      0.677419364       5.9968960462399251E-004
  0.290322572      0.677419364       6.7800546718885181E-004
  0.322580636      0.677419364       7.5704381014543543E-004
  0.354838699      0.677419364       8.3545976151646868E-004
  0.387096763      0.677419364       9.1210726571562333E-004
  0.419354826      0.677419364       9.8585682131357467E-004
  0.451612890      0.677419364       1.0558738982201505E-003
  0.483870953      0.677419364       1.1214066036555647E-003
  0.516129017      0.677419364       1.1817223138946211E-003
  0.548387110      0.677419364       1.2357884359177364E-003
  0.580645144      0.677419364       1.2819507125501402E-003
  0.612903237      0.677419364       1.3173172520303670E-003
  0.645161271      0.677419364       1.3370504949379392E-003
  0.677419364      0.677419364       1.3336095247995124E-003
  0.709677398      0.677419364       1.2964128898592588E-003
  0.741935492      0.677419364       1.2147607538565330E-003
  0.774193525      0.677419364       1.0834481494574749E-003
  0.806451619      0.677419364       9.1039745561411129E-004
  0.838709652      0.677419364       7.1897100328511816E-004
  0.870967746      0.677419364       5.3847949222951455E-004
  0.903225780      0.677419364       3.9053528156416945E-004
  0.935483873      0.677419364       2.8183638552862952E-004
  0.967741907      0.677419364       2.0991789730809090E-004
   1.00000000      0.677419364       1.7270092246024935E-004
   0.00000000      0.709677398       1.2812605567034932E-004
   3.22580636E-02  0.709677398       1.4758949831529747E-004
   6.45161271E-02  0.709677398       1.7928412618155800E-004
   9.67741907E-02  0.709677398       2.1873526385691878E-004
  0.129032254      0.709677398       2.6448127446045784E-004
  0.161290318      0.709677398       3.1555176778725837E-004
  0.193548381      0.709677398       3.7151626505588974E-004
  0.225806445      0.709677398       4.3213210853528742E-004
  0.258064508      0.709677398       4.9627963620696598E-004
  0.290322572      0.709677398       5.6282353160021388E-004
  0.322580636      0.709677398       6.3123738036158553E-004
  0.354838699      0.709677398       7.0053738955400482E-004
  0.387096763      0.709677398       7.6982829906393168E-004
  0.419354826      0.709677398       8.3851702179253012E-004
  0.451612890      0.709677398       9.0612886132051737E-004
  0.483870953      0.709677398       9.7237866422767653E-004
  0.516129017      0.709677398       1.0370281690180515E-003
  0.548387110      0.709677398       1.0997619734428468E-003
  0.580645144      0.709677398       1.1598240710092122E-003
  0.612903237      0.709677398       1.2155552169555715E-003
  0.645161271      0.709677398       1.2633935866124759E-003
  0.677419364      0.709677398       1.2964127344988147E-003
  0.709677398      0.709677398       1.3023523073465103E-003
  0.741935492      0.709677398       1.2622603653461299E-003
  0.774193525      0.709677398       1.1573577231743953E-003
  0.806451619      0.709677398       9.8352383367551841E-004
  0.838709652      0.709677398       7.6619107144082575E-004
  0.870967746      0.709677398       5.5294895889631927E-004
  0.903225780      0.709677398       3.8063251419467029E-004
  0.935483873      0.709677398       2.5898661051345251E-004
  0.967741907      0.709677398       1.8024459552326029E-004
   1.00000000      0.709677398       1.3894575325219976E-004
   0.00000000      0.741935492       9.5454096050549118E-005
   3.22580636E-02  0.741935492       1.1287764558172385E-004
   6.45161271E-02  0.741935492       1.4040697374793166E-004
   9.67741907E-02  0.741935492       1.7417170719586668E-004
  0.129032254      0.741935492       2.1266260087377174E-004
  0.161290318      0.741935492       2.5586091037490145E-004
  0.193548381      0.741935492       3.0306084105335328E-004
  0.225806445      0.741935492       3.5391052762855194E-004
  0.258064508      0.741935492       4.0783353519348461E-004
  0.290322572      0.741935492       4.6468383728147974E-004
  0.322580636      0.741935492       5.2328307067783439E-004
  0.354838699      0.741935492       5.8334338670106283E-004
  0.387096763      0.741935492       6.4422948949923494E-004
  0.419354826      0.741935492       7.0575149844320773E-004
  0.451612890      0.741935492       7.6761348440003571E-004
  0.483870953      0.741935492       8.2996139718215440E-004
  0.516129017      0.741935492       8.9290311085450603E-004
  0.548387110      0.741935492       9.5679437448755573E-004
  0.580645144      0.741935492       1.0218155728964607E-003
  0.612903237      0.741935492       1.0877879825622974E-003
  0.645161271      0.741935492       1.1534085268743799E-003
  0.677419364      0.741935492       1.2147608348874949E-003
  0.709677398      0.741935492       1.2622606055732665E-003
  0.741935492      0.741935492       1.2754695800885837E-003
  0.774193525      0.741935492       1.2185791006029420E-003
  0.806451619      0.741935492       1.0597349707570636E-003
  0.838709652      0.741935492       8.1357103319310779E-004
  0.870967746      0.741935492       5.5583073106034637E-004
  0.903225780      0.741935492       3.5602881460660953E-004
  0.935483873      0.741935492       2.2421008297304781E-004
  0.967741907      0.741935492       1.4361502342874846E-004
   1.00000000      0.741935492       1.0117071173449891E-004
   0.00000000      0.774193525       6.8848483038943793E-005
   3.22580636E-02  0.774193525       8.4264180825808176E-005
   6.45161271E-02  0.774193525       1.0790419340016486E-004
   9.67741907E-02  0.774193525       1.3652732629777710E-004
  0.129032254      0.774193525       1.6916572125629453E-004
  0.161290318      0.774193525       2.0548533881558769E-004
  0.193548381      0.774193525       2.4507483526161239E-004
  0.225806445      0.774193525       2.8801816565883774E-004
  0.258064508      0.774193525       3.3354911553166858E-004
  0.290322572      0.774193525       3.8139650001911345E-004
  0.322580636      0.774193525       4.3108597037595016E-004
  0.354838699      0.774193525       4.8236413152682333E-004
  0.387096763      0.774193525       5.3468571154779152E-004
  0.419354826      0.774193525       5.8801640272729630E-004
  0.451612890      0.774193525       6.4220123962591233E-004
  0.483870953      0.774193525       6.9751296941591490E-004
  0.516129017      0.774193525       7.5425909846271288E-004
  0.548387110      0.774193525       8.1311139050809595E-004
  0.580645144      0.774193525       8.7478578492484918E-004
  0.612903237      0.774193525       9.4018208669802161E-004
  0.645161271      0.774193525       1.0098324915819570E-003
  0.677419364      0.774193525       1.0834480914265368E-003
  0.709677398      0.774193525       1.1573578117450394E-003
  0.741935492      0.774193525       1.2185788959904907E-003
  0.774193525      0.774193525       1.2302042961995900E-003
  0.806451619      0.774193525       1.1198934996006641E-003
  0.838709652      0.774193525       8.5157020504114721E-004
  0.870967746      0.774193525       5.3625120485977385E-004
  0.903225780      0.774193525       3.0865069132871985E-004
  0.935483873      0.774193525       1.7648769358966692E-004
  0.967741907      0.774193525       1.0271618351208619E-004
   1.00000000      0.774193525       6.4469195629280444E-005
   0.00000000      0.806451619       4.7676639668838022E-005
   3.22580636E-02  0.806451619       6.1090388605724381E-005
   6.45161271E-02  0.806451619       8.1091528605611960E-005
   9.67741907E-02  0.806451619       1.0508687299707001E-004
  0.129032254      0.806451619       1.3239466193358963E-004
  0.161290318      0.806451619       1.6286012348873909E-004
  0.193548381      0.806451619       1.9624593210449971E-004
  0.225806445      0.806451619       2.3218535190884108E-004
  0.258064508      0.806451619       2.7052124110893302E-004
  0.290322572      0.806451619       3.1092501981489802E-004
  0.322580636      0.806451619       3.5292731255280135E-004
  0.354838699      0.806451619       3.9618921105355221E-004
  0.387096763      0.806451619       4.4045207617689105E-004
  0.419354826      0.806451619       4.8550249617733637E-004
  0.451612890      0.806451619       5.3130850168453276E-004
  0.483870953      0.806451619       5.7798558570757244E-004
  0.516129017      0.806451619       6.2588084208425919E-004
  0.548387110      0.806451619       6.7552457320727401E-004
  0.580645144      0.806451619       7.2772815131900341E-004
  0.612903237      0.806451619       7.8346176550152962E-004
  0.645161271      0.806451619       8.4396839233541346E-004
  0.677419364      0.806451619       9.1039758445605676E-004
  0.709677398      0.806451619       9.8352398906240753E-004
  0.741935492      0.806451619       1.0597348121075825E-003
  0.774193525      0.806451619       1.1198935240663926E-003
  0.806451619      0.806451619       1.0960930117869291E-003
  0.838709652      0.806451619       8.5805039497703281E-004
  0.870967746      0.806451619       4.6661604447978329E-004
  0.903225780      0.806451619       2.3125220412599656E-004
  0.935483873      0.806451619       1.1811792413805090E-004
  0.967741907      0.806451619       6.1323272919014518E-005
   1.00000000      0.806451619       3.5298808373332214E-005
   0.00000000      0.838709652       3.1324187422776863E-005
   3.22580636E-02  0.838709652       4.2742748544019573E-005
   6.45161271E-02  0.838709652       5.9232812539079570E-005
   9.67741907E-02  0.838709652       7.9086018369766559E-005
  0.129032254      0.838709652       1.0174815062066435E-004
  0.161290318      0.838709652       1.2722553832256728E-004
  0.193548381      0.838709652       1.5507804321464314E-004
  0.225806445      0.838709652       1.8543770130829154E-004
  0.258064508      0.838709652       2.1770157834188702E-004
  0.290322572      0.838709652       2.5174532888429881E-004
  0.322580636      0.838709652       2.8710412270349081E-004
  0.354838699      0.838709652       3.2354710217760165E-004
  0.387096763      0.838709652       3.6059519370799654E-004
  0.419354826      0.838709652       3.9809206218187115E-004
  0.451612890      0.838709652       4.3576714573397788E-004
  0.483870953      0.838709652       4.7365554746703516E-004
  0.516129017      0.838709652       5.1178493561089653E-004
  0.548387110      0.838709652       5.5046570735459556E-004
  0.580645144      0.838709652       5.9001847260193273E-004
  0.612903237      0.838709652       6.3098672275744183E-004
  0.645161271      0.838709652       6.7380929920933010E-004
  0.677419364      0.838709652       7.1897094294554758E-004
  0.709677398      0.838709652       7.6619098620033053E-004
  0.741935492      0.838709652       8.1357053350228370E-004
  0.774193525      0.838709652       8.5156992952785653E-004
  0.806451619      0.838709652       8.5805012536810019E-004
  0.838709652      0.838709652       7.3574834840602033E-004
  0.870967746      0.838709652       2.9594595948278965E-004
  0.903225780      0.838709652       1.2447913710333336E-004
  0.935483873      0.838709652       5.7615084645968528E-005
  0.967741907      0.838709652       2.9498784898981267E-005
   1.00000000      0.838709652       1.9195768386923040E-005
   0.00000000      0.870967746       1.9111749206047750E-005
   3.22580636E-02  0.870967746       2.8535499163211925E-005
   6.45161271E-02  0.870967746       4.1755677156365129E-005
   9.67741907E-02  0.870967746       5.7849938041526570E-005
  0.129032254      0.870967746       7.6333598668374534E-005
  0.161290318      0.870967746       9.7472332164054133E-005
  0.193548381      0.870967746       1.2069579628615641E-004
  0.225806445      0.870967746       1.4623088877903484E-004
  0.258064508      0.870967746       1.7339590642853682E-004
  0.290322572      0.870967746       2.0235479610304554E-004
  0.322580636      0.870967746       2.3225470548522004E-004
  0.354838699      0.870967746       2.6309969823819197E-004
  0.387096763      0.870967746       2.9414888215708262E-004
  0.419354826      0.870967746       3.2526283991631726E-004
  0.451612890      0.870967746       3.5587711275544788E-004
  0.483870953      0.870967746       3.8585326856407584E-004
  0.516129017      0.870967746       4.1486842429022398E-004
  0.548387110      0.870967746       4.4284530764936869E-004
  0.580645144      0.870967746       4.6960660513320355E-004
  0.612903237      0.870967746       4.9492939507018129E-004
  0.645161271      0.870967746       5.1831165101439097E-004
  0.677419364      0.870967746       5.3847963469799167E-004
  0.709677398      0.870967746       5.5294885647849440E-004
  0.741935492      0.870967746       5.5583021590941686E-004
  0.774193525      0.870967746       5.3625082946664277E-004
  0.806451619      0.870967746       4.6661572049214422E-004
  0.838709652      0.870967746       2.9594593054026560E-004
  0.870967746      0.870967746       7.0321006621794740E-005
  0.903225780      0.870967746       3.8156789499362206E-005
  0.935483873      0.870967746       2.3929874949563854E-005
  0.967741907      0.870967746       1.6477948571515893E-005
   1.00000000      0.870967746       1.3194439005895104E-005
   0.00000000      0.903225780       1.0696493287798278E-005
   3.22580636E-02  0.903225780       1.7882484627241958E-005
   6.45161271E-02  0.903225780       2.8114570422832354E-005
   9.67741907E-02  0.903225780       4.0632855588339685E-005
  0.129032254      0.903225780       5.5682697314046193E-005
  0.161290318      0.903225780       7.2824438645782883E-005
  0.193548381      0.903225780       9.2268694005471409E-005
  0.225806445      0.903225780       1.1364235920672795E-004
  0.258064508      0.903225780       1.3686628188499527E-004
  0.290322572      0.903225780       1.6147504636520734E-004
  0.322580636      0.903225780       1.8723689409892645E-004
  0.354838699      0.903225780       2.1360716150292300E-004
  0.387096763      0.903225780       2.4014613563914168E-004
  0.419354826      0.903225780       2.6626682079554603E-004
  0.451612890      0.903225780       2.9144056610577702E-004
  0.483870953      0.903225780       3.1508740256386600E-004
  0.516129017      0.903225780       3.3667733452860665E-004
  0.548387110      0.903225780       3.5567300228334293E-004
  0.580645144      0.903225780       3.7149974790817931E-004
  0.612903237      0.903225780       3.8345084662699445E-004
  0.645161271      0.903225780       3.9038991159537307E-004
  0.677419364      0.903225780       3.9053533537411266E-004
  0.709677398      0.903225780       3.8063225425440480E-004
  0.741935492      0.903225780       3.5602794261316837E-004
  0.774193525      0.903225780       3.0864990710999425E-004
  0.806451619      0.903225780       2.3125134075759963E-004
  0.838709652      0.903225780       1.2447854144789639E-004
  0.870967746      0.903225780       3.8156406236578500E-005
  0.903225780      0.903225780       2.2714882895719079E-005
  0.935483873      0.903225780       1.5942280287712244E-005
  0.967741907      0.903225780       1.2604604778365378E-005
   1.00000000      0.903225780       1.1103209378919891E-005
   0.00000000      0.935483873       4.8860691671173075E-006
   3.22580636E-02  0.935483873       1.0244275785138833E-005
   6.45161271E-02  0.935483873       1.7575655198928892E-005
   9.67741907E-02  0.935483873       2.7174501097311517E-005
  0.129032254      0.935483873       3.8964481395005281E-005
  0.161290318      0.935483873       5.2834387039101285E-005
  0.193548381      0.935483873       6.8957996516737601E-005
  0.225806445      0.935483873       8.7067242663441599E-005
  0.258064508      0.935483873       1.0699762929889416E-004
  0.290322572      0.935483873       1.2848137391058756E-004
  0.322580636      0.935483873       1.5108814254676922E-004
  0.354838699      0.935483873       1.7437404523223864E-004
  0.387096763      0.935483873       1.9774488703273583E-004
  0.419354826      0.935483873       2.2054680828597674E-004
  0.451612890      0.935483873       2.4202515799669026E-004
  0.483870953      0.935483873       2.6137076828142077E-004
  0.516129017      0.935483873       2.7772165310711340E-004
  0.548387110      0.935483873       2.9018726276917449E-004
  0.580645144      0.935483873       2.9786434601809716E-004
  0.612903237      0.935483873       2.9978745682580839E-004
  0.645161271      0.935483873       2.9490780447038512E-004
  0.677419364      0.935483873       2.8183675324678113E-004
  0.709677398      0.935483873       2.5898648024762363E-004
  0.741935492      0.935483873       2.2420937111255226E-004
  0.774193525      0.935483873       1.7648694709257614E-004
  0.806451619      0.935483873       1.1811711854160068E-004
  0.838709652      0.935483873       5.7614613744005394E-005
  0.870967746      0.935483873       2.3929778316869546E-005
  0.903225780      0.935483873       1.5942378088386385E-005
  0.935483873      0.935483873       1.2514597013977342E-005
  0.967741907      0.935483873       1.0978009133925079E-005
   1.00000000      0.935483873       1.0281121537397022E-005
   0.00000000      0.967741907       1.6749979920278483E-006
   3.22580636E-02  0.967741907       5.1193407053555158E-006
   6.45161271E-02  0.967741907       9.8556119600554479E-006
   9.67741907E-02  0.967741907       1.6969851667570448E-005
  0.129032254      0.967741907       2.5877665439942722E-005
  0.161290318      0.967741907       3.7145880682250715E-005
  0.193548381      0.967741907       5.0673734609595025E-005
  0.225806445      0.967741907       6.6329679160305450E-005
  0.258064508      0.967741907       8.4005143997527707E-005
  0.290322572      0.967741907       1.0336208358692822E-004
  0.322580636      0.967741907       1.2402903487582863E-004
  0.354838699      0.967741907       1.4550781310743074E-004
  0.387096763      0.967741907       1.6713863778877527E-004
  0.419354826      0.967741907       1.8818288347470697E-004
  0.451612890      0.967741907       2.0771844432261049E-004
  0.483870953      0.967741907       2.2474276783739010E-004
  0.516129017      0.967741907       2.3810481905780004E-004
  0.548387110      0.967741907       2.4660535582812819E-004
  0.580645144      0.967741907       2.4901319399614778E-004
  0.612903237      0.967741907       2.4421418506525021E-004
  0.645161271      0.967741907       2.3131081033878038E-004
  0.677419364      0.967741907       2.0991835817898459E-004
  0.709677398      0.967741907       1.8024460299506822E-004
  0.741935492      0.967741907       1.4361439936913997E-004
  0.774193525      0.967741907       1.0271557667803942E-004
  0.806451619      0.967741907       6.1322590508697611E-005
  0.838709652      0.967741907       2.9498492203711272E-005
  0.870967746      0.967741907       1.6477778722574164E-005
  0.903225780      0.967741907       1.2604578204540728E-005
  0.935483873      0.967741907       1.0977917377718324E-005
  0.967741907      0.967741907       1.0181296935017552E-005
   1.00000000      0.967741907       9.8399710742285936E-006
   0.00000000       1.00000000       3.0406799924709469E-007
   3.22580636E-02   1.00000000       1.7558355019053166E-006
   6.45161271E-02   1.00000000       4.7283591958314008E-006
   9.67741907E-02   1.00000000       9.8821867049755914E-006
  0.129032254       1.00000000       1.6943408288191183E-005
  0.161290318       1.00000000       2.6935344608368546E-005
  0.193548381       1.00000000       3.8791254763299149E-005
  0.225806445       1.00000000       5.3435777398199863E-005
  0.258064508       1.00000000       7.0003015493356151E-005
  0.290322572       1.00000000       8.8507280870737311E-005
  0.322580636       1.00000000       1.0842950822763183E-004
  0.354838699       1.00000000       1.2927004379734153E-004
  0.387096763       1.00000000       1.5033161562000514E-004
  0.419354826       1.00000000       1.7081787598524341E-004
  0.451612890       1.00000000       1.8972178509919850E-004
  0.483870953       1.00000000       2.0591664879974586E-004
  0.516129017       1.00000000       2.1809507358552072E-004
  0.548387110       1.00000000       2.2483562902080706E-004
  0.580645144       1.00000000       2.2469869455998609E-004
  0.612903237       1.00000000       2.1637628508801082E-004
  0.645161271       1.00000000       1.9902913793898576E-004
  0.677419364       1.00000000       1.7270161565446945E-004
  0.709677398       1.00000000       1.3894599159327433E-004
  0.741935492       1.00000000       1.0117042657845333E-004
  0.774193525       1.00000000       6.4468947750663262E-005
  0.806451619       1.00000000       3.5298542025174465E-005
  0.838709652       1.00000000       1.9195751083846419E-005
  0.870967746       1.00000000       1.3194408283462211E-005
  0.903225780       1.00000000       1.1103288513164135E-005
  0.935483873       1.00000000       1.0281119282260325E-005
  0.967741907       1.00000000       9.8400462341279041E-006
   1.00000000       1.00000000       9.6116841614119073E-006
