 # X Y F 
   0.00000000       0.00000000       1.0450740429061914E-005
   3.22580636E-02   0.00000000       1.0536278053274164E-005
   6.45161271E-02   0.00000000       1.0715587732194588E-005
   9.67741907E-02   0.00000000       1.2523222752109178E-005
  0.129032254       0.00000000       2.3781860268546132E-005
  0.161290318       0.00000000       6.2690911502240695E-005
  0.193548381       0.00000000       1.3713092473144930E-004
  0.225806445       0.00000000       2.3755404550305695E-004
  0.258064508       0.00000000       3.4682218841890975E-004
  0.290322572       0.00000000       4.4525905446257907E-004
  0.322580636       0.00000000       5.1834153805390619E-004
  0.354838699       0.00000000       5.6004003006740954E-004
  0.387096763       0.00000000       5.7131739923506136E-004
  0.419354826       0.00000000       5.5706157903904390E-004
  0.451612890       0.00000000       5.2398983333606063E-004
  0.483870953       0.00000000       4.7844075753755781E-004
  0.516129017       0.00000000       4.2601987455006976E-004
  0.548387110       0.00000000       3.7091640821181645E-004
  0.580645144       0.00000000       3.1630839282487978E-004
  0.612903237       0.00000000       2.6429911912990420E-004
  0.645161271       0.00000000       2.1631985246529253E-004
  0.677419364       0.00000000       1.7315762110093648E-004
  0.709677398       0.00000000       1.3524653134522812E-004
  0.741935492       0.00000000       1.0268112616879578E-004
  0.774193525       0.00000000       7.5347002320171801E-005
  0.806451619       0.00000000       5.3008488282846405E-005
  0.838709652       0.00000000       3.5337347841594237E-005
  0.870967746       0.00000000       2.1926363506807554E-005
  0.903225780       0.00000000       1.2167697332439428E-005
  0.935483873       0.00000000       5.8634299560649618E-006
  0.967741907       0.00000000       2.0620338791768038E-006
   1.00000000       0.00000000       3.0546498318576926E-007
   0.00000000       3.22580636E-02   1.0536309635677463E-005
   3.22580636E-02   3.22580636E-02   1.1112313355422385E-005
   6.45161271E-02   3.22580636E-02   1.2544919744990693E-005
   9.67741907E-02   3.22580636E-02   1.7469678655278047E-005
  0.129032254       3.22580636E-02   5.0490544242816883E-005
  0.161290318       3.22580636E-02   1.4140234918477845E-004
  0.193548381       3.22580636E-02   2.6643626421176097E-004
  0.225806445       3.22580636E-02   4.0022936668590830E-004
  0.258064508       3.22580636E-02   5.1652099149320321E-004
  0.290322572       3.22580636E-02   6.0023571844955198E-004
  0.322580636       3.22580636E-02   6.4881929831541796E-004
  0.354838699       3.22580636E-02   6.6464586997049089E-004
  0.387096763       3.22580636E-02   6.5336870513819142E-004
  0.419354826       3.22580636E-02   6.2177902459170610E-004
  0.451612890       3.22580636E-02   5.7605141062440053E-004
  0.483870953       3.22580636E-02   5.2184734096004707E-004
  0.516129017       3.22580636E-02   4.6328146006114273E-004
  0.548387110       3.22580636E-02   4.0398306731205026E-004
  0.580645144       3.22580636E-02   3.4612073563561525E-004
  0.612903237       3.22580636E-02   2.9163767985193075E-004
  0.645161271       3.22580636E-02   2.4143300919940696E-004
  0.677419364       3.22580636E-02   1.9630448494627043E-004
  0.709677398       3.22580636E-02   1.5643121139954667E-004
  0.741935492       3.22580636E-02   1.2192740243989581E-004
  0.774193525       3.22580636E-02   9.2623863592187220E-005
  0.806451619       3.22580636E-02   6.8264095332363052E-005
  0.838709652       3.22580636E-02   4.8435312284000850E-005
  0.870967746       3.22580636E-02   3.2774203325187573E-005
  0.903225780       3.22580636E-02   2.0804950703000891E-005
  0.935483873       3.22580636E-02   1.1999704130205284E-005
  0.967741907       3.22580636E-02   5.9441002075739343E-006
   1.00000000       3.22580636E-02   2.1458969851000994E-006
   0.00000000       6.45161271E-02   1.0715646266709871E-005
   3.22580636E-02   6.45161271E-02   1.2544950905925225E-005
   6.45161271E-02   6.45161271E-02   1.6944323515640295E-005
   9.67741907E-02   6.45161271E-02   2.9016238829824066E-005
  0.129032254       6.45161271E-02   1.1614225949854460E-004
  0.161290318       6.45161271E-02   3.0679830695671726E-004
  0.193548381       6.45161271E-02   5.3836998424299507E-004
  0.225806445       6.45161271E-02   7.2985604451200430E-004
  0.258064508       6.45161271E-02   8.4908932470069865E-004
  0.290322572       6.45161271E-02   9.0240844292531941E-004
  0.322580636       6.45161271E-02   9.0344417169537275E-004
  0.354838699       6.45161271E-02   8.6995490957706887E-004
  0.387096763       6.45161271E-02   8.1578072981879882E-004
  0.419354826       6.45161271E-02   7.5032457508385165E-004
  0.451612890       6.45161271E-02   6.7946884751934390E-004
  0.483870953       6.45161271E-02   6.0693440354247358E-004
  0.516129017       6.45161271E-02   5.3529307622337370E-004
  0.548387110       6.45161271E-02   4.6620211780417357E-004
  0.580645144       6.45161271E-02   4.0102775087978937E-004
  0.612903237       6.45161271E-02   3.4047308362314209E-004
  0.645161271       6.45161271E-02   2.8524879474155809E-004
  0.677419364       6.45161271E-02   2.3548087148947644E-004
  0.709677398       6.45161271E-02   1.9140076540395399E-004
  0.741935492       6.45161271E-02   1.5281892742961611E-004
  0.774193525       6.45161271E-02   1.1956472765146866E-004
  0.806451619       6.45161271E-02   9.1291340418988805E-005
  0.838709652       6.45161271E-02   6.7738756714722114E-005
  0.870967746       6.45161271E-02   4.8410772785656822E-005
  0.903225780       6.45161271E-02   3.2883922625655851E-005
  0.935483873       6.45161271E-02   2.0851138338346987E-005
  0.967741907       6.45161271E-02   1.1919867994120094E-005
   1.00000000       6.45161271E-02   5.6104934705000037E-006
   0.00000000       9.67741907E-02   1.2523329848548826E-005
   3.22580636E-02   9.67741907E-02   1.7469753167372678E-005
   6.45161271E-02   9.67741907E-02   2.9016349945451772E-005
   9.67741907E-02   9.67741907E-02   5.9355139706250783E-005
  0.129032254       9.67741907E-02   2.2228835211462631E-004
  0.161290318       9.67741907E-02   6.9983057530997623E-004
  0.193548381       9.67741907E-02   1.1223854782748453E-003
  0.225806445       9.67741907E-02   1.3542316933042801E-003
  0.258064508       9.67741907E-02   1.4271120562389696E-003
  0.290322572       9.67741907E-02   1.3893293006285226E-003
  0.322580636       9.67741907E-02   1.2947356301322465E-003
  0.354838699       9.67741907E-02   1.1777819221077319E-003
  0.387096763       9.67741907E-02   1.0570793091040831E-003
  0.419354826       9.67741907E-02   9.4071973482920802E-004
  0.451612890       9.67741907E-02   8.3189162532085778E-004
  0.483870953       9.67741907E-02   7.3126155894573462E-004
  0.516129017       9.67741907E-02   6.3876972939342551E-004
  0.548387110       9.67741907E-02   5.5397925226231620E-004
  0.580645144       9.67741907E-02   4.7659928927930404E-004
  0.612903237       9.67741907E-02   4.0629774089462605E-004
  0.645161271       9.67741907E-02   3.4286261936488310E-004
  0.677419364       9.67741907E-02   2.8604674728445662E-004
  0.709677398       9.67741907E-02   2.3561305348569360E-004
  0.741935492       9.67741907E-02   1.9120510012236389E-004
  0.774193525       9.67741907E-02   1.5266042275459396E-004
  0.806451619       9.67741907E-02   1.1944671142680559E-004
  0.838709652       9.67741907E-02   9.1238992872059223E-005
  0.870967746       9.67741907E-02   6.7573020385172877E-005
  0.903225780       9.67741907E-02   4.8205076134137741E-005
  0.935483873       9.67741907E-02   3.2508986577751326E-005
  0.967741907       9.67741907E-02   2.0277295986474814E-005
   1.00000000       9.67741907E-02   1.1887784757822337E-005
   0.00000000      0.129032254       2.3781980023776475E-005
   3.22580636E-02  0.129032254       5.0490771769341203E-005
   6.45161271E-02  0.129032254       1.1614275067707602E-004
   9.67741907E-02  0.129032254       2.2228907263385385E-004
  0.129032254      0.129032254       4.1767503217091703E-004
  0.161290318      0.129032254       1.8014009210274072E-003
  0.193548381      0.129032254       2.4258233567770716E-003
  0.225806445      0.129032254       2.5308419339660835E-003
  0.258064508      0.129032254       2.3644557982540003E-003
  0.290322572      0.129032254       2.1022927754987095E-003
  0.322580636      0.129032254       1.8316491067176914E-003
  0.354838699      0.129032254       1.5857250940012830E-003
  0.387096763      0.129032254       1.3712032876857720E-003
  0.419354826      0.129032254       1.1871511320129583E-003
  0.451612890      0.129032254       1.0282777683861453E-003
  0.483870953      0.129032254       8.9109297360398065E-004
  0.516129017      0.129032254       7.7043580604151053E-004
  0.548387110      0.129032254       6.6490016136068453E-004
  0.580645144      0.129032254       5.7034991442693234E-004
  0.612903237      0.129032254       4.8730186058086697E-004
  0.645161271      0.129032254       4.1226402065627288E-004
  0.677419364      0.129032254       3.4664271569201681E-004
  0.709677398      0.129032254       2.8765653198480296E-004
  0.741935492      0.129032254       2.3652296087431685E-004
  0.774193525      0.129032254       1.9123280436099784E-004
  0.806451619      0.129032254       1.5235019637334076E-004
  0.838709652      0.129032254       1.1880470977674386E-004
  0.870967746      0.129032254       9.0469865616888705E-005
  0.903225780      0.129032254       6.6570049367507066E-005
  0.935483873      0.129032254       4.7081830312002888E-005
  0.967741907      0.129032254       3.1625133351189787E-005
   1.00000000      0.129032254       2.0949051946733037E-005
   0.00000000      0.161290318       6.2690915423469542E-005
   3.22580636E-02  0.161290318       1.4140247355413915E-004
   6.45161271E-02  0.161290318       3.0679882515962493E-004
   9.67741907E-02  0.161290318       6.9983134389992204E-004
  0.129032254      0.161290318       1.8014007405876482E-003
  0.161290318      0.161290318       4.3279019930765180E-003
  0.193548381      0.161290318       4.8666932569982222E-003
  0.225806445      0.161290318       4.3160036804300670E-003
  0.258064508      0.161290318       3.6076416312505665E-003
  0.290322572      0.161290318       2.9820478989671241E-003
  0.322580636      0.161290318       2.4711658206134192E-003
  0.354838699      0.161290318       2.0634012914928623E-003
  0.387096763      0.161290318       1.7379691301811233E-003
  0.419354826      0.161290318       1.4752792733490356E-003
  0.451612890      0.161290318       1.2594880283992701E-003
  0.483870953      0.161290318       1.0795559938557994E-003
  0.516129017      0.161290318       9.2668408423660531E-004
  0.548387110      0.161290318       7.9561456021652111E-004
  0.580645144      0.161290318       6.8130250544077772E-004
  0.612903237      0.161290318       5.8170398254158708E-004
  0.645161271      0.161290318       4.9346844609030917E-004
  0.677419364      0.161290318       4.1631145994566493E-004
  0.709677398      0.161290318       3.4770709809685410E-004
  0.741935492      0.161290318       2.8789260656448932E-004
  0.774193525      0.161290318       2.3527632405379931E-004
  0.806451619      0.161290318       1.8983767281577804E-004
  0.838709652      0.161290318       1.5036095518553108E-004
  0.870967746      0.161290318       1.1675671339990972E-004
  0.903225780      0.161290318       8.8400763019782564E-005
  0.935483873      0.161290318       6.4787662893054469E-005
  0.967741907      0.161290318       4.5858312667470413E-005
   1.00000000      0.161290318       3.3257524545413978E-005
   0.00000000      0.193548381       1.3713085612939850E-004
   3.22580636E-02  0.193548381       2.6643637252360489E-004
   6.45161271E-02  0.193548381       5.3837043249559948E-004
   9.67741907E-02  0.193548381       1.1223862454961726E-003
  0.129032254      0.193548381       2.4258237035350494E-003
  0.161290318      0.193548381       4.8666934553384432E-003
  0.193548381      0.193548381       6.2128700865668532E-003
  0.225806445      0.193548381       5.6765971639197374E-003
  0.258064508      0.193548381       4.6873387145918780E-003
  0.290322572      0.193548381       3.8004855380908806E-003
  0.322580636      0.193548381       3.0921847146443684E-003
  0.354838699      0.193548381       2.5438122194575584E-003
  0.387096763      0.193548381       2.1176083294699652E-003
  0.419354826      0.193548381       1.7810533298037985E-003
  0.451612890      0.193548381       1.5099262073755520E-003
  0.483870953      0.193548381       1.2872096618118483E-003
  0.516129017      0.193548381       1.1009635007941927E-003
  0.548387110      0.193548381       9.4277649359293051E-004
  0.580645144      0.193548381       8.0683003967848947E-004
  0.612903237      0.193548381       6.8869151053770387E-004
  0.645161271      0.193548381       5.8561331977336276E-004
  0.677419364      0.193548381       4.9502652739650882E-004
  0.709677398      0.193548381       4.1565165046937656E-004
  0.741935492      0.193548381       3.4597877110940386E-004
  0.774193525      0.193548381       2.8508368865969290E-004
  0.806451619      0.193548381       2.3198457788111223E-004
  0.838709652      0.193548381       1.8627088388211454E-004
  0.870967746      0.193548381       1.4697121557637850E-004
  0.903225780      0.193548381       1.1351220970769103E-004
  0.935483873      0.193548381       8.5690257344814310E-005
  0.967741907      0.193548381       6.3471873621845807E-005
   1.00000000      0.193548381       4.8970179937351979E-005
   0.00000000      0.225806445       2.3755368085229386E-004
   3.22580636E-02  0.225806445       4.0022902050591640E-004
   6.45161271E-02  0.225806445       7.2985591579234664E-004
   9.67741907E-02  0.225806445       1.3542319242721586E-003
  0.129032254      0.225806445       2.5308420343110320E-003
  0.161290318      0.225806445       4.3160037994400277E-003
  0.193548381      0.225806445       5.6765969601991675E-003
  0.225806445      0.225806445       5.7763861318249421E-003
  0.258064508      0.225806445       5.1092814512645763E-003
  0.290322572      0.225806445       4.2852327651611349E-003
  0.322580636      0.225806445       3.5463510858236833E-003
  0.354838699      0.225806445       2.9419877284518887E-003
  0.387096763      0.225806445       2.4594154292094145E-003
  0.419354826      0.225806445       2.0731141865432674E-003
  0.451612890      0.225806445       1.7595338507867880E-003
  0.483870953      0.225806445       1.5013592252272642E-003
  0.516129017      0.225806445       1.2848801285252598E-003
  0.548387110      0.225806445       1.1015275695998288E-003
  0.580645144      0.225806445       9.4345822728991572E-004
  0.612903237      0.225806445       8.0702672599983379E-004
  0.645161271      0.225806445       6.8727355548894929E-004
  0.677419364      0.225806445       5.8299312671237819E-004
  0.709677398      0.225806445       4.9090620981568625E-004
  0.741935492      0.225806445       4.1058473527641096E-004
  0.774193525      0.225806445       3.4010942640823230E-004
  0.806451619      0.225806445       2.7912387616938665E-004
  0.838709652      0.225806445       2.2602667111172985E-004
  0.870967746      0.225806445       1.8063090954493940E-004
  0.903225780      0.225806445       1.4211645585491330E-004
  0.935483873      0.225806445       1.0993642533292106E-004
  0.967741907      0.225806445       8.4354581102066544E-005
   1.00000000      0.225806445       6.8225507927634297E-005
   0.00000000      0.258064508       3.4682156580887461E-004
   3.22580636E-02  0.258064508       5.1652051313438266E-004
   6.45161271E-02  0.258064508       8.4908889330318892E-004
   9.67741907E-02  0.258064508       1.4271118624310521E-003
  0.129032254      0.258064508       2.3644556763840474E-003
  0.161290318      0.258064508       3.6076415790237066E-003
  0.193548381      0.258064508       4.6873385475161263E-003
  0.225806445      0.258064508       5.1092815506002080E-003
  0.258064508      0.258064508       4.8907051305622515E-003
  0.290322572      0.258064508       4.3513200015188169E-003
  0.322580636      0.258064508       3.7484065558121395E-003
  0.354838699      0.258064508       3.1940739168800142E-003
  0.387096763      0.258064508       2.7185533977757779E-003
  0.419354826      0.258064508       2.3205220110150953E-003
  0.451612890      0.258064508       1.9873852898576912E-003
  0.483870953      0.258064508       1.7075308343551551E-003
  0.516129017      0.258064508       1.4691979917527565E-003
  0.548387110      0.258064508       1.2652185126063161E-003
  0.580645144      0.258064508       1.0878238055642411E-003
  0.612903237      0.258064508       9.3378204712516268E-004
  0.645161271      0.258064508       7.9779071920520238E-004
  0.677419364      0.258064508       6.7907998191763343E-004
  0.709677398      0.258064508       5.7370734049141069E-004
  0.741935492      0.258064508       4.8206516687368279E-004
  0.774193525      0.258064508       4.0106191450410116E-004
  0.806451619      0.258064508       3.3103758556375315E-004
  0.838709652      0.258064508       2.7024171719958748E-004
  0.870967746      0.258064508       2.1836533117679100E-004
  0.903225780      0.258064508       1.7401080269574944E-004
  0.935483873      0.258064508       1.3741622024574714E-004
  0.967741907      0.258064508       1.0862942283538962E-004
   1.00000000      0.258064508       9.0945635826042578E-005
   0.00000000      0.290322572       4.4525833909317457E-004
   3.22580636E-02  0.290322572       6.0023487290481294E-004
   6.45161271E-02  0.290322572       9.0240757230539397E-004
   9.67741907E-02  0.290322572       1.3893286205593331E-003
  0.129032254      0.290322572       2.1022920427044862E-003
  0.161290318      0.290322572       2.9820474554073792E-003
  0.193548381      0.290322572       3.8004849278240717E-003
  0.225806445      0.290322572       4.2852324982681845E-003
  0.258064508      0.290322572       4.3513195850990987E-003
  0.290322572      0.290322572       4.1078946362848858E-003
  0.322580636      0.290322572       3.7132120558534629E-003
  0.354838699      0.290322572       3.2820431471112157E-003
  0.387096763      0.290322572       2.8708837515689345E-003
  0.419354826      0.290322572       2.5009244162584919E-003
  0.451612890      0.290322572       2.1758645521584704E-003
  0.483870953      0.290322572       1.8921409699843045E-003
  0.516129017      0.290322572       1.6443730034573685E-003
  0.548387110      0.290322572       1.4270591675486556E-003
  0.580645144      0.290322572       1.2355644971203958E-003
  0.612903237      0.290322572       1.0660952749278801E-003
  0.645161271      0.290322572       9.1575092932033488E-004
  0.677419364      0.290322572       7.8229284063071822E-004
  0.709677398      0.290322572       6.6394694842546393E-004
  0.741935492      0.290322572       5.5942236433412283E-004
  0.774193525      0.290322572       4.6762177181103499E-004
  0.806451619      0.290322572       3.8772634685631111E-004
  0.838709652      0.290322572       3.1842840121671723E-004
  0.870967746      0.290322572       2.5916931731595369E-004
  0.903225780      0.290322572       2.0927279327286120E-004
  0.935483873      0.290322572       1.6801173579907355E-004
  0.967741907      0.290322572       1.3609352200102544E-004
   1.00000000      0.290322572       1.1703407936986263E-004
   0.00000000      0.322580636       5.1834054786627660E-004
   3.22580636E-02  0.322580636       6.4881851567833500E-004
   6.45161271E-02  0.322580636       9.0344334427395665E-004
   9.67741907E-02  0.322580636       1.2947348430080784E-003
  0.129032254      0.322580636       1.8316483720283352E-003
  0.161290318      0.322580636       2.4711651710133233E-003
  0.193548381      0.322580636       3.0921841218748995E-003
  0.225806445      0.322580636       3.5463508023688556E-003
  0.258064508      0.322580636       3.7484062172567873E-003
  0.290322572      0.322580636       3.7132121713728396E-003
  0.322580636      0.322580636       3.5142886566952051E-003
  0.354838699      0.322580636       3.2295354649558537E-003
  0.387096763      0.322580636       2.9159127949232528E-003
  0.419354826      0.322580636       2.6054020765498820E-003
  0.451612890      0.322580636       2.3132679054158160E-003
  0.483870953      0.322580636       2.0450900418686568E-003
  0.516129017      0.322580636       1.8014414269159264E-003
  0.548387110      0.322580636       1.5809913928828423E-003
  0.580645144      0.322580636       1.3816660641090444E-003
  0.612903237      0.322580636       1.2015157366398125E-003
  0.645161271      0.322580636       1.0388235874381490E-003
  0.677419364      0.322580636       8.9223547524359460E-004
  0.709677398      0.322580636       7.6078642771673416E-004
  0.741935492      0.322580636       6.4365273550181753E-004
  0.774193525      0.322580636       5.4006679046900792E-004
  0.806451619      0.322580636       4.4929073031453143E-004
  0.838709652      0.322580636       3.7090261230096334E-004
  0.870967746      0.322580636       3.0391949344047656E-004
  0.903225780      0.322580636       2.4747271573065133E-004
  0.935483873      0.322580636       2.0146466490061053E-004
  0.967741907      0.322580636       1.6650285409421664E-004
   1.00000000      0.322580636       1.4611873164702282E-004
   0.00000000      0.354838699       5.6003940381869042E-004
   3.22580636E-02  0.354838699       6.6464496448322347E-004
   6.45161271E-02  0.354838699       8.6995396167463828E-004
   9.67741907E-02  0.354838699       1.1777810113062846E-003
  0.129032254      0.354838699       1.5857241208319145E-003
  0.161290318      0.354838699       2.0634005294926398E-003
  0.193548381      0.354838699       2.5438113708913163E-003
  0.225806445      0.354838699       2.9419872022839219E-003
  0.258064508      0.354838699       3.1940732792411445E-003
  0.290322572      0.354838699       3.2820429332033165E-003
  0.322580636      0.354838699       3.2295350778604034E-003
  0.354838699      0.354838699       3.0788267561847418E-003
  0.387096763      0.354838699       2.8708152377606819E-003
  0.419354826      0.354838699       2.6365769285059334E-003
  0.451612890      0.354838699       2.3958379018667363E-003
  0.483870953      0.354838699       2.1597353575713860E-003
  0.516129017      0.354838699       1.9340491480615049E-003
  0.548387110      0.354838699       1.7211727581906177E-003
  0.580645144      0.354838699       1.5220710674825103E-003
  0.612903237      0.354838699       1.3368217913336028E-003
  0.645161271      0.354838699       1.1654232991292421E-003
  0.677419364      0.354838699       1.0078047351915001E-003
  0.709677398      0.354838699       8.6399123501504371E-004
  0.741935492      0.354838699       7.3399939942061176E-004
  0.774193525      0.354838699       6.1799200427669287E-004
  0.806451619      0.354838699       5.1587641152828342E-004
  0.838709652      0.354838699       4.2715155976551244E-004
  0.870967746      0.354838699       3.5146774623455391E-004
  0.903225780      0.354838699       2.8842092806766548E-004
  0.935483873      0.354838699       2.3739710180105834E-004
  0.967741907      0.354838699       1.9932799830366978E-004
   1.00000000      0.354838699       1.7774909391091260E-004
   0.00000000      0.387096763       5.7131643077644055E-004
   3.22580636E-02  0.387096763       6.5336802943192671E-004
   6.45161271E-02  0.387096763       8.1578007727719831E-004
   9.67741907E-02  0.387096763       1.0570785814009872E-003
  0.129032254      0.387096763       1.3712026532466566E-003
  0.161290318      0.387096763       1.7379684335991424E-003
  0.193548381      0.387096763       2.1176077707127984E-003
  0.225806445      0.387096763       2.4594150402966440E-003
  0.258064508      0.387096763       2.7185530157963771E-003
  0.290322572      0.387096763       2.8708837412570604E-003
  0.322580636      0.387096763       2.9159126699144244E-003
  0.354838699      0.387096763       2.8708155081787995E-003
  0.387096763      0.387096763       2.7596083041837665E-003
  0.419354826      0.387096763       2.6051763035468442E-003
  0.451612890      0.387096763       2.4256449353186865E-003
  0.483870953      0.387096763       2.2338108445042484E-003
  0.516129017      0.387096763       2.0379152549975577E-003
  0.548387110      0.387096763       1.8432284544747286E-003
  0.580645144      0.387096763       1.6529334760533316E-003
  0.612903237      0.387096763       1.4692567520147111E-003
  0.645161271      0.387096763       1.2938157365916822E-003
  0.677419364      0.387096763       1.1280765370685608E-003
  0.709677398      0.387096763       9.7339818151135130E-004
  0.741935492      0.387096763       8.3111893048952489E-004
  0.774193525      0.387096763       7.0221708627878445E-004
  0.806451619      0.387096763       5.8752766902932328E-004
  0.838709652      0.387096763       4.8763738287920026E-004
  0.870967746      0.387096763       4.0247729713989737E-004
  0.903225780      0.387096763       3.3162688653119265E-004
  0.935483873      0.387096763       2.7520278001287802E-004
  0.967741907      0.387096763       2.3397689677986057E-004
   1.00000000      0.387096763       2.1114117460459974E-004
   0.00000000      0.419354826       5.5706149664919917E-004
   3.22580636E-02  0.419354826       6.2177847554026485E-004
   6.45161271E-02  0.419354826       7.5032397208887002E-004
   9.67741907E-02  0.419354826       9.4071903690764471E-004
  0.129032254      0.419354826       1.1871504337958151E-003
  0.161290318      0.419354826       1.4752786114140221E-003
  0.193548381      0.419354826       1.7810526411508646E-003
  0.225806445      0.419354826       2.0731136465585108E-003
  0.258064508      0.419354826       2.3205214511132191E-003
  0.290322572      0.419354826       2.5009241551900742E-003
  0.322580636      0.419354826       2.6054016760883032E-003
  0.354838699      0.419354826       2.6365768557529046E-003
  0.387096763      0.419354826       2.6051759624905399E-003
  0.419354826      0.419354826       2.5248384275626703E-003
  0.451612890      0.419354826       2.4088192187477556E-003
  0.483870953      0.419354826       2.2680843480844134E-003
  0.516129017      0.419354826       2.1110636528977812E-003
  0.548387110      0.419354826       1.9438827598630354E-003
  0.580645144      0.419354826       1.7711081882404239E-003
  0.612903237      0.419354826       1.5962557127675611E-003
  0.645161271      0.419354826       1.4223885427783157E-003
  0.677419364      0.419354826       1.2523412909566853E-003
  0.709677398      0.419354826       1.0889380015759627E-003
  0.741935492      0.419354826       9.3485533703764557E-004
  0.774193525      0.419354826       7.9274985673913269E-004
  0.806451619      0.419354826       6.6469846196361300E-004
  0.838709652      0.419354826       5.5212589282149956E-004
  0.870967746      0.419354826       4.5596892744385171E-004
  0.903225780      0.419354826       3.7667701655411362E-004
  0.935483873      0.419354826       3.1417079150491874E-004
  0.967741907      0.419354826       2.6943504470175982E-004
   1.00000000      0.419354826       2.4530757831628847E-004
   0.00000000      0.451612890       5.2398928187313495E-004
   3.22580636E-02  0.451612890       5.7605121101266194E-004
   6.45161271E-02  0.451612890       6.7946865526966689E-004
   9.67741907E-02  0.451612890       8.3189129136679340E-004
  0.129032254      0.451612890       1.0282774224522210E-003
  0.161290318      0.451612890       1.2594875102018585E-003
  0.193548381      0.451612890       1.5099258588413152E-003
  0.225806445      0.451612890       1.7595335291199631E-003
  0.258064508      0.451612890       1.9873850745794393E-003
  0.290322572      0.451612890       2.1758645615556722E-003
  0.322580636      0.451612890       2.3132678746521124E-003
  0.354838699      0.451612890       2.3958381769410529E-003
  0.387096763      0.451612890       2.4256450136992129E-003
  0.419354826      0.451612890       2.4088195986005029E-003
  0.451612890      0.451612890       2.3529114140945478E-003
  0.483870953      0.451612890       2.2654538046728324E-003
  0.516129017      0.451612890       2.1530076604994110E-003
  0.548387110      0.451612890       2.0209879390341132E-003
  0.580645144      0.451612890       1.8738506344052231E-003
  0.612903237      0.451612890       1.7154904281974908E-003
  0.645161271      0.451612890       1.5495883164753355E-003
  0.677419364      0.451612890       1.3800023331258220E-003
  0.709677398      0.451612890       1.2108020715353620E-003
  0.741935492      0.451612890       1.0463559565097910E-003
  0.774193525      0.451612890       8.9079004361475008E-004
  0.806451619      0.451612890       7.4802014626267966E-004
  0.838709652      0.451612890       6.2123223851444213E-004
  0.870967746      0.451612890       5.1252058726938235E-004
  0.903225780      0.451612890       4.2295835685023087E-004
  0.935483873      0.451612890       3.5335628088529385E-004
  0.967741907      0.451612890       3.0458481141892857E-004
   1.00000000      0.451612890       2.7885366006293191E-004
   0.00000000      0.483870953       4.7844131151747156E-004
   3.22580636E-02  0.483870953       5.2184738049141667E-004
   6.45161271E-02  0.483870953       6.0693422980541802E-004
   9.67741907E-02  0.483870953       7.3126121762975426E-004
  0.129032254      0.483870953       8.9109258905788831E-004
  0.161290318      0.483870953       1.0795555713444657E-003
  0.193548381      0.483870953       1.2872092109455825E-003
  0.225806445      0.483870953       1.5013588507733701E-003
  0.258064508      0.483870953       1.7075305311238980E-003
  0.290322572      0.483870953       1.8921408529316949E-003
  0.322580636      0.483870953       2.0450898761769946E-003
  0.354838699      0.483870953       2.1597354133597569E-003
  0.387096763      0.483870953       2.2338107048442066E-003
  0.419354826      0.483870953       2.2680844391321795E-003
  0.451612890      0.483870953       2.2654535701719836E-003
  0.483870953      0.483870953       2.2296035821216934E-003
  0.516129017      0.483870953       2.1642861884551379E-003
  0.548387110      0.483870953       2.0729562539556568E-003
  0.580645144      0.483870953       1.9587097563939478E-003
  0.612903237      0.483870953       1.8245601072817265E-003
  0.645161271      0.483870953       1.6738416261375272E-003
  0.677419364      0.483870953       1.5105020404219806E-003
  0.709677398      0.483870953       1.3394309789311559E-003
  0.741935492      0.483870953       1.1662588095003607E-003
  0.774193525      0.483870953       9.9729507816433160E-004
  0.806451619      0.483870953       8.3856401192944656E-004
  0.838709652      0.483870953       6.9531268918333617E-004
  0.870967746      0.483870953       5.7156902496830115E-004
  0.903225780      0.483870953       4.6994175720382783E-004
  0.935483873      0.483870953       3.9165643931277994E-004
  0.967741907      0.483870953       3.3781762896326794E-004
   1.00000000      0.483870953       3.1005832273485598E-004
   0.00000000      0.516129017       4.2601981411866167E-004
   3.22580636E-02  0.516129017       4.6328170364189411E-004
   6.45161271E-02  0.516129017       5.3529319938984562E-004
   9.67741907E-02  0.516129017       6.3876979960903130E-004
  0.129032254      0.516129017       7.7043558416535571E-004
  0.161290318      0.516129017       9.2668381099097108E-004
  0.193548381      0.516129017       1.1009633070903227E-003
  0.225806445      0.516129017       1.2848800163069510E-003
  0.258064508      0.516129017       1.4691980011725082E-003
  0.290322572      0.516129017       1.6443732001231654E-003
  0.322580636      0.516129017       1.8014416366188778E-003
  0.354838699      0.516129017       1.9340495979767033E-003
  0.387096763      0.516129017       2.0379155752089581E-003
  0.419354826      0.516129017       2.1110641949609286E-003
  0.451612890      0.516129017       2.1530079149053062E-003
  0.483870953      0.516129017       2.1642866148368356E-003
  0.516129017      0.516129017       2.1457984658937832E-003
  0.548387110      0.516129017       2.0984409966387759E-003
  0.580645144      0.516129017       2.0230813996116432E-003
  0.612903237      0.516129017       1.9207602650967795E-003
  0.645161271      0.516129017       1.7931366244088348E-003
  0.677419364      0.516129017       1.6431364197947408E-003
  0.709677398      0.516129017       1.4753645722083608E-003
  0.741935492      0.516129017       1.2964219376146505E-003
  0.774193525      0.516129017       1.1143162861402458E-003
  0.806451619      0.516129017       9.3790461536631925E-004
  0.838709652      0.516129017       7.7550209628758312E-004
  0.870967746      0.516129017       6.3372849707464215E-004
  0.903225780      0.516129017       5.1696124779816309E-004
  0.935483873      0.516129017       4.2775562200843563E-004
  0.967741907      0.516129017       3.6733468428904034E-004
   1.00000000      0.516129017       3.3669325461188783E-004
   0.00000000      0.548387110       3.7091689351424474E-004
   3.22580636E-02  0.548387110       4.0398330529774825E-004
   6.45161271E-02  0.548387110       4.6620201185159678E-004
   9.67741907E-02  0.548387110       5.5397899658287298E-004
  0.129032254      0.548387110       6.6489986194271983E-004
  0.161290318      0.548387110       7.9561426671404022E-004
  0.193548381      0.548387110       9.4277612438382397E-004
  0.225806445      0.548387110       1.1015274092993229E-003
  0.258064508      0.548387110       1.2652184524781004E-003
  0.290322572      0.548387110       1.4270593550983984E-003
  0.322580636      0.548387110       1.5809915938274767E-003
  0.354838699      0.548387110       1.7211731673190264E-003
  0.387096763      0.548387110       1.8432286983470607E-003
  0.419354826      0.548387110       1.9438831584780677E-003
  0.451612890      0.548387110       2.0209880537888558E-003
  0.483870953      0.548387110       2.0729565037227206E-003
  0.516129017      0.548387110       2.0984408743679336E-003
  0.548387110      0.548387110       2.0959888947806038E-003
  0.580645144      0.548387110       2.0639165086408884E-003
  0.612903237      0.548387110       2.0005234943021718E-003
  0.645161271      0.548387110       1.9046389143672787E-003
  0.677419364      0.548387110       1.7765538417962995E-003
  0.709677398      0.548387110       1.6191012887802829E-003
  0.741935492      0.548387110       1.4384191129247091E-003
  0.774193525      0.548387110       1.2441756322235460E-003
  0.806451619      0.548387110       1.0482703380642765E-003
  0.838709652      0.548387110       8.6301596613842758E-004
  0.870967746      0.548387110       6.9894762073653140E-004
  0.903225780      0.548387110       5.6337833824374986E-004
  0.935483873      0.548387110       4.6013245028579268E-004
  0.967741907      0.548387110       3.9086965644673889E-004
   1.00000000      0.548387110       3.5615435899387604E-004
   0.00000000      0.580645144       3.1630852022596377E-004
   3.22580636E-02  0.580645144       3.4612080202083294E-004
   6.45161271E-02  0.580645144       4.0102768480284890E-004
   9.67741907E-02  0.580645144       4.7659926111607768E-004
  0.129032254      0.580645144       5.7034935767498766E-004
  0.161290318      0.580645144       6.8130218595590416E-004
  0.193548381      0.580645144       8.0682979085936260E-004
  0.225806445      0.580645144       9.4345834097791397E-004
  0.258064508      0.580645144       1.0878240687856437E-003
  0.290322572      0.580645144       1.2355650867691974E-003
  0.322580636      0.580645144       1.3816666708116735E-003
  0.354838699      0.580645144       1.5220719267401372E-003
  0.387096763      0.580645144       1.6529341763007320E-003
  0.419354826      0.580645144       1.7711090878562005E-003
  0.451612890      0.580645144       1.8738512566329223E-003
  0.483870953      0.580645144       1.9587104906961992E-003
  0.516129017      0.580645144       2.0230817499853134E-003
  0.548387110      0.580645144       2.0639169237677336E-003
  0.580645144      0.580645144       2.0774124554116375E-003
  0.612903237      0.580645144       2.0589881530885990E-003
  0.645161271      0.580645144       2.0038560777372694E-003
  0.677419364      0.580645144       1.9080547431289223E-003
  0.709677398      0.580645144       1.7704239990608429E-003
  0.741935492      0.580645144       1.5946116124678086E-003
  0.774193525      0.580645144       1.3902899406886308E-003
  0.806451619      0.580645144       1.1727529939361354E-003
  0.838709652      0.580645144       9.5984566137539398E-004
  0.870967746      0.580645144       7.6788471591169877E-004
  0.903225780      0.580645144       6.0829012277318891E-004
  0.935483873      0.580645144       4.8701811451424138E-004
  0.967741907      0.580645144       4.0595872555784481E-004
   1.00000000      0.580645144       3.6542881592803856E-004
   0.00000000      0.612903237       2.6429821340189066E-004
   3.22580636E-02  0.612903237       2.9163718799485501E-004
   6.45161271E-02  0.612903237       3.4047229475963546E-004
   9.67741907E-02  0.612903237       4.0629687505203387E-004
  0.129032254      0.612903237       4.8730122064109566E-004
  0.161290318      0.612903237       5.8170343514742367E-004
  0.193548381      0.612903237       6.8869108751376702E-004
  0.225806445      0.612903237       8.0702676843134782E-004
  0.258064508      0.612903237       9.3378228045387797E-004
  0.290322572      0.612903237       1.0660959077785218E-003
  0.322580636      0.612903237       1.2015164371889757E-003
  0.354838699      0.612903237       1.3368227347233894E-003
  0.387096763      0.612903237       1.4692575153337534E-003
  0.419354826      0.612903237       1.5962566191070728E-003
  0.451612890      0.612903237       1.7154909979005390E-003
  0.483870953      0.612903237       1.8245607445179818E-003
  0.516129017      0.612903237       1.9207605206256735E-003
  0.548387110      0.612903237       2.0005238172933434E-003
  0.580645144      0.612903237       2.0589881058925407E-003
  0.612903237      0.612903237       2.0895610702280245E-003
  0.645161271      0.612903237       2.0837365975752550E-003
  0.677419364      0.612903237       2.0322978906895705E-003
  0.709677398      0.612903237       1.9273628230086336E-003
  0.741935492      0.612903237       1.7664846267406100E-003
  0.774193525      0.612903237       1.5566111673866350E-003
  0.806451619      0.612903237       1.3154487896631377E-003
  0.838709652      0.612903237       1.0683313264945849E-003
  0.870967746      0.612903237       8.4056923054101986E-004
  0.903225780      0.612903237       6.5041194318760228E-004
  0.935483873      0.612903237       5.0624077527087466E-004
  0.967741907      0.612903237       4.0990672762666864E-004
   1.00000000      0.612903237       3.6146704715677558E-004
   0.00000000      0.645161271       2.1631892809044595E-004
   3.22580636E-02  0.645161271       2.4143153649551318E-004
   6.45161271E-02  0.645161271       2.8524766803310244E-004
   9.67741907E-02  0.645161271       3.4286171552105454E-004
  0.129032254      0.645161271       4.1226262162440120E-004
  0.161290318      0.645161271       4.9346771131740595E-004
  0.193548381      0.645161271       5.8561285397925277E-004
  0.225806445      0.645161271       6.8727380588633040E-004
  0.258064508      0.645161271       7.9779127205977917E-004
  0.290322572      0.645161271       9.1575205529653562E-004
  0.322580636      0.645161271       1.0388247901074786E-003
  0.354838699      0.645161271       1.1654247770705316E-003
  0.387096763      0.645161271       1.2938170055163437E-003
  0.419354826      0.645161271       1.4223899704200542E-003
  0.451612890      0.645161271       1.5495893690449685E-003
  0.483870953      0.645161271       1.6738427519682928E-003
  0.516129017      0.645161271       1.7931373294480402E-003
  0.548387110      0.645161271       1.9046396616121304E-003
  0.580645144      0.645161271       2.0038564189534241E-003
  0.612903237      0.645161271       2.0837369421375894E-003
  0.645161271      0.645161271       2.1337883772304315E-003
  0.677419364      0.645161271       2.1393543207432831E-003
  0.709677398      0.645161271       2.0839462842691622E-003
  0.741935492      0.645161271       1.9539624555408338E-003
  0.774193525      0.645161271       1.7474830374227047E-003
  0.806451619      0.645161271       1.4816991825887214E-003
  0.838709652      0.645161271       1.1914280349964417E-003
  0.870967746      0.645161271       9.1687779889115318E-004
  0.903225780      0.645161271       6.8735038288433240E-004
  0.935483873      0.645161271       5.1505659978793271E-004
  0.967741907      0.645161271       4.0011692941627810E-004
   1.00000000      0.645161271       3.4165122058491557E-004
   0.00000000      0.677419364       1.7315280460837053E-004
   3.22580636E-02  0.677419364       1.9630164149738054E-004
   6.45161271E-02  0.677419364       2.3547842613637335E-004
   9.67741907E-02  0.677419364       2.8604471863515524E-004
  0.129032254      0.677419364       3.4664131408576409E-004
  0.161290318      0.677419364       4.1631026680517266E-004
  0.193548381      0.677419364       4.9502591227550163E-004
  0.225806445      0.677419364       5.8299333220089740E-004
  0.258064508      0.677419364       6.7908066027314127E-004
  0.290322572      0.677419364       7.8229415299546547E-004
  0.322580636      0.677419364       8.9223693213700021E-004
  0.354838699      0.677419364       1.0078064121905748E-003
  0.387096763      0.677419364       1.1280780241988738E-003
  0.419354826      0.677419364       1.2523428180303958E-003
  0.451612890      0.677419364       1.3800034333814025E-003
  0.483870953      0.677419364       1.5105031385926760E-003
  0.516129017      0.677419364       1.6431370665356318E-003
  0.548387110      0.677419364       1.7765545330272851E-003
  0.580645144      0.677419364       1.9080550385387799E-003
  0.612903237      0.677419364       2.0322982138970777E-003
  0.645161271      0.677419364       2.1393543311383585E-003
  0.677419364      0.677419364       2.2125444017001600E-003
  0.709677398      0.677419364       2.2262928439825596E-003
  0.741935492      0.677419364       2.1510486721111415E-003
  0.774193525      0.677419364       1.9656861458102397E-003
  0.806451619      0.677419364       1.6775372005522248E-003
  0.838709652      0.677419364       1.3323005155374816E-003
  0.870967746      0.677419364       9.9477453588448905E-004
  0.903225780      0.677419364       7.1491592760869883E-004
  0.935483873      0.677419364       5.0961945133486911E-004
  0.967741907      0.677419364       3.7448969634734446E-004
   1.00000000      0.677419364       3.0476943202126385E-004
   0.00000000      0.709677398       1.3524232487219272E-004
   3.22580636E-02  0.709677398       1.5642702329495906E-004
   6.45161271E-02  0.709677398       1.9139771081121791E-004
   9.67741907E-02  0.709677398       2.3561050097536880E-004
  0.129032254      0.709677398       2.8765388185679914E-004
  0.161290318      0.709677398       3.4770564443671956E-004
  0.193548381      0.709677398       4.1565084117463135E-004
  0.225806445      0.709677398       4.9090658550749334E-004
  0.258064508      0.709677398       5.7370833639194710E-004
  0.290322572      0.709677398       6.6394885128113232E-004
  0.322580636      0.709677398       7.6078844154580229E-004
  0.354838699      0.709677398       8.6399358088148090E-004
  0.387096763      0.709677398       9.7340023560719372E-004
  0.419354826      0.709677398       1.0889400779561346E-003
  0.451612890      0.709677398       1.2108036455056438E-003
  0.483870953      0.709677398       1.3394325433572255E-003
  0.516129017      0.709677398       1.4753656327006284E-003
  0.548387110      0.709677398       1.6191023946405870E-003
  0.580645144      0.709677398       1.7704246598909876E-003
  0.612903237      0.709677398       1.9273635003650286E-003
  0.645161271      0.709677398       2.0839466224873951E-003
  0.677419364      0.709677398       2.2262931433556983E-003
  0.709677398      0.709677398       2.3268203509978044E-003
  0.741935492      0.709677398       2.3384241617408160E-003
  0.774193525      0.709677398       2.2071459973880270E-003
  0.806451619      0.709677398       1.9089582839741490E-003
  0.838709652      0.709677398       1.4931910208428427E-003
  0.870967746      0.709677398       1.0692254663380938E-003
  0.903225780      0.709677398       7.2513611354507517E-004
  0.935483873      0.709677398       4.8499479293725680E-004
  0.967741907      0.709677398       3.3195264757418703E-004
   1.00000000      0.709677398       2.5220840270376700E-004
   0.00000000      0.741935492       1.0267489578054654E-004
   3.22580636E-02  0.741935492       1.2192169456720448E-004
   6.45161271E-02  0.741935492       1.5281478812706025E-004
   9.67741907E-02  0.741935492       1.9120211531394325E-004
  0.129032254      0.741935492       2.3652046572200425E-004
  0.161290318      0.741935492       2.8789033039278741E-004
  0.193548381      0.741935492       3.4597767088805141E-004
  0.225806445      0.741935492       4.1058494595153973E-004
  0.258064508      0.741935492       4.8206643188912094E-004
  0.290322572      0.741935492       5.5942457357796723E-004
  0.322580636      0.741935492       6.4365524204101584E-004
  0.354838699      0.741935492       7.3400213479942117E-004
  0.387096763      0.741935492       8.3112139889269740E-004
  0.419354826      0.741935492       9.3485761626266599E-004
  0.451612890      0.741935492       1.0463577182582625E-003
  0.483870953      0.741935492       1.1662603969706442E-003
  0.516129017      0.741935492       1.2964230140812441E-003
  0.548387110      0.741935492       1.4384201947363717E-003
  0.580645144      0.741935492       1.5946122583637894E-003
  0.612903237      0.741935492       1.7664853088243343E-003
  0.645161271      0.741935492       1.9539627842869636E-003
  0.677419364      0.741935492       2.1510489417890860E-003
  0.709677398      0.741935492       2.3384241100667122E-003
  0.741935492      0.741935492       2.4676682276614935E-003
  0.774193525      0.741935492       2.4455604229562523E-003
  0.806451619      0.741935492       2.1752987415927173E-003
  0.838709652      0.741935492       1.6738587898052018E-003
  0.870967746      0.741935492       1.1259940405216290E-003
  0.903225780      0.741935492       7.0538967640628120E-004
  0.935483873      0.741935492       4.3518061372937393E-004
  0.967741907      0.741935492       2.7346401276146144E-004
   1.00000000      0.741935492       1.8907009167968598E-004
   0.00000000      0.774193525       7.5338523861684652E-005
   3.22580636E-02  0.774193525       9.2621605606203010E-005
   6.45161271E-02  0.774193525       1.1956194779442080E-004
   9.67741907E-02  0.774193525       1.5265630074463737E-004
  0.129032254      0.774193525       1.9122839292555000E-004
  0.161290318      0.774193525       2.3527336768764648E-004
  0.193548381      0.774193525       2.8508193288490639E-004
  0.225806445      0.774193525       3.4010973313309276E-004
  0.258064508      0.774193525       4.0106347926670272E-004
  0.290322572      0.774193525       4.6762474938467159E-004
  0.322580636      0.774193525       5.4007001791592170E-004
  0.354838699      0.774193525       6.1799570810101227E-004
  0.387096763      0.774193525       7.0222023383045102E-004
  0.419354826      0.774193525       7.9275285732478026E-004
  0.451612890      0.774193525       8.9079228557022530E-004
  0.483870953      0.774193525       9.9729713764748072E-004
  0.516129017      0.774193525       1.1143177242333129E-003
  0.548387110      0.774193525       1.2441770921910807E-003
  0.580645144      0.774193525       1.3902909037545859E-003
  0.612903237      0.774193525       1.5566121676531576E-003
  0.645161271      0.774193525       1.7474836193334836E-003
  0.677419364      0.774193525       1.9656866253687949E-003
  0.709677398      0.774193525       2.2071461381336214E-003
  0.741935492      0.774193525       2.4455606132846837E-003
  0.774193525      0.774193525       2.5900365558916756E-003
  0.806451619      0.774193525       2.4379125159955995E-003
  0.838709652      0.774193525       1.8557557276772782E-003
  0.870967746      0.774193525       1.1363181412107504E-003
  0.903225780      0.774193525       6.3656713778014341E-004
  0.935483873      0.774193525       3.5628323699537400E-004
  0.967741907      0.774193525       2.0263845910565515E-004
   1.00000000      0.774193525       1.2442148437768712E-004
   0.00000000      0.806451619       5.3027234485322678E-005
   3.22580636E-02  0.806451619       6.8262462324283977E-005
   6.45161271E-02  0.806451619       9.1287356455235983E-005
   9.67741907E-02  0.806451619       1.1944277750098480E-004
  0.129032254      0.806451619       1.5234533735323613E-004
  0.161290318      0.806451619       1.8983307454691390E-004
  0.193548381      0.806451619       2.3198220311970757E-004
  0.225806445      0.806451619       2.7912388585059675E-004
  0.258064508      0.806451619       3.3103965088672493E-004
  0.290322572      0.806451619       3.8772983524031074E-004
  0.322580636      0.806451619       4.4929499490442462E-004
  0.354838699      0.806451619       5.1588078440564442E-004
  0.387096763      0.806451619       5.8753161931870003E-004
  0.419354826      0.806451619       6.6470178788320916E-004
  0.451612890      0.806451619       7.4802273202950655E-004
  0.483870953      0.806451619       8.3856605810520663E-004
  0.516129017      0.806451619       9.3790611489051980E-004
  0.548387110      0.806451619       1.0482717226826055E-003
  0.580645144      0.806451619       1.1727539803059516E-003
  0.612903237      0.806451619       1.3154498008397031E-003
  0.645161271      0.806451619       1.4816997771838463E-003
  0.677419364      0.806451619       1.6775376499534658E-003
  0.709677398      0.806451619       1.9089583339224545E-003
  0.741935492      0.806451619       2.1752988085725548E-003
  0.774193525      0.806451619       2.4379123687586486E-003
  0.806451619      0.806451619       2.4998259140960703E-003
  0.838709652      0.806451619       1.9641400202529231E-003
  0.870967746      0.806451619       1.0364961673194285E-003
  0.903225780      0.806451619       5.0051936709645225E-004
  0.935483873      0.806451619       2.4936394193172343E-004
  0.967741907      0.806451619       1.2829305496108541E-004
   1.00000000      0.806451619       6.8835580556102189E-005
   0.00000000      0.838709652       3.5322736458584991E-005
   3.22580636E-02  0.838709652       4.8439814226497330E-005
   6.45161271E-02  0.838709652       6.7736973361864610E-005
   9.67741907E-02  0.838709652       9.1233014779979133E-005
  0.129032254      0.838709652       1.1879608694329178E-004
  0.161290318      0.838709652       1.5035510791077279E-004
  0.193548381      0.838709652       1.8626733410846409E-004
  0.225806445      0.838709652       2.2602716316577653E-004
  0.258064508      0.838709652       2.7024398034053573E-004
  0.290322572      0.838709652       3.1843339015835887E-004
  0.322580636      0.838709652       3.7090778213686392E-004
  0.354838699      0.838709652       4.2715751491889859E-004
  0.387096763      0.838709652       4.8764209212101784E-004
  0.419354826      0.838709652       5.5213026256505375E-004
  0.451612890      0.838709652       6.2123518516786643E-004
  0.483870953      0.838709652       6.9531525897330239E-004
  0.516129017      0.838709652       7.7550381370989664E-004
  0.548387110      0.838709652       8.6301772922787285E-004
  0.580645144      0.838709652       9.5984693027481062E-004
  0.612903237      0.838709652       1.0683326906656718E-003
  0.645161271      0.838709652       1.1914288679406380E-003
  0.677419364      0.838709652       1.3323011459846119E-003
  0.709677398      0.838709652       1.4931911701667362E-003
  0.741935492      0.838709652       1.6738589374461063E-003
  0.774193525      0.838709652       1.8557557244115151E-003
  0.806451619      0.838709652       1.9641402366315460E-003
  0.838709652      0.838709652       1.7383111734055911E-003
  0.870967746      0.838709652       7.1198977352044757E-004
  0.903225780      0.838709652       2.9088945979989625E-004
  0.935483873      0.838709652       1.3272288453292734E-004
  0.967741907      0.838709652       6.3028040309360850E-005
   1.00000000      0.838709652       3.1620978617461256E-005
   0.00000000      0.870967746       2.1939213237711178E-005
   3.22580636E-02  0.870967746       3.2782569884211048E-005
   6.45161271E-02  0.870967746       4.8402971754686642E-005
   9.67741907E-02  0.870967746       6.7564965019827265E-005
  0.129032254      0.870967746       9.0458794221494934E-005
  0.161290318      0.870967746       1.1674893334369527E-004
  0.193548381      0.870967746       1.4696752721806474E-004
  0.225806445      0.870967746       1.8063088225603929E-004
  0.258064508      0.870967746       2.1836896572016517E-004
  0.290322572      0.870967746       2.5917497588249524E-004
  0.322580636      0.870967746       3.0392661836907165E-004
  0.354838699      0.870967746       3.5147450917620440E-004
  0.387096763      0.870967746       4.0248347500563663E-004
  0.419354826      0.870967746       4.5597358830632567E-004
  0.451612890      0.870967746       5.1252413039778197E-004
  0.483870953      0.870967746       5.7157142138985280E-004
  0.516129017      0.870967746       6.3373035951018919E-004
  0.548387110      0.870967746       6.9894920675771883E-004
  0.580645144      0.870967746       7.6788611199198932E-004
  0.612903237      0.870967746       8.4057059719735278E-004
  0.645161271      0.870967746       9.1687874097478336E-004
  0.677419364      0.870967746       9.9477514631883253E-004
  0.709677398      0.870967746       1.0692255415126982E-003
  0.741935492      0.870967746       1.1259940298770060E-003
  0.774193525      0.870967746       1.1363179752044076E-003
  0.806451619      0.870967746       1.0364962790454615E-003
  0.838709652      0.870967746       7.1198980171325449E-004
  0.870967746      0.870967746       1.5784907026047783E-004
  0.903225780      0.870967746       8.5169131603003449E-005
  0.935483873      0.870967746       4.6783683658720085E-005
  0.967741907      0.870967746       2.4484062017191724E-005
   1.00000000      0.870967746       1.6210331345220916E-005
   0.00000000      0.903225780       1.2189150839134956E-005
   3.22580636E-02  0.903225780       2.0791593529867322E-005
   6.45161271E-02  0.903225780       3.2892514590932362E-005
   9.67741907E-02  0.903225780       4.8183275303859451E-005
  0.129032254      0.903225780       6.6562701421449993E-005
  0.161290318      0.903225780       8.8388355339100099E-005
  0.193548381      0.903225780       1.1350994137099243E-004
  0.225806445      0.903225780       1.4211630424516378E-004
  0.258064508      0.903225780       1.7401551414126628E-004
  0.290322572      0.903225780       2.0928009944733427E-004
  0.322580636      0.903225780       2.4748130919770387E-004
  0.354838699      0.903225780       2.8842960605500294E-004
  0.387096763      0.903225780       3.3163398773269453E-004
  0.419354826      0.903225780       3.7668293610163071E-004
  0.451612890      0.903225780       4.2296213866197901E-004
  0.483870953      0.903225780       4.6994470032236957E-004
  0.516129017      0.903225780       5.1696315072604932E-004
  0.548387110      0.903225780       5.6338030994748330E-004
  0.580645144      0.903225780       6.0829173050980722E-004
  0.612903237      0.903225780       6.5041372510349187E-004
  0.645161271      0.903225780       6.8735159507028049E-004
  0.677419364      0.903225780       7.1491682329564944E-004
  0.709677398      0.903225780       7.2513631028880293E-004
  0.741935492      0.903225780       7.0538971230135479E-004
  0.774193525      0.903225780       6.3656689599732145E-004
  0.806451619      0.903225780       5.0051928996872150E-004
  0.838709652      0.903225780       2.9088919051739186E-004
  0.870967746      0.903225780       8.5168969448579161E-005
  0.903225780      0.903225780       3.3322255829413572E-005
  0.935483873      0.903225780       2.0824059994202937E-005
  0.967741907      0.903225780       1.4911769905336755E-005
   1.00000000      0.903225780       1.2165310799436107E-005
   0.00000000      0.935483873       5.7999030098349453E-006
   3.22580636E-02  0.935483873       1.2008561843287078E-005
   6.45161271E-02  0.935483873       2.0840964327474559E-005
   9.67741907E-02  0.935483873       3.2495888738985230E-005
  0.129032254      0.935483873       4.7070754828236220E-005
  0.161290318      0.935483873       6.4777122755404156E-005
  0.193548381      0.935483873       8.5685892400244728E-005
  0.225806445      0.935483873       1.0993707992314537E-004
  0.258064508      0.935483873       1.3742149049321035E-004
  0.290322572      0.935483873       1.6802025534669142E-004
  0.322580636      0.935483873       2.0147496819146468E-004
  0.354838699      0.935483873       2.3740714205557447E-004
  0.387096763      0.935483873       2.7521127393971003E-004
  0.419354826      0.935483873       3.1417723494217656E-004
  0.451612890      0.935483873       3.5336062105925772E-004
  0.483870953      0.935483873       3.9165920891629934E-004
  0.516129017      0.935483873       4.2775763432061379E-004
  0.548387110      0.935483873       4.6013424675964181E-004
  0.580645144      0.935483873       4.8701987700412448E-004
  0.612903237      0.935483873       5.0624259270511454E-004
  0.645161271      0.935483873       5.1505803853807745E-004
  0.677419364      0.935483873       5.0962044707296428E-004
  0.709677398      0.935483873       4.8499509985243692E-004
  0.741935492      0.935483873       4.3518056739049132E-004
  0.774193525      0.935483873       3.5628279201165914E-004
  0.806451619      0.935483873       2.4936350974965232E-004
  0.838709652      0.935483873       1.3272229675966005E-004
  0.870967746      0.935483873       4.6783405864219507E-005
  0.903225780      0.935483873       2.0823995099893688E-005
  0.935483873      0.935483873       1.4792532297027719E-005
  0.967741907      0.935483873       1.2309871151216536E-005
   1.00000000      0.935483873       1.1233966760116166E-005
   0.00000000      0.967741907       2.0699754694349530E-006
   3.22580636E-02  0.967741907       5.9574388510943556E-006
   6.45161271E-02  0.967741907       1.1885233556096630E-005
   9.67741907E-02  0.967741907       2.0314745311128314E-005
  0.129032254      0.967741907       3.1572845533320052E-005
  0.161290318      0.967741907       4.5877996573133879E-005
  0.193548381      0.967741907       6.3445303724558402E-005
  0.225806445      0.967741907       8.4364174304359663E-005
  0.258064508      0.967741907       1.0863130134026860E-004
  0.290322572      0.967741907       1.3610354744009241E-004
  0.322580636      0.967741907       1.6651442455109807E-004
  0.354838699      0.967741907       1.9933966788407046E-004
  0.387096763      0.967741907       2.3398601770152353E-004
  0.419354826      0.967741907       2.6944266593797105E-004
  0.451612890      0.967741907       3.0458936514922788E-004
  0.483870953      0.967741907       3.3782075326749229E-004
  0.516129017      0.967741907       3.6733676475712341E-004
  0.548387110      0.967741907       3.9087174247782189E-004
  0.580645144      0.967741907       4.0596060154511474E-004
  0.612903237      0.967741907       4.0990886395536212E-004
  0.645161271      0.967741907       4.0011854905034846E-004
  0.677419364      0.967741907       3.7449101068141719E-004
  0.709677398      0.967741907       3.3195320510101594E-004
  0.741935492      0.967741907       2.7346428472272381E-004
  0.774193525      0.967741907       2.0263825805784497E-004
  0.806451619      0.967741907       1.2829291488723182E-004
  0.838709652      0.967741907       6.3027790972475158E-005
  0.870967746      0.967741907       2.4484212135796408E-005
  0.903225780      0.967741907       1.4911837497011501E-005
  0.935483873      0.967741907       1.2309996961219905E-005
  0.967741907      0.967741907       1.1344187575350001E-005
   1.00000000      0.967741907       1.0914092172857118E-005
   0.00000000       1.00000000       4.8786700271043318E-007
   3.22580636E-02   1.00000000       1.9507278316405827E-006
   6.45161271E-02   1.00000000       5.8030372593649949E-006
   9.67741907E-02   1.00000000       1.1800564627260652E-005
  0.129032254       1.00000000       2.0995895114797945E-005
  0.161290318       1.00000000       3.3222393359161861E-005
  0.193548381       1.00000000       4.8962722752880321E-005
  0.225806445       1.00000000       6.8228468253849972E-005
  0.258064508       1.00000000       9.0946824498623949E-005
  0.290322572       1.00000000       1.1704348519521491E-004
  0.322580636       1.00000000       1.4613220321318910E-004
  0.354838699       1.00000000       1.7776077639867908E-004
  0.387096763       1.00000000       2.1115098441032047E-004
  0.419354826       1.00000000       2.4531552324529948E-004
  0.451612890       1.00000000       2.7885860764320647E-004
  0.483870953       1.00000000       3.1006102578381609E-004
  0.516129017       1.00000000       3.3669560800391292E-004
  0.548387110       1.00000000       3.5615609827266355E-004
  0.580645144       1.00000000       3.6543084015031458E-004
  0.612903237       1.00000000       3.6146905613663696E-004
  0.645161271       1.00000000       3.4165296972625238E-004
  0.677419364       1.00000000       3.0477076490733793E-004
  0.709677398       1.00000000       2.5220911778787080E-004
  0.741935492       1.00000000       1.8907048469398713E-004
  0.774193525       1.00000000       1.2442146791635626E-004
  0.806451619       1.00000000       6.8835622276167607E-005
  0.838709652       1.00000000       3.1620940234553076E-005
  0.870967746       1.00000000       1.6210495341896114E-005
  0.903225780       1.00000000       1.2165313190687853E-005
  0.935483873       1.00000000       1.1234024798781555E-005
  0.967741907       1.00000000       1.0914036706037601E-005
   1.00000000       1.00000000       1.0743170129407377E-005
