 # X Y F 
   0.00000000       0.00000000       8.9426582653769539E-006
   3.22580636E-02   0.00000000       9.1749425553218466E-006
   6.45161271E-02   0.00000000       9.6352841624019203E-006
   9.67741907E-02   0.00000000       1.0444380558538450E-005
  0.129032254       0.00000000       1.2191326267254776E-005
  0.161290318       0.00000000       1.6568898531839093E-005
  0.193548381       0.00000000       2.7766786166008430E-005
  0.225806445       0.00000000       4.9555639863755286E-005
  0.258064508       0.00000000       7.8567961743551776E-005
  0.290322572       0.00000000       1.0905260698481123E-004
  0.322580636       0.00000000       1.3687237089412998E-004
  0.354838699       0.00000000       1.5924861793688560E-004
  0.387096763       0.00000000       1.7475194870031273E-004
  0.419354826       0.00000000       1.8314461840333027E-004
  0.451612890       0.00000000       1.8491340163811560E-004
  0.483870953       0.00000000       1.8095100977993757E-004
  0.516129017       0.00000000       1.7231445348931787E-004
  0.548387110       0.00000000       1.6007998694608064E-004
  0.580645144       0.00000000       1.4527122361808096E-004
  0.612903237       0.00000000       1.2883773880528765E-004
  0.645161271       0.00000000       1.1158469612945584E-004
  0.677419364       0.00000000       9.4252112758512086E-005
  0.709677398       0.00000000       7.7432476862226450E-005
  0.741935492       0.00000000       6.1634498434252734E-005
  0.774193525       0.00000000       4.7330346111448478E-005
  0.806451619       0.00000000       3.4591401183274597E-005
  0.838709652       0.00000000       2.4010788021599609E-005
  0.870967746       0.00000000       1.5409718552462642E-005
  0.903225780       0.00000000       8.9135395779657829E-006
  0.935483873       0.00000000       4.2889698663909130E-006
  0.967741907       0.00000000       1.4827742367474413E-006
   1.00000000       0.00000000       3.0626819303554051E-007
   0.00000000       3.22580636E-02   9.1749267110231630E-006
   3.22580636E-02   3.22580636E-02   9.5008353002499182E-006
   6.45161271E-02   3.22580636E-02   1.0223497309210494E-005
   9.67741907E-02   3.22580636E-02   1.1599982723753478E-005
  0.129032254       3.22580636E-02   1.4718933360245011E-005
  0.161290318       3.22580636E-02   2.3231105011723260E-005
  0.193548381       3.22580636E-02   4.5476388591069278E-005
  0.225806445       3.22580636E-02   7.8083942723951031E-005
  0.258064508       3.22580636E-02   1.1091553976366048E-004
  0.290322572       3.22580636E-02   1.4080455488582193E-004
  0.322580636       3.22580636E-02   1.6583303771527702E-004
  0.354838699       3.22580636E-02   1.8466212450910153E-004
  0.387096763       3.22580636E-02   1.9696810467460213E-004
  0.419354826       3.22580636E-02   2.0283476148112977E-004
  0.451612890       3.22580636E-02   2.0279954315345847E-004
  0.483870953       3.22580636E-02   1.9762048697593790E-004
  0.516129017       3.22580636E-02   1.8818594016366822E-004
  0.548387110       3.22580636E-02   1.7541689768745252E-004
  0.580645144       3.22580636E-02   1.6020863458686665E-004
  0.612903237       3.22580636E-02   1.4340676582202770E-004
  0.645161271       3.22580636E-02   1.2576625754113547E-004
  0.677419364       3.22580636E-02   1.0795907588529309E-004
  0.709677398       3.22580636E-02   9.0565850035985242E-005
  0.741935492       3.22580636E-02   7.4065791697151647E-005
  0.774193525       3.22580636E-02   5.8853588136725208E-005
  0.806451619       3.22580636E-02   4.5156388103778857E-005
  0.838709652       3.22580636E-02   3.3390900160949486E-005
  0.870967746       3.22580636E-02   2.3301634172417748E-005
  0.903225780       3.22580636E-02   1.5350909649898857E-005
  0.935483873       3.22580636E-02   9.0061671570705117E-006
  0.967741907       3.22580636E-02   4.4860236486622893E-006
   1.00000000       3.22580636E-02   1.4458282823596422E-006
   0.00000000       6.45161271E-02   9.6352836346447831E-006
   3.22580636E-02   6.45161271E-02   1.0223507648830650E-005
   6.45161271E-02   6.45161271E-02   1.1559115707824761E-005
   9.67741907E-02   6.45161271E-02   1.4225109196749199E-005
  0.129032254       6.45161271E-02   2.0090320768695171E-005
  0.161290318       6.45161271E-02   4.1376270798270843E-005
  0.193548381       6.45161271E-02   8.7285841277822405E-005
  0.225806445       6.45161271E-02   1.3354347741448297E-004
  0.258064508       6.45161271E-02   1.7203785630140662E-004
  0.290322572       6.45161271E-02   2.0135536046115139E-004
  0.322580636       6.45161271E-02   2.2175276574778194E-004
  0.354838699       6.45161271E-02   2.3477969132704645E-004
  0.387096763       6.45161271E-02   2.4138020450551308E-004
  0.419354826       6.45161271E-02   2.4245099525278913E-004
  0.451612890       6.45161271E-02   2.3865505550604212E-004
  0.483870953       6.45161271E-02   2.3065970368730331E-004
  0.516129017       6.45161271E-02   2.1911245305275656E-004
  0.548387110       6.45161271E-02   2.0470161756467754E-004
  0.580645144       6.45161271E-02   1.8810677152648428E-004
  0.612903237       6.45161271E-02   1.7001230811625504E-004
  0.645161271       6.45161271E-02   1.5104882256033951E-004
  0.677419364       6.45161271E-02   1.3182572275054807E-004
  0.709677398       6.45161271E-02   1.1284553063907582E-004
  0.741935492       6.45161271E-02   9.4609078929424887E-005
  0.774193525       6.45161271E-02   7.7432081301243827E-005
  0.806451619       6.45161271E-02   6.1670365693867966E-005
  0.838709652       6.45161271E-02   4.7555508677745672E-005
  0.870967746       6.45161271E-02   3.5116600452483932E-005
  0.903225780       6.45161271E-02   2.4726885253814166E-005
  0.935483873       6.45161271E-02   1.5954295138402965E-005
  0.967741907       6.45161271E-02   9.4112095367589700E-006
   1.00000000       6.45161271E-02   4.6958271668183580E-006
   0.00000000       9.67741907E-02   1.0444279930387979E-005
   3.22580636E-02   9.67741907E-02   1.1599885516286595E-005
   6.45161271E-02   9.67741907E-02   1.4225006806312324E-005
   9.67741907E-02   9.67741907E-02   1.9430887202728003E-005
  0.129032254       9.67741907E-02   3.0026262707884448E-005
  0.161290318       9.67741907E-02   8.8308329204903025E-005
  0.193548381       9.67741907E-02   1.7051532418293586E-004
  0.225806445       9.67741907E-02   2.3189237773672247E-004
  0.258064508       9.67741907E-02   2.7169148969361634E-004
  0.290322572       9.67741907E-02   2.9444894085216001E-004
  0.322580636       9.67741907E-02   3.0619793444632817E-004
  0.354838699       9.67741907E-02   3.1008376238037861E-004
  0.387096763       9.67741907E-02   3.0838890269518893E-004
  0.419354826       9.67741907E-02   3.0231785809745022E-004
  0.451612890       9.67741907E-02   2.9267677910350623E-004
  0.483870953       9.67741907E-02   2.7995819559867606E-004
  0.516129017       9.67741907E-02   2.6460266288500509E-004
  0.548387110       9.67741907E-02   2.4701829426880702E-004
  0.580645144       9.67741907E-02   2.2766981037918886E-004
  0.612903237       9.67741907E-02   2.0701946074733188E-004
  0.645161271       9.67741907E-02   1.8559293597118800E-004
  0.677419364       9.67741907E-02   1.6384684207092250E-004
  0.709677398       9.67741907E-02   1.4231323451513242E-004
  0.741935492       9.67741907E-02   1.2133468217483993E-004
  0.774193525       9.67741907E-02   1.0142688177714840E-004
  0.806451619       9.67741907E-02   8.2743955005959110E-005
  0.838709652       9.67741907E-02   6.5753438799850952E-005
  0.870967746       9.67741907E-02   5.0369090094407085E-005
  0.903225780       9.67741907E-02   3.7086538421009021E-005
  0.935483873       9.67741907E-02   2.5597099855158158E-005
  0.967741907       9.67741907E-02   1.6365502773174961E-005
   1.00000000       9.67741907E-02   9.5821503095975771E-006
   0.00000000      0.129032254       1.2191294660252546E-005
   3.22580636E-02  0.129032254       1.4718903014619774E-005
   6.45161271E-02  0.129032254       2.0090318693179030E-005
   9.67741907E-02  0.129032254       3.0026488889134041E-005
  0.129032254      0.129032254       5.2285701772239270E-005
  0.161290318      0.129032254       2.0929063360208339E-004
  0.193548381      0.129032254       3.4157811319128175E-004
  0.225806445      0.129032254       4.0010302688206099E-004
  0.258064508      0.129032254       4.2142348944346577E-004
  0.290322572      0.129032254       4.2596236262787705E-004
  0.322580636      0.129032254       4.2111707122684608E-004
  0.354838699      0.129032254       4.1121864237655639E-004
  0.387096763      0.129032254       3.9798597485058980E-004
  0.419354826      0.129032254       3.8242659134125992E-004
  0.451612890      0.129032254       3.6490039085043202E-004
  0.483870953      0.129032254       3.4565792424769636E-004
  0.516129017      0.129032254       3.2478955864134799E-004
  0.548387110      0.129032254       3.0250481009733144E-004
  0.580645144      0.129032254       2.7894135435037635E-004
  0.612903237      0.129032254       2.5448357026433994E-004
  0.645161271      0.129032254       2.2934475587720252E-004
  0.677419364      0.129032254       2.0409505638352871E-004
  0.709677398      0.129032254       1.7892346570207637E-004
  0.741935492      0.129032254       1.5452619165656488E-004
  0.774193525      0.129032254       1.3093134952411344E-004
  0.806451619      0.129032254       1.0883926488756641E-004
  0.838709652      0.129032254       8.8179056437204652E-005
  0.870967746      0.129032254       6.9569852838654228E-005
  0.903225780      0.129032254       5.2744501957322281E-005
  0.935483873      0.129032254       3.8340640092054924E-005
  0.967741907      0.129032254       2.6176627310666721E-005
   1.00000000      0.129032254       1.7697296105646669E-005
   0.00000000      0.161290318       1.6568634235657741E-005
   3.22580636E-02  0.161290318       2.3230961559830396E-005
   6.45161271E-02  0.161290318       4.1376570335769983E-005
   9.67741907E-02  0.161290318       8.8309122936488081E-005
  0.129032254      0.161290318       2.0929105383668829E-004
  0.161290318      0.161290318       5.2530384655689237E-004
  0.193548381      0.161290318       6.2389352877658809E-004
  0.225806445      0.161290318       6.3062605479674561E-004
  0.258064508      0.161290318       6.1409832501690444E-004
  0.290322572      0.161290318       5.8898724797199246E-004
  0.322580636      0.161290318       5.6197180319683714E-004
  0.354838699      0.161290318       5.3483266806776436E-004
  0.387096763      0.161290318       5.0804102990821369E-004
  0.419354826      0.161290318       4.8139627731634749E-004
  0.451612890      0.161290318       4.5467943250861046E-004
  0.483870953      0.161290318       4.2761666402664445E-004
  0.516129017      0.161290318       3.9999210579994818E-004
  0.548387110      0.161290318       3.7171003180548059E-004
  0.580645144      0.161290318       3.4272905455296480E-004
  0.612903237      0.161290318       3.1320135541144912E-004
  0.645161271      0.161290318       2.8328561882393582E-004
  0.677419364      0.161290318       2.5335110694994344E-004
  0.709677398      0.161290318       2.2367770738473445E-004
  0.741935492      0.161290318       1.9472543209103995E-004
  0.774193525      0.161290318       1.6681637616586839E-004
  0.806451619      0.161290318       1.4044392642730122E-004
  0.838709652      0.161290318       1.1567752979389190E-004
  0.870967746      0.161290318       9.3048104264275877E-005
  0.903225780      0.161290318       7.2531093048804895E-005
  0.935483873      0.161290318       5.4587551035034189E-005
  0.967741907      0.161290318       3.9410268636127812E-005
   1.00000000      0.161290318       2.8975591288927796E-005
   0.00000000      0.193548381       2.7766841033730091E-005
   3.22580636E-02  0.193548381       4.5476806399807203E-005
   6.45161271E-02  0.193548381       8.7286795639790981E-005
   9.67741907E-02  0.193548381       1.7051673318841377E-004
  0.129032254      0.193548381       3.4157913999925134E-004
  0.161290318      0.193548381       6.2389413612516718E-004
  0.193548381      0.193548381       8.0025188712967558E-004
  0.225806445      0.193548381       8.3003900343883914E-004
  0.258064508      0.193548381       8.0087926732203831E-004
  0.290322572      0.193548381       7.5733446316487746E-004
  0.322580636      0.193548381       7.1314946045483599E-004
  0.354838699      0.193548381       6.7163457429569851E-004
  0.387096763      0.193548381       6.3268120153109049E-004
  0.419354826      0.193548381       5.9571379247498385E-004
  0.451612890      0.193548381       5.6000038890098212E-004
  0.483870953      0.193548381       5.2496807757716280E-004
  0.516129017      0.193548381       4.9012962857508289E-004
  0.548387110      0.193548381       4.5517087123247366E-004
  0.580645144      0.193548381       4.1992031703926773E-004
  0.612903237      0.193548381       3.8436587240564762E-004
  0.645161271      0.193548381       3.4863649120332041E-004
  0.677419364      0.193548381       3.1297967759077110E-004
  0.709677398      0.193548381       2.7774444445527696E-004
  0.741935492      0.193548381       2.4336284484408611E-004
  0.774193525      0.193548381       2.1016346769176121E-004
  0.806451619      0.193548381       1.7855855990190996E-004
  0.838709652      0.193548381       1.4900071262019730E-004
  0.870967746      0.193548381       1.2171337117063147E-004
  0.903225780      0.193548381       9.6930769857872312E-005
  0.935483873      0.193548381       7.5066004710580724E-005
  0.967741907      0.193548381       5.6688318245356530E-005
   1.00000000      0.193548381       4.4308127595927032E-005
   0.00000000      0.225806445       4.9555439221970293E-005
   3.22580636E-02  0.225806445       7.8084131068333019E-005
   6.45161271E-02  0.225806445       1.3354420655252005E-004
   9.67741907E-02  0.225806445       2.3189350733947731E-004
  0.129032254      0.225806445       4.0010388120735878E-004
  0.161290318      0.225806445       6.3062657188819860E-004
  0.193548381      0.225806445       8.3003893940563982E-004
  0.225806445      0.225806445       9.2207090857375875E-004
  0.258064508      0.225806445       9.2808186757531322E-004
  0.290322572      0.225806445       8.9655782599341860E-004
  0.322580636      0.225806445       8.5315639089267065E-004
  0.354838699      0.225806445       8.0759350642602428E-004
  0.387096763      0.225806445       7.6288714332214719E-004
  0.419354826      0.225806445       7.1953730873685056E-004
  0.451612890      0.225806445       6.7732805889111089E-004
  0.483870953      0.225806445       6.3579879041970899E-004
  0.516129017      0.225806445       5.9448889858874270E-004
  0.548387110      0.225806445       5.5307027111194519E-004
  0.580645144      0.225806445       5.1130582462317366E-004
  0.612903237      0.225806445       4.6921031785795791E-004
  0.645161271      0.225806445       4.2683746115070145E-004
  0.677419364      0.225806445       3.8455830951172654E-004
  0.709677398      0.225806445       3.4263930675648669E-004
  0.741935492      0.225806445       3.0163050751715368E-004
  0.774193525      0.225806445       2.6203129320681579E-004
  0.806451619      0.225806445       2.2443925075696957E-004
  0.838709652      0.225806445       1.8898670026028662E-004
  0.870967746      0.225806445       1.5633033936836573E-004
  0.903225780      0.225806445       1.2668494173430849E-004
  0.935483873      0.225806445       1.0050157091486504E-004
  0.967741907      0.225806445       7.8639965970981417E-005
   1.00000000      0.225806445       6.4367700565088812E-005
   0.00000000      0.258064508       7.8567885734946130E-005
   3.22580636E-02  0.258064508       1.1091577076030992E-004
   6.45161271E-02  0.258064508       1.7203845866167630E-004
   9.67741907E-02  0.258064508       2.7169240395424156E-004
  0.129032254      0.258064508       4.2142413966028870E-004
  0.161290318      0.258064508       6.1409882359812697E-004
  0.193548381      0.258064508       8.0087927152362173E-004
  0.225806445      0.258064508       9.2808203178016346E-004
  0.258064508      0.258064508       9.8339321100109132E-004
  0.290322572      0.258064508       9.8722448009599928E-004
  0.322580636      0.258064508       9.6426823639360630E-004
  0.354838699      0.258064508       9.2899411680455273E-004
  0.387096763      0.258064508       8.8846472322238784E-004
  0.419354826      0.258064508       8.4572999436013875E-004
  0.451612890      0.258064508       8.0187295248809265E-004
  0.483870953      0.258064508       7.5721535438309491E-004
  0.516129017      0.258064508       7.1165555317133995E-004
  0.548387110      0.258064508       6.6512484671639883E-004
  0.580645144      0.258064508       6.1749016619323913E-004
  0.612903237      0.258064508       5.6890737898516802E-004
  0.645161271      0.258064508       5.1951388024507863E-004
  0.677419364      0.258064508       4.6981703774236628E-004
  0.709677398      0.258064508       4.2024501782521171E-004
  0.741935492      0.258064508       3.7167572385252465E-004
  0.774193525      0.258064508       3.2436438423443198E-004
  0.806451619      0.258064508       2.7928719656651868E-004
  0.838709652      0.258064508       2.3700297286027294E-004
  0.870967746      0.258064508       1.9805919602510909E-004
  0.903225780      0.258064508       1.6262164994167199E-004
  0.935483873      0.258064508       1.3160610396662135E-004
  0.967741907      0.258064508       1.0603744732991186E-004
   1.00000000      0.258064508       8.9842124711479802E-005
   0.00000000      0.290322572       1.0905148318748615E-004
   3.22580636E-02  0.290322572       1.4080367262311194E-004
   6.45161271E-02  0.290322572       2.0135476393866886E-004
   9.67741907E-02  0.290322572       2.9444861475682715E-004
  0.129032254      0.290322572       4.2596194475360785E-004
  0.161290318      0.290322572       5.8898687692331717E-004
  0.193548381      0.290322572       7.5733381581133310E-004
  0.225806445      0.290322572       8.9655747001558101E-004
  0.258064508      0.290322572       9.8722400178298249E-004
  0.290322572      0.290322572       1.0307955826637913E-003
  0.322580636      0.290322572       1.0395509756077656E-003
  0.354838699      0.290322572       1.0266807211214695E-003
  0.387096763      0.290322572       1.0008663969496409E-003
  0.419354826      0.290322572       9.6721225781895689E-004
  0.451612890      0.290322572       9.2836540752186945E-004
  0.483870953      0.290322572       8.8563240063285319E-004
  0.516129017      0.290322572       8.3961454722686314E-004
  0.548387110      0.290322572       7.9060685171217378E-004
  0.580645144      0.290322572       7.3883952267588145E-004
  0.612903237      0.290322572       6.8461959623753528E-004
  0.645161271      0.290322572       6.2839837844524851E-004
  0.677419364      0.290322572       5.7084557606226305E-004
  0.709677398      0.290322572       5.1272077304172106E-004
  0.741935492      0.290322572       4.5488016738018595E-004
  0.774193525      0.290322572       3.9869088614852808E-004
  0.806451619      0.290322572       3.4494781287029160E-004
  0.838709652      0.290322572       2.9424992528702333E-004
  0.870967746      0.290322572       2.4761519125406165E-004
  0.903225780      0.290322572       2.0576147528648584E-004
  0.935483873      0.290322572       1.6919271967456937E-004
  0.967741907      0.290322572       1.3960193016027500E-004
   1.00000000      0.290322572       1.2137653259129310E-004
   0.00000000      0.322580636       1.3687050541140572E-004
   3.22580636E-02  0.322580636       1.6583135651066563E-004
   6.45161271E-02  0.322580636       2.2175125359780677E-004
   9.67741907E-02  0.322580636       3.0619678811479457E-004
  0.129032254      0.322580636       4.2111594438100185E-004
  0.161290318      0.322580636       5.6197102252201624E-004
  0.193548381      0.322580636       7.1314857751246172E-004
  0.225806445      0.322580636       8.5315600457326266E-004
  0.258064508      0.322580636       9.6426777184012013E-004
  0.290322572      0.322580636       1.0395510545227902E-003
  0.322580636      0.322580636       1.0816940043872024E-003
  0.354838699      0.322580636       1.0976419531792290E-003
  0.387096763      0.322580636       1.0947525462416795E-003
  0.419354826      0.322580636       1.0783006943946019E-003
  0.451612890      0.322580636       1.0517862640953544E-003
  0.483870953      0.322580636       1.0172526027139794E-003
  0.516129017      0.322580636       9.7590417609077910E-004
  0.548387110      0.322580636       9.2845955441184496E-004
  0.580645144      0.322580636       8.7547909984293673E-004
  0.612903237      0.322580636       8.1754077105223905E-004
  0.645161271      0.322580636       7.5541630401357513E-004
  0.677419364      0.322580636       6.9004985453075614E-004
  0.709677398      0.322580636       6.2276693672713181E-004
  0.741935492      0.322580636       5.5509152795186751E-004
  0.774193525      0.322580636       4.8801625905581816E-004
  0.806451619      0.322580636       4.2332378209257210E-004
  0.838709652      0.322580636       3.6278853484904928E-004
  0.870967746      0.322580636       3.0709356883579616E-004
  0.903225780      0.322580636       2.5706432217830415E-004
  0.935483873      0.322580636       2.1412042112059856E-004
  0.967741907      0.322580636       1.8009207430550061E-004
   1.00000000      0.322580636       1.5972249474229815E-004
   0.00000000      0.354838699       1.5924497402190990E-004
   3.22580636E-02  0.354838699       1.8465868811084836E-004
   6.45161271E-02  0.354838699       2.3477651619161467E-004
   9.67741907E-02  0.354838699       3.1008108053813885E-004
  0.129032254      0.354838699       4.1121627445549718E-004
  0.161290318      0.354838699       5.3483085654125364E-004
  0.193548381      0.354838699       6.7163291517920111E-004
  0.225806445      0.354838699       8.0759246955106078E-004
  0.258064508      0.354838699       9.2899307463501467E-004
  0.290322572      0.354838699       1.0266802761382191E-003
  0.322580636      0.354838699       1.0976414253061966E-003
  0.354838699      0.354838699       1.1435724533490909E-003
  0.387096763      0.354838699       1.1681138772492467E-003
  0.419354826      0.354838699       1.1752416229094092E-003
  0.451612890      0.354838699       1.1679514118241353E-003
  0.483870953      0.354838699       1.1483856152600266E-003
  0.516129017      0.354838699       1.1178716556524654E-003
  0.548387110      0.354838699       1.0773105151712222E-003
  0.580645144      0.354838699       1.0273924015185404E-003
  0.612903237      0.354838699       9.6889026751825346E-004
  0.645161271      0.354838699       9.0277645822489346E-004
  0.677419364      0.354838699       8.3045359625520253E-004
  0.709677398      0.354838699       7.5351172480093477E-004
  0.741935492      0.354838699       6.7388737092984117E-004
  0.774193525      0.354838699       5.9459383195569848E-004
  0.806451619      0.354838699       5.1751001454671387E-004
  0.838709652      0.354838699       4.4414861879585251E-004
  0.870967746      0.354838699       3.7701778569176956E-004
  0.903225780      0.354838699       3.1778312121476601E-004
  0.935483873      0.354838699       2.6729968647571414E-004
  0.967741907      0.354838699       2.2815856212863407E-004
   1.00000000      0.354838699       2.0542352402998847E-004
   0.00000000      0.387096763       1.7474714208386130E-004
   3.22580636E-02  0.387096763       1.9696360146522884E-004
   6.45161271E-02  0.387096763       2.4137605588437288E-004
   9.67741907E-02  0.387096763       3.0838552094971354E-004
  0.129032254      0.387096763       3.9798303648776542E-004
  0.161290318      0.387096763       5.0803894276319492E-004
  0.193548381      0.387096763       6.3267937111548668E-004
  0.225806445      0.387096763       7.6288611193658202E-004
  0.258064508      0.387096763       8.8846372346334970E-004
  0.290322572      0.387096763       1.0008661008739314E-003
  0.322580636      0.387096763       1.0947521670343148E-003
  0.354838699      0.387096763       1.1681140641253904E-003
  0.387096763      0.387096763       1.2213941090207139E-003
  0.419354826      0.387096763       1.2560177792246654E-003
  0.451612890      0.387096763       1.2736886427656851E-003
  0.483870953      0.387096763       1.2756483207322753E-003
  0.516129017      0.387096763       1.2627656696395648E-003
  0.548387110      0.387096763       1.2355379565485299E-003
  0.580645144      0.387096763       1.1944042159877466E-003
  0.612903237      0.387096763       1.1399277443184092E-003
  0.645161271      0.387096763       1.0731317648181608E-003
  0.677419364      0.387096763       9.9552145566169661E-004
  0.709677398      0.387096763       9.0953472219496695E-004
  0.741935492      0.387096763       8.1820822771221081E-004
  0.774193525      0.387096763       7.2385888676777962E-004
  0.806451619      0.387096763       6.3050341066217259E-004
  0.838709652      0.387096763       5.4233987722471374E-004
  0.870967746      0.387096763       4.6125548300056060E-004
  0.903225780      0.387096763       3.8932329763987489E-004
  0.935483873      0.387096763       3.2952766738342059E-004
  0.967741907      0.387096763       2.8438764881656670E-004
   1.00000000      0.387096763       2.5888268477061900E-004
   0.00000000      0.419354826       1.8313854009788350E-004
   3.22580636E-02  0.419354826       2.0282902648486806E-004
   6.45161271E-02  0.419354826       2.4244584560147118E-004
   9.67741907E-02  0.419354826       3.0231354247264473E-004
  0.129032254      0.419354826       3.8242298221928008E-004
  0.161290318      0.419354826       4.8139354031980473E-004
  0.193548381      0.419354826       5.9571148790838748E-004
  0.225806445      0.419354826       7.1953579806984295E-004
  0.258064508      0.419354826       8.4572858707429165E-004
  0.290322572      0.419354826       9.6721155876025426E-004
  0.322580636      0.419354826       1.0782999027501368E-003
  0.354838699      0.419354826       1.1752413990702014E-003
  0.387096763      0.419354826       1.2560173489990208E-003
  0.419354826      0.419354826       1.3198937341040164E-003
  0.451612890      0.419354826       1.3665882320161324E-003
  0.483870953      0.419354826       1.3959795993635387E-003
  0.516129017      0.419354826       1.4076877397596848E-003
  0.548387110      0.419354826       1.4012256794902489E-003
  0.580645144      0.419354826       1.3760588872463594E-003
  0.612903237      0.419354826       1.3320180875324966E-003
  0.645161271      0.419354826       1.2694942782924437E-003
  0.677419364      0.419354826       1.1899755128803216E-003
  0.709677398      0.419354826       1.0957699747654048E-003
  0.741935492      0.419354826       9.9031660661628084E-004
  0.774193525      0.419354826       8.7949711888285671E-004
  0.806451619      0.419354826       7.6786256299270564E-004
  0.838709652      0.419354826       6.5931807722213861E-004
  0.870967746      0.419354826       5.5971558984264306E-004
  0.903225780      0.419354826       4.7324783977513636E-004
  0.935483873      0.419354826       4.0175959172953583E-004
  0.967741907      0.419354826       3.4899728814973067E-004
   1.00000000      0.419354826       3.2010683301044997E-004
   0.00000000      0.451612890       1.8490742578845004E-004
   3.22580636E-02  0.451612890       2.0279403860476710E-004
   6.45161271E-02  0.451612890       2.3865010526517968E-004
   9.67741907E-02  0.451612890       2.9267281437380017E-004
  0.129032254      0.451612890       3.6489697294528594E-004
  0.161290318      0.451612890       4.5467701659450448E-004
  0.193548381      0.451612890       5.5999828444563721E-004
  0.225806445      0.451612890       6.7732682236799262E-004
  0.258064508      0.451612890       8.0187176896067411E-004
  0.290322572      0.451612890       9.2836497287169726E-004
  0.322580636      0.451612890       1.0517857074409896E-003
  0.354838699      0.451612890       1.1679514533325780E-003
  0.387096763      0.451612890       1.2736884695950211E-003
  0.419354826      0.451612890       1.3665885058587826E-003
  0.451612890      0.451612890       1.4447676691077156E-003
  0.483870953      0.451612890       1.5063738534704990E-003
  0.516129017      0.451612890       1.5494817926552744E-003
  0.548387110      0.451612890       1.5719075132720765E-003
  0.580645144      0.451612890       1.5714992363825250E-003
  0.612903237      0.451612890       1.5463537588044707E-003
  0.645161271      0.451612890       1.4955179602141959E-003
  0.677419364      0.451612890       1.4192647856984815E-003
  0.709677398      0.451612890       1.3200792789582758E-003
  0.741935492      0.451612890       1.2027036706540222E-003
  0.774193525      0.451612890       1.0719117047240281E-003
  0.806451619      0.451612890       9.3561396853191479E-004
  0.838709652      0.451612890       8.0306903972911269E-004
  0.870967746      0.451612890       6.8005383433584945E-004
  0.903225780      0.451612890       5.7181207741619378E-004
  0.935483873      0.451612890       4.8454770321012522E-004
  0.967741907      0.451612890       4.2195986382433586E-004
   1.00000000      0.451612890       3.8849725721045759E-004
   0.00000000      0.483870953       1.8094614495182807E-004
   3.22580636E-02  0.483870953       1.9761594158389915E-004
   6.45161271E-02  0.483870953       2.3065561287660791E-004
   9.67741907E-02  0.483870953       2.7995467290846290E-004
  0.129032254      0.483870953       3.4565490471408211E-004
  0.161290318      0.483870953       4.2761428071968718E-004
  0.193548381      0.483870953       5.2496600246220544E-004
  0.225806445      0.483870953       6.3579736507641486E-004
  0.258064508      0.483870953       7.5721400156708054E-004
  0.290322572      0.483870953       8.8563169746002062E-004
  0.322580636      0.483870953       1.0172517892959791E-003
  0.354838699      0.483870953       1.1483853837020049E-003
  0.387096763      0.483870953       1.2756478842692819E-003
  0.419354826      0.483870953       1.3959796106317649E-003
  0.451612890      0.483870953       1.5063735936068883E-003
  0.483870953      0.483870953       1.6037050134004663E-003
  0.516129017      0.483870953       1.6843687143728279E-003
  0.548387110      0.483870953       1.7442996448478517E-003
  0.580645144      0.483870953       1.7789312946337810E-003
  0.612903237      0.483870953       1.7838133388810551E-003
  0.645161271      0.483870953       1.7550967002261388E-003
  0.677419364      0.483870953       1.6908760546884474E-003
  0.709677398      0.483870953       1.5917498581654943E-003
  0.741935492      0.483870953       1.4613432185505524E-003
  0.774193525      0.483870953       1.3087342389756793E-003
  0.806451619      0.483870953       1.1441431481256756E-003
  0.838709652      0.483870953       9.7774504207178347E-004
  0.870967746      0.483870953       8.2203076622646061E-004
  0.903225780      0.483870953       6.8729308476887677E-004
  0.935483873      0.483870953       5.7882257397996295E-004
  0.967741907      0.483870953       5.0230444880071813E-004
   1.00000000      0.483870953       4.6253676351839005E-004
   0.00000000      0.516129017       1.7231192833039676E-004
   3.22580636E-02  0.516129017       1.8818346130603601E-004
   6.45161271E-02  0.516129017       2.1910995561428220E-004
   9.67741907E-02  0.516129017       2.6460056873272593E-004
  0.129032254      0.516129017       3.2478725412442137E-004
  0.161290318      0.516129017       3.9999044870113703E-004
  0.193548381      0.516129017       4.9012789026490610E-004
  0.225806445      0.516129017       5.9448791634785034E-004
  0.258064508      0.516129017       7.1165450846065925E-004
  0.290322572      0.516129017       8.3961423504376399E-004
  0.322580636      0.516129017       9.7590373306430595E-004
  0.354838699      0.516129017       1.1178718288912381E-003
  0.387096763      0.516129017       1.2627656189814274E-003
  0.419354826      0.516129017       1.4076881234243272E-003
  0.451612890      0.516129017       1.5494818789092153E-003
  0.483870953      0.516129017       1.6843690337874232E-003
  0.516129017      0.516129017       1.8077247784821309E-003
  0.548387110      0.516129017       1.9136621623797589E-003
  0.580645144      0.516129017       1.9951297758527093E-003
  0.612903237      0.516129017       2.0439965715554290E-003
  0.645161271      0.516129017       2.0522415233497873E-003
  0.677419364      0.516129017       2.0131817608140521E-003
  0.709677398      0.516129017       1.9236750574624082E-003
  0.741935492      0.516129017       1.7865542021897746E-003
  0.774193525      0.516129017       1.6093442743720728E-003
  0.806451619      0.516129017       1.4065820370851149E-003
  0.838709652      0.516129017       1.1973017274324314E-003
  0.870967746      0.516129017       9.9826522279308836E-004
  0.903225780      0.516129017       8.2322796469522729E-004
  0.935483873      0.516129017       6.8449309609433420E-004
  0.967741907      0.516129017       5.8852399172429630E-004
   1.00000000      0.516129017       5.3926816298048455E-004
   0.00000000      0.548387110       1.6007858790427593E-004
   3.22580636E-02  0.548387110       1.7541634543849594E-004
   6.45161271E-02  0.548387110       2.0470037155300431E-004
   9.67741907E-02  0.548387110       2.4701659425943124E-004
  0.129032254      0.548387110       3.0250297863675005E-004
  0.161290318      0.548387110       3.7170839388919318E-004
  0.193548381      0.548387110       4.5516929094377591E-004
  0.225806445      0.548387110       5.5306922340583723E-004
  0.258064508      0.548387110       6.6512381547598675E-004
  0.290322572      0.548387110       7.9060642541333706E-004
  0.322580636      0.548387110       9.2845901238604409E-004
  0.354838699      0.548387110       1.0773105239299352E-003
  0.387096763      0.548387110       1.2355377414149809E-003
  0.419354826      0.548387110       1.4012258784733651E-003
  0.451612890      0.548387110       1.5719074275360480E-003
  0.483870953      0.548387110       1.7442998039553332E-003
  0.516129017      0.548387110       1.9136620406234968E-003
  0.548387110      0.548387110       2.0733778249558124E-003
  0.580645144      0.548387110       2.2141833047373848E-003
  0.612903237      0.548387110       2.3242477840151664E-003
  0.645161271      0.548387110       2.3895378405113035E-003
  0.677419364      0.548387110       2.3959037334674639E-003
  0.709677398      0.548387110       2.3325096348501312E-003
  0.741935492      0.548387110       2.1954591050425071E-003
  0.774193525      0.548387110       1.9931758381553149E-003
  0.806451619      0.548387110       1.7442106085456769E-003
  0.838709652      0.548387110       1.4743590211781269E-003
  0.870967746      0.548387110       1.2125858643907911E-003
  0.903225780      0.548387110       9.8360421840419437E-004
  0.935483873      0.548387110       8.0193918094685732E-004
  0.967741907      0.548387110       6.7704854660736384E-004
   1.00000000      0.548387110       6.1384617482724516E-004
   0.00000000      0.580645144       1.4527327549277208E-004
   3.22580636E-02  0.580645144       1.6020725221583182E-004
   6.45161271E-02  0.580645144       1.8810484395648572E-004
   9.67741907E-02  0.580645144       2.2766806766162014E-004
  0.129032254      0.580645144       2.7893928114875875E-004
  0.161290318      0.580645144       3.4272776768530695E-004
  0.193548381      0.580645144       4.1991882799813569E-004
  0.225806445      0.580645144       5.1130521617347342E-004
  0.258064508      0.580645144       6.1748940603720075E-004
  0.290322572      0.580645144       7.3883955528619108E-004
  0.322580636      0.580645144       8.7547896410755828E-004
  0.354838699      0.580645144       1.0273928861117717E-003
  0.387096763      0.580645144       1.1944044500005850E-003
  0.419354826      0.580645144       1.3760595370615092E-003
  0.451612890      0.580645144       1.5714995696034387E-003
  0.483870953      0.580645144       1.7789318603675846E-003
  0.516129017      0.580645144       1.9951300195114145E-003
  0.548387110      0.580645144       2.2141836313232014E-003
  0.580645144      0.580645144       2.4264971954218307E-003
  0.612903237      0.580645144       2.6172681367385886E-003
  0.645161271      0.580645144       2.7660304622594864E-003
  0.677419364      0.580645144       2.8480936380184700E-003
  0.709677398      0.580645144       2.8388197256404317E-003
  0.741935492      0.580645144       2.7221837584569535E-003
  0.774193525      0.580645144       2.4976462283090909E-003
  0.806451619      0.580645144       2.1879858582383362E-003
  0.838709652      0.580645144       1.8344671286174691E-003
  0.870967746      0.580645144       1.4834628049276012E-003
  0.903225780      0.580645144       1.1733093700978970E-003
  0.935483873      0.580645144       9.2959333836271679E-004
  0.967741907      0.580645144       7.6335908931341064E-004
   1.00000000      0.580645144       6.7897614221284889E-004
   0.00000000      0.612903237       1.2882585347306853E-004
   3.22580636E-02  0.612903237       1.4340247033774111E-004
   6.45161271E-02  0.612903237       1.7000827259310700E-004
   9.67741907E-02  0.612903237       2.0701625402105977E-004
  0.129032254      0.612903237       2.5448124885984487E-004
  0.161290318      0.612903237       3.1319936735568798E-004
  0.193548381      0.612903237       3.8436438542660594E-004
  0.225806445      0.612903237       4.6920945103061401E-004
  0.258064508      0.612903237       5.6890664854477354E-004
  0.290322572      0.612903237       6.8461951718429552E-004
  0.322580636      0.612903237       8.1754062561645410E-004
  0.354838699      0.612903237       9.6889067748737287E-004
  0.387096763      0.612903237       1.1399279601757770E-003
  0.419354826      0.612903237       1.3320187030761038E-003
  0.451612890      0.612903237       1.5463541009916812E-003
  0.483870953      0.612903237       1.7838139136154539E-003
  0.516129017      0.612903237       2.0439968382412912E-003
  0.548387110      0.612903237       2.3242481424476536E-003
  0.580645144      0.612903237       2.6172681808265827E-003
  0.612903237      0.612903237       2.9084775645631636E-003
  0.645161271      0.612903237       3.1730721878766325E-003
  0.677419364      0.612903237       3.3739339250875994E-003
  0.709677398      0.612903237       3.4655209663673322E-003
  0.741935492      0.612903237       3.4045672224532445E-003
  0.774193525      0.612903237       3.1716888685639814E-003
  0.806451619      0.612903237       2.7866533771823050E-003
  0.838709652      0.612903237       2.3106883703937053E-003
  0.870967746      0.612903237       1.8246917754810958E-003
  0.903225780      0.612903237       1.3972136387084496E-003
  0.935483873      0.612903237       1.0646353852696653E-003
  0.967741907      0.612903237       8.3920348441929066E-004
   1.00000000      0.612903237       7.2481184103386344E-004
   0.00000000      0.645161271       1.1158823965360605E-004
   3.22580636E-02  0.645161271       1.2576095556108419E-004
   6.45161271E-02  0.645161271       1.5104587857613067E-004
   9.67741907E-02  0.645161271       1.8558959120608008E-004
  0.129032254      0.645161271       2.2934188998673078E-004
  0.161290318      0.645161271       2.8328372829343723E-004
  0.193548381      0.645161271       3.4863480541035940E-004
  0.225806445      0.645161271       4.2683673207423298E-004
  0.258064508      0.645161271       5.1951320090799530E-004
  0.290322572      0.645161271       6.2839862466973592E-004
  0.322580636      0.645161271       7.5541652276234271E-004
  0.354838699      0.645161271       9.0277740643997391E-004
  0.387096763      0.645161271       1.0731325555301820E-003
  0.419354826      0.645161271       1.2694954866966537E-003
  0.451612890      0.645161271       1.4955188727715175E-003
  0.483870953      0.645161271       1.7550977932906183E-003
  0.516129017      0.645161271       2.0522422332738570E-003
  0.548387110      0.645161271       2.3895385897540564E-003
  0.580645144      0.645161271       2.7660308150180089E-003
  0.612903237      0.645161271       3.1730724894776475E-003
  0.645161271      0.645161271       3.5873261406716267E-003
  0.677419364      0.645161271       3.9637768948681505E-003
  0.709677398      0.645161271       4.2300352288788699E-003
  0.741935492      0.645161271       4.2973129372496557E-003
  0.774193525      0.645161271       4.0936455603105227E-003
  0.806451619      0.645161271       3.6166286577506892E-003
  0.838709652      0.645161271       2.9577416041507618E-003
  0.870967746      0.645161271       2.2632455639305647E-003
  0.903225780      0.645161271       1.6573699333806450E-003
  0.935483873      0.645161271       1.1992693934952442E-003
  0.967741907      0.645161271       8.9493185902847310E-004
   1.00000000      0.645161271       7.3967139046577366E-004
   0.00000000      0.677419364       9.4244866844423974E-005
   3.22580636E-02  0.677419364       1.0795980848536530E-004
   6.45161271E-02  0.677419364       1.3182038143004491E-004
   9.67741907E-02  0.677419364       1.6384313276393835E-004
  0.129032254      0.677419364       2.0409175814553002E-004
  0.161290318      0.677419364       2.5334772553001802E-004
  0.193548381      0.677419364       3.1297769262061427E-004
  0.225806445      0.677419364       3.8455687825769870E-004
  0.258064508      0.677419364       4.6981646365673840E-004
  0.290322572      0.677419364       5.7084588697401762E-004
  0.322580636      0.677419364       6.9005052225677916E-004
  0.354838699      0.677419364       8.3045492905157374E-004
  0.387096763      0.677419364       9.9552270298930521E-004
  0.419354826      0.677419364       1.1899770649749159E-003
  0.451612890      0.677419364       1.4192660400173815E-003
  0.483870953      0.677419364       1.6908773552371085E-003
  0.516129017      0.677419364       2.0131826727187566E-003
  0.548387110      0.677419364       2.3959046144547374E-003
  0.580645144      0.677419364       2.8480941161424579E-003
  0.612903237      0.677419364       3.3739343651723757E-003
  0.645161271      0.677419364       3.9637769865522978E-003
  0.677419364      0.677419364       4.5774765482698519E-003
  0.709677398      0.677419364       5.1236201369977384E-003
  0.741935492      0.677419364       5.4470073224253410E-003
  0.774193525      0.677419364       5.3674494183046755E-003
  0.806451619      0.677419364       4.7959511552146819E-003
  0.838709652      0.677419364       3.8528100826904460E-003
  0.870967746      0.677419364       2.8212773810190124E-003
  0.903225780      0.677419364       1.9469248458065050E-003
  0.935483873      0.677419364       1.3181990923039433E-003
  0.967741907      0.677419364       9.1626596050314228E-004
   1.00000000      0.677419364       7.1271087011731498E-004
   0.00000000      0.709677398       7.7419521976415052E-005
   3.22580636E-02  0.709677398       9.0549523757000027E-005
   6.45161271E-02  0.709677398       1.1283706572069736E-004
   9.67741907E-02  0.709677398       1.4230440368263170E-004
  0.129032254      0.709677398       1.7891731785364817E-004
  0.161290318      0.709677398       2.2367344893802198E-004
  0.193548381      0.709677398       2.7774161680799007E-004
  0.225806445      0.709677398       3.4263793214750840E-004
  0.258064508      0.709677398       4.2024480324916088E-004
  0.290322572      0.709677398       5.1272174545925991E-004
  0.322580636      0.709677398       6.2276833372137887E-004
  0.354838699      0.709677398       7.5351383746915883E-004
  0.387096763      0.709677398       9.0953667833518312E-004
  0.419354826      0.709677398       1.0957721788186592E-003
  0.451612890      0.709677398       1.3200810915178656E-003
  0.483870953      0.709677398       1.5917516204341606E-003
  0.516129017      0.709677398       1.9236763983903637E-003
  0.548387110      0.709677398       2.3325108554416280E-003
  0.580645144      0.709677398       2.8388205014538322E-003
  0.612903237      0.709677398       3.4655216523044601E-003
  0.645161271      0.709677398       4.2300354931640062E-003
  0.677419364      0.709677398       5.1236203508803913E-003
  0.709677398      0.709677398       6.0674417559661575E-003
  0.741935492      0.709677398       6.8495215024271926E-003
  0.774193525      0.709677398       7.1027605127911893E-003
  0.806451619      0.709677398       6.4886628891701898E-003
  0.838709652      0.709677398       5.0979299074349095E-003
  0.870967746      0.709677398       3.5107258069150028E-003
  0.903225780      0.709677398       2.2363341453430739E-003
  0.935483873      0.709677398       1.3932511771016004E-003
  0.967741907      0.709677398       8.8945273439404340E-004
   1.00000000      0.709677398       6.3735242118323346E-004
   0.00000000      0.741935492       6.1629260137087343E-005
   3.22580636E-02  0.741935492       7.4051255392407824E-005
   6.45161271E-02  0.741935492       9.4593873925445337E-005
   9.67741907E-02  0.741935492       1.2132657379505042E-004
  0.129032254      0.741935492       1.5451806939454035E-004
  0.161290318      0.741935492       1.9471992660448890E-004
  0.193548381      0.741935492       2.4336021872229494E-004
  0.225806445      0.741935492       3.0162916488338639E-004
  0.258064508      0.741935492       3.7167645665223543E-004
  0.290322572      0.741935492       4.5488185703128581E-004
  0.322580636      0.741935492       5.5509398002624580E-004
  0.354838699      0.741935492       6.7389024956470605E-004
  0.387096763      0.741935492       8.1821093571226103E-004
  0.419354826      0.741935492       9.9031936987783553E-004
  0.451612890      0.741935492       1.2027059430073101E-003
  0.483870953      0.741935492       1.4613453053445528E-003
  0.516129017      0.741935492       1.7865558310616754E-003
  0.548387110      0.741935492       2.1954604857549903E-003
  0.580645144      0.741935492       2.7221847061370519E-003
  0.612903237      0.741935492       3.4045680118790431E-003
  0.645161271      0.741935492       4.2973132814684758E-003
  0.677419364      0.741935492       5.4470076270520815E-003
  0.709677398      0.741935492       6.8495215247053338E-003
  0.741935492      0.741935492       8.3125473757938249E-003
  0.774193525      0.741935492       9.2664742036029438E-003
  0.806451619      0.741935492       8.8291662512463599E-003
  0.838709652      0.741935492       6.7693670797538729E-003
  0.870967746      0.741935492       4.2751839499778109E-003
  0.903225780      0.741935492       2.4516577734141967E-003
  0.935483873      0.741935492       1.3842781460005294E-003
  0.967741907      0.741935492       8.0245839214145942E-004
   1.00000000      0.741935492       5.1750050406705063E-004
   0.00000000      0.774193525       4.7260606280078596E-005
   3.22580636E-02  0.774193525       5.8828445292630026E-005
   6.45161271E-02  0.774193525       7.7416042263026133E-005
   9.67741907E-02  0.774193525       1.0141032896057427E-004
  0.129032254      0.774193525       1.3092343217423519E-004
  0.161290318      0.774193525       1.6681202644326586E-004
  0.193548381      0.774193525       2.1016118589681866E-004
  0.225806445      0.774193525       2.6203151950031676E-004
  0.258064508      0.774193525       3.2436641910573512E-004
  0.290322572      0.774193525       3.9869392974625388E-004
  0.322580636      0.774193525       4.8801982854269053E-004
  0.354838699      0.774193525       5.9459760081929003E-004
  0.387096763      0.774193525       7.2386231481555473E-004
  0.419354826      0.774193525       8.7950044537512054E-004
  0.451612890      0.774193525       1.0719143717392518E-003
  0.483870953      0.774193525       1.3087366665336766E-003
  0.516129017      0.774193525       1.6093461706120202E-003
  0.548387110      0.774193525       1.9931774443539200E-003
  0.580645144      0.774193525       2.4976474161660521E-003
  0.612903237      0.774193525       3.1716898102207782E-003
  0.645161271      0.774193525       4.0936460399927004E-003
  0.677419364      0.774193525       5.3674498382459525E-003
  0.709677398      0.774193525       7.1027606071853095E-003
  0.741935492      0.774193525       9.2664743232237761E-003
  0.774193525      0.774193525       1.1291293255689290E-002
  0.806451619      0.774193525       1.1596721567547014E-002
  0.838709652      0.774193525       8.7749114093549629E-003
  0.870967746      0.774193525       4.8924992105631778E-003
  0.903225780      0.774193525       2.4647538978886112E-003
  0.935483873      0.774193525       1.2535032483933391E-003
  0.967741907      0.774193525       6.5178476901443653E-004
   1.00000000      0.774193525       3.7027204403942168E-004
   0.00000000      0.806451619       3.4649866911204518E-005
   3.22580636E-02  0.806451619       4.5175994500523254E-005
   6.45161271E-02  0.806451619       6.1666312310132239E-005
   9.67741907E-02  0.806451619       8.2745776727708920E-005
  0.129032254      0.806451619       1.0883111790310114E-004
  0.161290318      0.806451619       1.4044136909394789E-004
  0.193548381      0.806451619       1.7855802570932943E-004
  0.225806445      0.806451619       2.2444114745162627E-004
  0.258064508      0.806451619       2.7929104070210405E-004
  0.290322572      0.806451619       3.4495215759346214E-004
  0.322580636      0.806451619       4.2332858261394060E-004
  0.354838699      0.806451619       5.1751462359978233E-004
  0.387096763      0.806451619       6.3050763075557959E-004
  0.419354826      0.806451619       7.6786641257345725E-004
  0.451612890      0.806451619       9.3561705894006477E-004
  0.483870953      0.806451619       1.1441459293713059E-003
  0.516129017      0.806451619       1.4065841894403889E-003
  0.548387110      0.806451619       1.7442124565536772E-003
  0.580645144      0.806451619       2.1879872422604445E-003
  0.612903237      0.806451619       2.7866544480517875E-003
  0.645161271      0.806451619       3.6166292551313389E-003
  0.677419364      0.806451619       4.7959516637235862E-003
  0.709677398      0.806451619       6.4886630214478248E-003
  0.741935492      0.806451619       8.8291664219367575E-003
  0.774193525      0.806451619       1.1596721579101849E-002
  0.806451619      0.806451619       1.3396610820385676E-002
  0.838709652      0.806451619       1.0455299768162988E-002
  0.870967746      0.806451619       4.9004789618789955E-003
  0.903225780      0.806451619       2.1537326258939393E-003
  0.935483873      0.806451619       9.7493814278040009E-004
  0.967741907      0.806451619       4.5532098194386264E-004
   1.00000000      0.806451619       2.2425470780236298E-004
   0.00000000      0.838709652       2.3967359999491229E-005
   3.22580636E-02  0.838709652       3.3299005034479541E-005
   6.45161271E-02  0.838709652       4.7536912990626616E-005
   9.67741907E-02  0.838709652       6.5733204052040553E-005
  0.129032254      0.838709652       8.8179504109884232E-005
  0.161290318      0.838709652       1.1567803517894594E-004
  0.193548381      0.838709652       1.4900313075597401E-004
  0.225806445      0.838709652       1.8899182245045212E-004
  0.258064508      0.838709652       2.3700877236027047E-004
  0.290322572      0.838709652       2.9425629929897309E-004
  0.322580636      0.838709652       3.6279461641368637E-004
  0.354838699      0.838709652       4.4415444979149478E-004
  0.387096763      0.838709652       5.4234488250074506E-004
  0.419354826      0.838709652       6.5932260472393157E-004
  0.451612890      0.838709652       8.0307253588318781E-004
  0.483870953      0.838709652       9.7774819658216923E-004
  0.516129017      0.838709652       1.1973040598086096E-003
  0.548387110      0.838709652       1.4743610833414036E-003
  0.580645144      0.838709652       1.8344686446138112E-003
  0.612903237      0.838709652       2.3106895560966283E-003
  0.645161271      0.838709652       2.9577423244600051E-003
  0.677419364      0.838709652       3.8528106634604133E-003
  0.709677398      0.838709652       5.0979300627633593E-003
  0.741935492      0.838709652       6.7693672874219795E-003
  0.774193525      0.838709652       8.7749115355593484E-003
  0.806451619      0.838709652       1.0455300048667873E-002
  0.838709652      0.838709652       9.1689753311887182E-003
  0.870967746      0.838709652       3.8226012083245062E-003
  0.903225780      0.838709652       1.4320399279961131E-003
  0.935483873      0.838709652       5.8925524462327423E-004
  0.967741907      0.838709652       2.5603134405478167E-004
   1.00000000      0.838709652       1.0762432408110150E-004
   0.00000000      0.870967746       1.5379510721755078E-005
   3.22580636E-02  0.870967746       2.3414440809821425E-005
   6.45161271E-02  0.870967746       3.5136388299526170E-005
   9.67741907E-02  0.870967746       5.0388386083679891E-005
  0.129032254      0.870967746       6.9562892765757503E-005
  0.161290318      0.870967746       9.3049678709662009E-005
  0.193548381      0.870967746       1.2171778382671033E-004
  0.225806445      0.870967746       1.5633838574909836E-004
  0.258064508      0.870967746       1.9806785786336114E-004
  0.290322572      0.870967746       2.4762298119785113E-004
  0.322580636      0.870967746       3.0710100796619693E-004
  0.354838699      0.870967746       3.7702424831661244E-004
  0.387096763      0.870967746       4.6126128091461273E-004
  0.419354826      0.870967746       5.5972037258355178E-004
  0.451612890      0.870967746       6.8005774176429492E-004
  0.483870953      0.870967746       8.2203398606282287E-004
  0.516129017      0.870967746       9.9826772282051042E-004
  0.548387110      0.870967746       1.2125879947655896E-003
  0.580645144      0.870967746       1.4834644296878490E-003
  0.612903237      0.870967746       1.8246930613271186E-003
  0.645161271      0.870967746       2.2632464246305460E-003
  0.677419364      0.870967746       2.8212780367442812E-003
  0.709677398      0.870967746       3.5107260062837691E-003
  0.741935492      0.870967746       4.2751842099923894E-003
  0.774193525      0.870967746       4.8924993815336734E-003
  0.806451619      0.870967746       4.9004794192381435E-003
  0.838709652      0.870967746       3.8226017913574432E-003
  0.870967746      0.870967746       1.0475214204314573E-003
  0.903225780      0.870967746       5.0209423154698798E-004
  0.935483873      0.870967746       2.3927306280608452E-004
  0.967741907      0.870967746       9.8360184901304717E-005
   1.00000000      0.870967746       3.8630413197356059E-005
   0.00000000      0.903225780       8.9068819989419476E-006
   3.22580636E-02  0.903225780       1.5222206371172349E-005
   6.45161271E-02  0.903225780       2.4656581729222860E-005
   9.67741907E-02  0.903225780       3.7055541242922751E-005
  0.129032254      0.903225780       5.2750943689440544E-005
  0.161290318      0.903225780       7.2543257969116812E-005
  0.193548381      0.903225780       9.6947247226391776E-005
  0.225806445      0.903225780       1.2669979237319137E-004
  0.258064508      0.903225780       1.6263272755175797E-004
  0.290322572      0.903225780       2.0577104034525041E-004
  0.322580636      0.903225780       2.5707250445292340E-004
  0.354838699      0.903225780       3.1779065416449816E-004
  0.387096763      0.903225780       3.8932950574727110E-004
  0.419354826      0.903225780       4.7325322113477404E-004
  0.451612890      0.903225780       5.7181614457536454E-004
  0.483870953      0.903225780       6.8729654991555526E-004
  0.516129017      0.903225780       8.2323051262273657E-004
  0.548387110      0.903225780       9.8360645640089900E-004
  0.580645144      0.903225780       1.1733110595249824E-003
  0.612903237      0.903225780       1.3972150043441019E-003
  0.645161271      0.903225780       1.6573709496092201E-003
  0.677419364      0.903225780       1.9469255537330537E-003
  0.709677398      0.903225780       2.2363344362887820E-003
  0.741935492      0.903225780       2.4516579875452230E-003
  0.774193525      0.903225780       2.4647539673423066E-003
  0.806451619      0.903225780       2.1537328180007815E-003
  0.838709652      0.903225780       1.4320401439986495E-003
  0.870967746      0.903225780       5.0209437819464522E-004
  0.903225780      0.903225780       1.0625521222211468E-004
  0.935483873      0.903225780       4.6782802908322409E-005
  0.967741907      0.903225780       2.4028430922564973E-005
   1.00000000      0.903225780       1.3521374825706897E-005
   0.00000000      0.935483873       4.2170163888171600E-006
   3.22580636E-02  0.935483873       9.0722237364554867E-006
   6.45161271E-02  0.935483873       1.5977135547877945E-005
   9.67741907E-02  0.935483873       2.5650839702174249E-005
  0.129032254      0.935483873       3.8352574780170902E-005
  0.161290318      0.935483873       5.4611820528041626E-005
  0.193548381      0.935483873       7.5088341730658497E-005
  0.225806445      0.935483873       1.0051804435837754E-004
  0.258064508      0.935483873       1.3161849344374714E-004
  0.290322572      0.935483873       1.6920193519686942E-004
  0.322580636      0.935483873       2.1412924866723380E-004
  0.354838699      0.935483873       2.6730708656376353E-004
  0.387096763      0.935483873       3.2953408546090764E-004
  0.419354826      0.935483873       4.0176487870846134E-004
  0.451612890      0.935483873       4.8455175228798148E-004
  0.483870953      0.935483873       5.7882594363479892E-004
  0.516129017      0.935483873       6.8449550829575382E-004
  0.548387110      0.935483873       8.0194139036423391E-004
  0.580645144      0.935483873       9.2959489599212821E-004
  0.612903237      0.935483873       1.0646369061220980E-003
  0.645161271      0.935483873       1.1992703830608774E-003
  0.677419364      0.935483873       1.3181999879102123E-003
  0.709677398      0.935483873       1.3932514414404856E-003
  0.741935492      0.935483873       1.3842784470405780E-003
  0.774193525      0.935483873       1.2535031495120726E-003
  0.806451619      0.935483873       9.7493814261383693E-004
  0.838709652      0.935483873       5.8925507820370546E-004
  0.870967746      0.935483873       2.3927290140475434E-004
  0.903225780      0.935483873       4.6782587796895962E-005
  0.935483873      0.935483873       1.8298973675047541E-005
  0.967741907      0.935483873       1.1730613933055926E-005
   1.00000000      0.935483873       9.0836288424467658E-006
   0.00000000      0.967741907       1.6079794989793432E-006
   3.22580636E-02  0.967741907       4.6249604641664499E-006
   6.45161271E-02  0.967741907       9.3318399760380364E-006
   9.67741907E-02  0.967741907       1.6418807576167615E-005
  0.129032254      0.967741907       2.6196108264378421E-005
  0.161290318      0.967741907       3.9448510249342194E-005
  0.193548381      0.967741907       5.6732431162388438E-005
  0.225806445      0.967741907       7.8661239494518968E-005
  0.258064508      0.967741907       1.0605027223630227E-004
  0.290322572      0.967741907       1.3961064690245250E-004
  0.322580636      0.967741907       1.8010050223923451E-004
  0.354838699      0.967741907       2.2816571840261174E-004
  0.387096763      0.967741907       2.8439389111554954E-004
  0.419354826      0.967741907       3.4900239747479500E-004
  0.451612890      0.967741907       4.2196387841397114E-004
  0.483870953      0.967741907       5.0230764994155447E-004
  0.516129017      0.967741907       5.8852640224018780E-004
  0.548387110      0.967741907       6.7705063312630237E-004
  0.580645144      0.967741907       7.6336074675151635E-004
  0.612903237      0.967741907       8.3920494534339099E-004
  0.645161271      0.967741907       8.9493297025180021E-004
  0.677419364      0.967741907       9.1626679277305738E-004
  0.709677398      0.967741907       8.8945313410940729E-004
  0.741935492      0.967741907       8.0245866444538319E-004
  0.774193525      0.967741907       6.5178471066760330E-004
  0.806451619      0.967741907       4.5532088521673411E-004
  0.838709652      0.967741907       2.5603110310681799E-004
  0.870967746      0.967741907       9.8359989561532988E-005
  0.903225780      0.967741907       2.4028325446765570E-005
  0.935483873      0.967741907       1.1730655156910525E-005
  0.967741907      0.967741907       9.4697522519777370E-006
   1.00000000      0.967741907       8.6817759863873774E-006
   0.00000000       1.00000000       2.3366389020059121E-007
   3.22580636E-02   1.00000000       1.7044769006620236E-006
   6.45161271E-02   1.00000000       4.6071506819246015E-006
   9.67741907E-02   1.00000000       9.6478695609733782E-006
  0.129032254       1.00000000       1.7637978621640864E-005
  0.161290318       1.00000000       2.8991553956097350E-005
  0.193548381       1.00000000       4.4365993713867905E-005
  0.225806445       1.00000000       6.4400619646910097E-005
  0.258064508       1.00000000       8.9847842047164237E-005
  0.290322572       1.00000000       1.2138869483390581E-004
  0.322580636       1.00000000       1.5972845186784285E-004
  0.354838699       1.00000000       2.0543130344405827E-004
  0.387096763       1.00000000       2.5888868915337546E-004
  0.419354826       1.00000000       3.2011148330596712E-004
  0.451612890       1.00000000       3.8850140997624487E-004
  0.483870953       1.00000000       4.6253966195319960E-004
  0.516129017       1.00000000       5.3927054816641971E-004
  0.548387110       1.00000000       6.1384816216629315E-004
  0.580645144       1.00000000       6.7897774319421059E-004
  0.612903237       1.00000000       7.2481331899167600E-004
  0.645161271       1.00000000       7.3967248679486801E-004
  0.677419364       1.00000000       7.1271179709402619E-004
  0.709677398       1.00000000       6.3735287867356728E-004
  0.741935492       1.00000000       5.1750091208874649E-004
  0.774193525       1.00000000       3.7027207215820914E-004
  0.806451619       1.00000000       2.2425472673102652E-004
  0.838709652       1.00000000       1.0762417777907914E-004
  0.870967746       1.00000000       3.8630363566833209E-005
  0.903225780       1.00000000       1.3521303472465119E-005
  0.935483873       1.00000000       9.0836046888036096E-006
  0.967741907       1.00000000       8.6816983814834883E-006
   1.00000000       1.00000000       8.6511457817982024E-006
