 # X Y F 
   0.00000000       0.00000000       1.0131990031149647E-005
   3.22580636E-02   0.00000000       1.0346247457484271E-005
   6.45161271E-02   0.00000000       1.0758454277434715E-005
   9.67741907E-02   0.00000000       1.1591770771830270E-005
  0.129032254       0.00000000       1.4131628733052171E-005
  0.161290318       0.00000000       2.2446769755694263E-005
  0.193548381       0.00000000       4.4664729822628863E-005
  0.225806445       0.00000000       8.1918155072945652E-005
  0.258064508       0.00000000       1.2713534212871651E-004
  0.290322572       0.00000000       1.7287302002514448E-004
  0.322580636       0.00000000       2.1283796885436662E-004
  0.354838699       0.00000000       2.4300515319139988E-004
  0.387096763       0.00000000       2.6178012411151434E-004
  0.419354826       0.00000000       2.6940601622275223E-004
  0.451612890       0.00000000       2.6719936732598319E-004
  0.483870953       0.00000000       2.5695378329246060E-004
  0.516129017       0.00000000       2.4058043504823431E-004
  0.548387110       0.00000000       2.1986878681665704E-004
  0.580645144       0.00000000       1.9641459092358519E-004
  0.612903237       0.00000000       1.7157023721119298E-004
  0.645161271       0.00000000       1.4647497389761745E-004
  0.677419364       0.00000000       1.2202682157117172E-004
  0.709677398       0.00000000       9.8975884063300736E-005
  0.741935492       0.00000000       7.7798806002718184E-005
  0.774193525       0.00000000       5.9078898559551810E-005
  0.806451619       0.00000000       4.2737136829070827E-005
  0.838709652       0.00000000       2.9388262134584052E-005
  0.870967746       0.00000000       1.8592998784403928E-005
  0.903225780       0.00000000       1.0719263535367255E-005
  0.935483873       0.00000000       5.2012523371768934E-006
  0.967741907       0.00000000       1.7998699002196807E-006
   1.00000000       0.00000000       4.6205480991593253E-007
   0.00000000       3.22580636E-02   1.0346231544130175E-005
   3.22580636E-02   3.22580636E-02   1.0712313762985298E-005
   6.45161271E-02   3.22580636E-02   1.1564150380381533E-005
   9.67741907E-02   3.22580636E-02   1.3505861794267542E-005
  0.129032254       3.22580636E-02   1.8521200294990223E-005
  0.161290318       3.22580636E-02   3.8132388747349246E-005
  0.193548381       3.22580636E-02   8.0384554127694246E-005
  0.225806445       3.22580636E-02   1.3150826219675884E-004
  0.258064508       3.22580636E-02   1.8156078319432300E-004
  0.290322572       3.22580636E-02   2.2530778284188388E-004
  0.322580636       3.22580636E-02   2.5958477094704415E-004
  0.354838699       3.22580636E-02   2.8309675924153996E-004
  0.387096763       3.22580636E-02   2.9588802084181044E-004
  0.419354826       3.22580636E-02   2.9877596709339412E-004
  0.451612890       3.22580636E-02   2.9310843067734002E-004
  0.483870953       3.22580636E-02   2.8045450596242389E-004
  0.516129017       3.22580636E-02   2.6241281347854153E-004
  0.548387110       3.22580636E-02   2.4052895950619810E-004
  0.580645144       3.22580636E-02   2.1615842739246328E-004
  0.612903237       3.22580636E-02   1.9054066109729356E-004
  0.645161271       3.22580636E-02   1.6466264002661636E-004
  0.677419364       3.22580636E-02   1.3940475392687688E-004
  0.709677398       3.22580636E-02   1.1541609673002286E-004
  0.741935492       3.22580636E-02   9.3218174873900423E-005
  0.774193525       3.22580636E-02   7.3219561687490659E-005
  0.806451619       3.22580636E-02   5.5642465557682846E-005
  0.838709652       3.22580636E-02   4.0594171706955252E-005
  0.870967746       3.22580636E-02   2.8210151339158049E-005
  0.903225780       3.22580636E-02   1.8317858262897561E-005
  0.935483873       3.22580636E-02   1.0732991170717916E-005
  0.967741907       3.22580636E-02   5.3366256184891669E-006
   1.00000000       3.22580636E-02   1.6526505604492513E-006
   0.00000000       6.45161271E-02   1.0758471636020360E-005
   3.22580636E-02   6.45161271E-02   1.1564174266760662E-005
   6.45161271E-02   6.45161271E-02   1.3352061489402729E-005
   9.67741907E-02   6.45161271E-02   1.7609476636582898E-005
  0.129032254       6.45161271E-02   2.9165553918518129E-005
  0.161290318       6.45161271E-02   7.8199709239467707E-005
  0.193548381       6.45161271E-02   1.5496126313570323E-004
  0.225806445       6.45161271E-02   2.2755179549822905E-004
  0.258064508       6.45161271E-02   2.8521849681010348E-004
  0.290322572       6.45161271E-02   3.2541331863898703E-004
  0.322580636       6.45161271E-02   3.5000097996855758E-004
  0.354838699       6.45161271E-02   3.6200929419737756E-004
  0.387096763       6.45161271E-02   3.6389405573552863E-004
  0.419354826       6.45161271E-02   3.5769069026510617E-004
  0.451612890       6.45161271E-02   3.4492227591929891E-004
  0.483870953       6.45161271E-02   3.2691553470714439E-004
  0.516129017       6.45161271E-02   3.0484735724473793E-004
  0.548387110       6.45161271E-02   2.7983310723751092E-004
  0.580645144       6.45161271E-02   2.5289537084831126E-004
  0.612903237       6.45161271E-02   2.2497957823959953E-004
  0.645161271       6.45161271E-02   1.9691632303285990E-004
  0.677419364       6.45161271E-02   1.6943267330410392E-004
  0.709677398       6.45161271E-02   1.4312383736010282E-004
  0.741935492       6.45161271E-02   1.1849249620165967E-004
  0.774193525       6.45161271E-02   9.5861921798317035E-005
  0.806451619       6.45161271E-02   7.5519809776546809E-005
  0.838709652       6.45161271E-02   5.7624331737231946E-005
  0.870967746       6.45161271E-02   4.2251055694925457E-005
  0.903225780       6.45161271E-02   2.9412869799011864E-005
  0.935483873       6.45161271E-02   1.8964795961055337E-005
  0.967741907       6.45161271E-02   1.0994882003445384E-005
   1.00000000       6.45161271E-02   5.4098361685755184E-006
   0.00000000       9.67741907E-02   1.1591698442823427E-005
   3.22580636E-02   9.67741907E-02   1.3505784099867348E-005
   6.45161271E-02   9.67741907E-02   1.7609398044922103E-005
   9.67741907E-02   9.67741907E-02   2.6024095739542410E-005
  0.129032254       9.67741907E-02   4.9800945984823384E-005
  0.161290318       9.67741907E-02   1.6955537183912039E-004
  0.193548381       9.67741907E-02   3.0539290988150974E-004
  0.225806445       9.67741907E-02   4.0076362219644763E-004
  0.258064508       9.67741907E-02   4.5571357382638978E-004
  0.290322572       9.67741907E-02   4.8084014509905729E-004
  0.322580636       9.67741907E-02   4.8683721371381124E-004
  0.354838699       9.67741907E-02   4.8040963402063130E-004
  0.387096763       9.67741907E-02   4.6606080722251238E-004
  0.419354826       9.67741907E-02   4.4627374256047607E-004
  0.451612890       9.67741907E-02   4.2257105656901250E-004
  0.483870953       9.67741907E-02   3.9587129200431066E-004
  0.516129017       9.67741907E-02   3.6690271735891322E-004
  0.548387110       9.67741907E-02   3.3626729344261652E-004
  0.580645144       9.67741907E-02   3.0460419956801835E-004
  0.612903237       9.67741907E-02   2.7248799305540789E-004
  0.645161271       9.67741907E-02   2.4055929212021189E-004
  0.677419364       9.67741907E-02   2.0932339012311212E-004
  0.709677398       9.67741907E-02   1.7935783165499850E-004
  0.741935492       9.67741907E-02   1.5098081980157476E-004
  0.774193525       9.67741907E-02   1.2472232730370054E-004
  0.806451619       9.67741907E-02   1.0065683060938152E-004
  0.838709652       9.67741907E-02   7.9165383292972751E-005
  0.870967746       9.67741907E-02   6.0112504500991570E-005
  0.903225780       9.67741907E-02   4.3889807609114396E-005
  0.935483873       9.67741907E-02   3.0087157296377439E-005
  0.967741907       9.67741907E-02   1.9181891792094494E-005
   1.00000000       9.67741907E-02   1.1323541878460676E-005
   0.00000000      0.129032254       1.4131669064568826E-005
   3.22580636E-02  0.129032254       1.8521281117385475E-005
   6.45161271E-02  0.129032254       2.9165823922926229E-005
   9.67741907E-02  0.129032254       4.9801469925841322E-005
  0.129032254      0.129032254       9.2981601701522547E-005
  0.161290318      0.129032254       4.0593817228250608E-004
  0.193548381      0.129032254       6.2129210000233157E-004
  0.225806445      0.129032254       7.0196447825624506E-004
  0.258064508      0.129032254       7.1643343555795509E-004
  0.290322572      0.129032254       7.0172833290391991E-004
  0.322580636      0.129032254       6.7313903768639253E-004
  0.354838699      0.129032254       6.3869552070169974E-004
  0.387096763      0.129032254       6.0172565768056019E-004
  0.419354826      0.129032254       5.6381362466985808E-004
  0.451612890      0.129032254       5.2545543785642568E-004
  0.483870953      0.129032254       4.8694055328614454E-004
  0.516129017      0.129032254       4.4823045493944032E-004
  0.548387110      0.129032254       4.0956088980076188E-004
  0.580645144      0.129032254       3.7090266149540955E-004
  0.612903237      0.129032254       3.3276469955845824E-004
  0.645161271      0.129032254       2.9515605587600546E-004
  0.677419364      0.129032254       2.5884719927382767E-004
  0.709677398      0.129032254       2.2376386671244425E-004
  0.741935492      0.129032254       1.9083093661469199E-004
  0.774193525      0.129032254       1.5972626922588259E-004
  0.806451619      0.129032254       1.3133092812652312E-004
  0.838709652      0.129032254       1.0533661144043981E-004
  0.870967746      0.129032254       8.2337840173936087E-005
  0.903225780      0.129032254       6.1966919074989246E-005
  0.935483873      0.129032254       4.4689339085286696E-005
  0.967741907      0.129032254       3.0408515696499278E-005
   1.00000000      0.129032254       2.0352515107762489E-005
   0.00000000      0.161290318       2.2446664258611449E-005
   3.22580636E-02  0.161290318       3.8132564823135840E-005
   6.45161271E-02  0.161290318       7.8200408676586038E-005
   9.67741907E-02  0.161290318       1.6955645501041548E-004
  0.129032254      0.161290318       4.0593861549226821E-004
  0.161290318      0.161290318       1.0021318040624239E-003
  0.193548381      0.161290318       1.1522323584611076E-003
  0.225806445      0.161290318       1.1243102451186397E-003
  0.258064508      0.161290318       1.0537876598584318E-003
  0.290322572      0.161290318       9.7461088713149380E-004
  0.322580636      0.161290318       8.9946404126526550E-004
  0.354838699      0.161290318       8.3006967200270490E-004
  0.387096763      0.161290318       7.6626365815911498E-004
  0.419354826      0.161290318       7.0711089899239815E-004
  0.451612890      0.161290318       6.5164574170485092E-004
  0.483870953      0.161290318       5.9903167631622175E-004
  0.516129017      0.161290318       5.4853541403093893E-004
  0.548387110      0.161290318       4.9975011009344519E-004
  0.580645144      0.161290318       4.5231915264302617E-004
  0.612903237      0.161290318       4.0627259263033494E-004
  0.645161271      0.161290318       3.6155307119304422E-004
  0.677419364      0.161290318       3.1853035269051766E-004
  0.709677398      0.161290318       2.7725806154207933E-004
  0.741935492      0.161290318       2.3824987520638962E-004
  0.774193525      0.161290318       2.0162577830080372E-004
  0.806451619      0.161290318       1.6791120592753211E-004
  0.838709652      0.161290318       1.3687946158126249E-004
  0.870967746      0.161290318       1.0910120428764318E-004
  0.903225780      0.161290318       8.4401019057435663E-005
  0.935483873      0.161290318       6.3071093368920200E-005
  0.967741907      0.161290318       4.5326922906834654E-005
   1.00000000      0.161290318       3.3193812782018114E-005
   0.00000000      0.193548381       4.4664929999809142E-005
   3.22580636E-02  0.193548381       8.0385143345262401E-005
   6.45161271E-02  0.193548381       1.5496237171013874E-004
   9.67741907E-02  0.193548381       3.0539444172943391E-004
  0.129032254      0.193548381       6.2129316891570616E-004
  0.161290318      0.193548381       1.1522329556059819E-003
  0.193548381      0.193548381       1.4685035018994646E-003
  0.225806445      0.193548381       1.4777255267835986E-003
  0.258064508      0.193548381       1.3713106254700524E-003
  0.290322572      0.193548381       1.2491607833312833E-003
  0.322580636      0.193548381       1.1366521636374278E-003
  0.354838699      0.193548381       1.0371230534559654E-003
  0.387096763      0.193548381       9.4872175157257048E-004
  0.419354826      0.193548381       8.6933841000229588E-004
  0.451612890      0.193548381       7.9691372861549466E-004
  0.483870953      0.193548381       7.2979782137351046E-004
  0.516129017      0.193548381       6.6670216459655939E-004
  0.548387110      0.193548381       6.0671231338308123E-004
  0.580645144      0.193548381       5.4922525407729509E-004
  0.612903237      0.193548381       4.9391003291048745E-004
  0.645161271      0.193548381       4.4067280091471007E-004
  0.677419364      0.193548381       3.8955828882288957E-004
  0.709677398      0.193548381       3.4082026494460779E-004
  0.741935492      0.193548381       2.9471785646408613E-004
  0.774193525      0.193548381       2.5142160008223156E-004
  0.806451619      0.193548381       2.1121748282687709E-004
  0.838709652      0.193548381       1.7449992724571426E-004
  0.870967746      0.193548381       1.4125605266368345E-004
  0.903225780      0.193548381       1.1160044229746572E-004
  0.935483873      0.193548381       8.5840369128149181E-005
  0.967741907      0.193548381       6.4507822632466809E-005
   1.00000000      0.193548381       5.0263248089246171E-005
   0.00000000      0.225806445       8.1917926658793124E-005
   3.22580636E-02  0.225806445       1.3150838125649373E-004
   6.45161271E-02  0.225806445       2.2755243052307564E-004
   9.67741907E-02  0.225806445       4.0076465906652690E-004
  0.129032254      0.225806445       7.0196527187988268E-004
  0.161290318      0.225806445       1.1243107099602129E-003
  0.193548381      0.225806445       1.4777254177889756E-003
  0.225806445      0.225806445       1.6052682165165250E-003
  0.258064508      0.225806445       1.5648849506473210E-003
  0.290322572      0.225806445       1.4613196497795552E-003
  0.322580636      0.225806445       1.3457295126521483E-003
  0.354838699      0.225806445       1.2349570769342687E-003
  0.387096763      0.225806445       1.1331335233540423E-003
  0.419354826      0.225806445       1.0401313979734681E-003
  0.451612890      0.225806445       9.5466447159310846E-004
  0.483870953      0.225806445       8.7526819360505160E-004
  0.516129017      0.225806445       8.0057730078668681E-004
  0.548387110      0.225806445       7.2965269654325267E-004
  0.580645144      0.225806445       6.6169426636897397E-004
  0.612903237      0.225806445       5.9642913170676213E-004
  0.645161271      0.225806445       5.3352807341402206E-004
  0.677419364      0.225806445       4.7328055095125448E-004
  0.709677398      0.225806445       4.1558725642619623E-004
  0.741935492      0.225806445       3.6099983465536216E-004
  0.774193525      0.225806445       3.0977622571777568E-004
  0.806451619      0.225806445       2.6242323630396182E-004
  0.838709652      0.225806445       2.1870596040153188E-004
  0.870967746      0.225806445       1.7929330246321671E-004
  0.903225780      0.225806445       1.4417928080348114E-004
  0.935483873      0.225806445       1.1362762912593881E-004
  0.967741907      0.225806445       8.8449148297017942E-005
   1.00000000      0.225806445       7.2163142816681285E-005
   0.00000000      0.258064508       1.2713498096597289E-004
   3.22580636E-02  0.258064508       1.8156071909902362E-004
   6.45161271E-02  0.258064508       2.8521875546260871E-004
   9.67741907E-02  0.258064508       4.5571420857590060E-004
  0.129032254      0.258064508       7.1643392896774598E-004
  0.161290318      0.258064508       1.0537880879920190E-003
  0.193548381      0.258064508       1.3713106343446108E-003
  0.225806445      0.258064508       1.5648851873484757E-003
  0.258064508      0.258064508       1.6181139729772405E-003
  0.290322572      0.258064508       1.5786166219162688E-003
  0.322580636      0.258064508       1.4967808804923154E-003
  0.354838699      0.258064508       1.4005981807269721E-003
  0.387096763      0.258064508       1.3025656644157792E-003
  0.419354826      0.258064508       1.2075183893503550E-003
  0.451612890      0.258064508       1.1166881191412832E-003
  0.483870953      0.258064508       1.0300762943535016E-003
  0.516129017      0.258064508       9.4699889494698024E-004
  0.548387110      0.258064508       8.6698895951797437E-004
  0.580645144      0.258064508       7.8941939881365731E-004
  0.612903237      0.258064508       7.1425247467209771E-004
  0.645161271      0.258064508       6.4125383044127959E-004
  0.677419364      0.258064508       5.7086908932288633E-004
  0.709677398      0.258064508       5.0322621562499828E-004
  0.741935492      0.258064508       4.3919297801901292E-004
  0.774193525      0.258064508       3.7854249425339721E-004
  0.806451619      0.258064508       3.2233770905174789E-004
  0.838709652      0.258064508       2.7081365397280393E-004
  0.870967746      0.258064508       2.2434810226572689E-004
  0.903225780      0.258064508       1.8273908491207408E-004
  0.935483873      0.258064508       1.4694183337394571E-004
  0.967741907      0.258064508       1.1779542369654383E-004
   1.00000000      0.258064508       9.9491170098234868E-005
   0.00000000      0.290322572       1.7287156724900347E-004
   3.22580636E-02  0.290322572       2.2530653243477567E-004
   6.45161271E-02  0.290322572       3.2541230169408201E-004
   9.67741907E-02  0.290322572       4.8083947350333419E-004
  0.129032254      0.290322572       7.0172767793957110E-004
  0.161290318      0.290322572       9.7461039874493832E-004
  0.193548381      0.290322572       1.2491600686381169E-003
  0.225806445      0.290322572       1.4613192783273455E-003
  0.258064508      0.290322572       1.5786160307787525E-003
  0.290322572      0.290322572       1.6094255015771225E-003
  0.322580636      0.290322572       1.5812830654166144E-003
  0.354838699      0.290322572       1.5206125933840684E-003
  0.387096763      0.290322572       1.4439767351660607E-003
  0.419354826      0.290322572       1.3604639083821095E-003
  0.451612890      0.290322572       1.2745195588503126E-003
  0.483870953      0.290322572       1.1881200671923222E-003
  0.516129017      0.290322572       1.1020325788464269E-003
  0.548387110      0.290322572       1.0164915905544164E-003
  0.580645144      0.290322572       9.3162795315750190E-004
  0.612903237      0.290322572       8.4762697777881872E-004
  0.645161271      0.290322572       7.6483901834978199E-004
  0.677419364      0.290322572       6.8383616985031378E-004
  0.709677398      0.290322572       6.0522581617541277E-004
  0.741935492      0.290322572       5.2972896865036492E-004
  0.774193525      0.290322572       4.5864635171243901E-004
  0.806451619      0.290322572       3.9246589622647388E-004
  0.838709652      0.290322572       3.3143641845962129E-004
  0.870967746      0.290322572       2.7648010302104976E-004
  0.903225780      0.290322572       2.2806907176513020E-004
  0.935483873      0.290322572       1.8637200989491504E-004
  0.967741907      0.290322572       1.5302497214581397E-004
   1.00000000      0.290322572       1.3266006541379858E-004
   0.00000000      0.322580636       2.1283582204644521E-004
   3.22580636E-02  0.322580636       2.5958285203754507E-004
   6.45161271E-02  0.322580636       3.4999916161878360E-004
   9.67741907E-02  0.322580636       4.8683584114661723E-004
  0.129032254      0.322580636       6.7313776371753569E-004
  0.161290318      0.322580636       8.9946319167232783E-004
  0.193548381      0.322580636       1.1366512784317417E-003
  0.225806445      0.322580636       1.3457291513276554E-003
  0.258064508      0.322580636       1.4967804068941903E-003
  0.290322572      0.322580636       1.5812832686068810E-003
  0.322580636      0.322580636       1.6081825343371237E-003
  0.354838699      0.322580636       1.5930488450682158E-003
  0.387096763      0.322580636       1.5506007938704467E-003
  0.419354826      0.322580636       1.4910024198705708E-003
  0.451612890      0.322580636       1.4207011594793647E-003
  0.483870953      0.322580636       1.3434211947104852E-003
  0.516129017      0.322580636       1.2612908182123054E-003
  0.548387110      0.322580636       1.1755613038375728E-003
  0.580645144      0.322580636       1.0870961113933512E-003
  0.612903237      0.322580636       9.9668738599824661E-004
  0.645161271      0.322580636       9.0524045303922015E-004
  0.677419364      0.322580636       8.1378202748753079E-004
  0.709677398      0.322580636       7.2367130968831075E-004
  0.741935492      0.322580636       6.3638598795650594E-004
  0.774193525      0.322580636       5.5268539728576844E-004
  0.806451619      0.322580636       4.7419042008875532E-004
  0.838709652      0.322580636       4.0251198700367289E-004
  0.870967746      0.322580636       3.3786380871394730E-004
  0.903225780      0.322580636       2.8073302813825114E-004
  0.935483873      0.322580636       2.3243043536941852E-004
  0.967741907      0.322580636       1.9460511427945210E-004
   1.00000000      0.322580636       1.7211338098130019E-004
   0.00000000      0.354838699       2.4300189077165421E-004
   3.22580636E-02  0.354838699       2.8309364983558855E-004
   6.45161271E-02  0.354838699       3.6200635892570410E-004
   9.67741907E-02  0.354838699       4.8040716339102279E-004
  0.129032254      0.354838699       6.3869330876362921E-004
  0.161290318      0.354838699       8.3006802901804122E-004
  0.193548381      0.354838699       1.0371215077292137E-003
  0.225806445      0.354838699       1.2349561507023819E-003
  0.258064508      0.354838699       1.4005971749153265E-003
  0.290322572      0.354838699       1.5206122666535412E-003
  0.322580636      0.354838699       1.5930482552751490E-003
  0.354838699      0.354838699       1.6238372547907978E-003
  0.387096763      0.354838699       1.6216430073899440E-003
  0.419354826      0.354838699       1.5948484996674602E-003
  0.451612890      0.354838699       1.5497057539517859E-003
  0.483870953      0.354838699       1.4906190595470818E-003
  0.516129017      0.354838699       1.4204782331756827E-003
  0.548387110      0.354838699       1.3412490645445384E-003
  0.580645144      0.354838699       1.2544277376897066E-003
  0.612903237      0.354838699       1.1613755163265721E-003
  0.645161271      0.354838699       1.0635531523955433E-003
  0.677419364      0.354838699       9.6269913146344659E-004
  0.709677398      0.354838699       8.6065400233822540E-004
  0.741935492      0.354838699       7.5938412114793673E-004
  0.774193525      0.354838699       6.6187696371857460E-004
  0.806451619      0.354838699       5.6986166433115840E-004
  0.838709652      0.354838699       4.8446700792712866E-004
  0.870967746      0.354838699       4.0790038905714684E-004
  0.903225780      0.354838699       3.4151059061062264E-004
  0.935483873      0.354838699       2.8566350852866126E-004
  0.967741907      0.354838699       2.4278019366132808E-004
   1.00000000      0.354838699       2.1804508989165620E-004
   0.00000000      0.387096763       2.6177629170587953E-004
   3.22580636E-02  0.387096763       2.9588449194043961E-004
   6.45161271E-02  0.387096763       3.6389064889293240E-004
   9.67741907E-02  0.387096763       4.6605802310665427E-004
  0.129032254      0.387096763       6.0172314554904870E-004
  0.161290318      0.387096763       7.6626186555645373E-004
  0.193548381      0.387096763       9.4872014782479668E-004
  0.225806445      0.387096763       1.1331326474326667E-003
  0.258064508      0.387096763       1.3025647840912207E-003
  0.290322572      0.387096763       1.4439765869138652E-003
  0.322580636      0.387096763       1.5506004189602580E-003
  0.354838699      0.387096763       1.6216433014742406E-003
  0.387096763      0.387096763       1.6602295446426771E-003
  0.419354826      0.387096763       1.6708496718577162E-003
  0.451612890      0.387096763       1.6580335826556884E-003
  0.483870953      0.387096763       1.6253540458718147E-003
  0.516129017      0.387096763       1.5755196264964446E-003
  0.548387110      0.387096763       1.5105251376407185E-003
  0.580645144      0.387096763       1.4320064629580248E-003
  0.612903237      0.387096763       1.3415691476219736E-003
  0.645161271      0.387096763       1.2410762156179539E-003
  0.677419364      0.387096763       1.1327615228085119E-003
  0.709677398      0.387096763       1.0194835398814432E-003
  0.741935492      0.387096763       9.0467725567292109E-004
  0.774193525      0.387096763       7.9084548586793690E-004
  0.806451619      0.387096763       6.8164837985499596E-004
  0.838709652      0.387096763       5.8094273698350686E-004
  0.870967746      0.387096763       4.9030834797703028E-004
  0.903225780      0.387096763       4.1122780743636051E-004
  0.935483873      0.387096763       3.4628969313914071E-004
  0.967741907      0.387096763       2.9772187685501571E-004
   1.00000000      0.387096763       2.7040304769214554E-004
   0.00000000      0.419354826       2.6940194079346598E-004
   3.22580636E-02  0.419354826       2.9877201326625251E-004
   6.45161271E-02  0.419354826       3.5768703733760364E-004
   9.67741907E-02  0.419354826       4.4627059777248718E-004
  0.129032254      0.419354826       5.6381087994818581E-004
  0.161290318      0.419354826       7.0710882963024690E-004
  0.193548381      0.419354826       8.6933656199525064E-004
  0.225806445      0.419354826       1.0401302498038553E-003
  0.258064508      0.419354826       1.2075172234212925E-003
  0.290322572      0.419354826       1.3604634341622744E-003
  0.322580636      0.419354826       1.4910016895885252E-003
  0.354838699      0.419354826       1.5948484224368928E-003
  0.387096763      0.419354826       1.6708492138104317E-003
  0.419354826      0.419354826       1.7199313007814428E-003
  0.451612890      0.419354826       1.7437747303790400E-003
  0.483870953      0.419354826       1.7441992619740645E-003
  0.516129017      0.419354826       1.7226395884247007E-003
  0.548387110      0.419354826       1.6802380077216789E-003
  0.580645144      0.419354826       1.6179895054918817E-003
  0.612903237      0.419354826       1.5371013977627053E-003
  0.645161271      0.419354826       1.4392722114008295E-003
  0.677419364      0.419354826       1.3270459029655541E-003
  0.709677398      0.419354826       1.2037957651305558E-003
  0.741935492      0.419354826       1.0734469741307256E-003
  0.774193525      0.419354826       9.4176138548314838E-004
  0.806451619      0.419354826       8.1356518902188076E-004
  0.838709652      0.419354826       6.9263202637866151E-004
  0.870967746      0.419354826       5.8379867325457531E-004
  0.903225780      0.419354826       4.9068861621937238E-004
  0.935483873      0.419354826       4.1470325212281410E-004
  0.967741907      0.419354826       3.5905819217102664E-004
   1.00000000      0.419354826       3.2872880793103493E-004
   0.00000000      0.451612890       2.6719567735779422E-004
   3.22580636E-02  0.451612890       2.9310511990460262E-004
   6.45161271E-02  0.451612890       3.4491907531447933E-004
   9.67741907E-02  0.451612890       4.2256845528063785E-004
  0.129032254      0.451612890       5.2545301217695329E-004
  0.161290318      0.451612890       6.5164399066283761E-004
  0.193548381      0.451612890       7.9691212932221872E-004
  0.225806445      0.451612890       9.5466356885478372E-004
  0.258064508      0.451612890       1.1166872124091939E-003
  0.290322572      0.451612890       1.2745193416057008E-003
  0.322580636      0.451612890       1.4207007294066206E-003
  0.354838699      0.451612890       1.5497059886043895E-003
  0.387096763      0.451612890       1.6580334461980114E-003
  0.419354826      0.451612890       1.7437751299087445E-003
  0.451612890      0.451612890       1.8060562144280958E-003
  0.483870953      0.451612890       1.8443504084716038E-003
  0.516129017      0.451612890       1.8581928809914669E-003
  0.548387110      0.451612890       1.8469721421182624E-003
  0.580645144      0.451612890       1.8101563081096967E-003
  0.612903237      0.451612890       1.7475532925112754E-003
  0.645161271      0.451612890       1.6598537562589758E-003
  0.677419364      0.451612890       1.5490335574456582E-003
  0.709677398      0.451612890       1.4186810896717728E-003
  0.741935492      0.451612890       1.2744927649082746E-003
  0.774193525      0.451612890       1.1223754848059691E-003
  0.806451619      0.451612890       9.6988700734009371E-004
  0.838709652      0.451612890       8.2524879344301040E-004
  0.870967746      0.451612890       6.9416681678651101E-004
  0.903225780      0.451612890       5.8101187676762246E-004
  0.935483873      0.451612890       4.9065232449117108E-004
  0.967741907      0.451612890       4.2623869110645565E-004
   1.00000000      0.451612890       3.9189312338752821E-004
   0.00000000      0.483870953       2.5695124801717234E-004
   3.22580636E-02  0.483870953       2.8045192562656159E-004
   6.45161271E-02  0.483870953       3.2691309914946871E-004
   9.67741907E-02  0.483870953       3.9586902348554465E-004
  0.129032254      0.483870953       4.8693851072091751E-004
  0.161290318      0.483870953       5.9903004028620055E-004
  0.193548381      0.483870953       7.2979632331473577E-004
  0.225806445      0.483870953       8.7526725364599775E-004
  0.258064508      0.483870953       1.0300753295788886E-003
  0.290322572      0.483870953       1.1881196984436192E-003
  0.322580636      0.483870953       1.3434206054682217E-003
  0.354838699      0.483870953       1.4906190673704086E-003
  0.387096763      0.483870953       1.6253536585956827E-003
  0.419354826      0.483870953       1.7441993838155265E-003
  0.451612890      0.483870953       1.8443500620241840E-003
  0.483870953      0.483870953       1.9232803086228305E-003
  0.516129017      0.483870953       1.9783480828627874E-003
  0.548387110      0.483870953       2.0067480246358229E-003
  0.580645144      0.483870953       2.0054921892812788E-003
  0.612903237      0.483870953       1.9719592211070408E-003
  0.645161271      0.483870953       1.9044632863946605E-003
  0.677419364      0.483870953       1.8030939038536917E-003
  0.709677398      0.483870953       1.6706573852343198E-003
  0.741935492      0.483870953       1.5125787829773191E-003
  0.774193525      0.483870953       1.3381556787705471E-003
  0.806451619      0.483870953       1.1578156870831354E-003
  0.838709652      0.483870953       9.8187493902736605E-004
  0.870967746      0.483870953       8.2085850701801345E-004
  0.903225780      0.483870953       6.8339372151033251E-004
  0.935483873      0.483870953       5.7413711914243524E-004
  0.967741907      0.483870953       4.9760918492783442E-004
   1.00000000      0.483870953       4.5793449234459045E-004
   0.00000000      0.516129017       2.4057893856440691E-004
   3.22580636E-02  0.516129017       2.6241153370852951E-004
   6.45161271E-02  0.516129017       3.0484572206415081E-004
   9.67741907E-02  0.516129017       3.6690139783867508E-004
  0.129032254      0.516129017       4.4822888539112669E-004
  0.161290318      0.516129017       5.4853434067871011E-004
  0.193548381      0.516129017       6.6670103673091043E-004
  0.225806445      0.516129017       8.0057675255775103E-004
  0.258064508      0.516129017       9.4699827565826705E-004
  0.290322572      0.516129017       1.1020325457553799E-003
  0.322580636      0.516129017       1.2612906046752543E-003
  0.354838699      0.516129017       1.4204785903923164E-003
  0.387096763      0.516129017       1.5755196466838641E-003
  0.419354826      0.516129017       1.7226401297834903E-003
  0.451612890      0.516129017       1.8581929918287065E-003
  0.483870953      0.516129017       1.9783485834282653E-003
  0.516129017      0.516129017       2.0788184979778916E-003
  0.548387110      0.516129017       2.1545084343216540E-003
  0.580645144      0.516129017       2.1996593681858812E-003
  0.612903237      0.516129017       2.2080790042050004E-003
  0.645161271      0.516129017       2.1741170921713410E-003
  0.677419364      0.516129017       2.0941498938812845E-003
  0.709677398      0.516129017       1.9679816290161605E-003
  0.741935492      0.516129017       1.8007613382314226E-003
  0.774193525      0.516129017       1.6020268152819974E-003
  0.806451619      0.516129017       1.3865058749491861E-003
  0.838709652      0.516129017       1.1712518431326840E-003
  0.870967746      0.516129017       9.7158595934239899E-004
  0.903225780      0.516129017       7.9939375749823137E-004
  0.935483873      0.516129017       6.6420582117298103E-004
  0.967741907      0.516129017       5.7119749967968788E-004
   1.00000000      0.516129017       5.2360224141726472E-004
   0.00000000      0.548387110       2.1986726044574510E-004
   3.22580636E-02  0.548387110       2.4052755291489858E-004
   6.45161271E-02  0.548387110       2.7983172341399757E-004
   9.67741907E-02  0.548387110       3.3626584169230475E-004
  0.129032254      0.548387110       4.0955959614554313E-004
  0.161290318      0.548387110       4.9974902757348371E-004
  0.193548381      0.548387110       6.0671131509499254E-004
  0.225806445      0.548387110       7.2965213525658307E-004
  0.258064508      0.548387110       8.6698836478996100E-004
  0.290322572      0.548387110       1.0164915178242002E-003
  0.322580636      0.548387110       1.1755610853918246E-003
  0.354838699      0.548387110       1.3412493577063846E-003
  0.387096763      0.548387110       1.5105251294284777E-003
  0.419354826      0.548387110       1.6802384408062480E-003
  0.451612890      0.548387110       1.8469721297268377E-003
  0.483870953      0.548387110       2.0067483258079618E-003
  0.516129017      0.548387110       2.1545082090059864E-003
  0.548387110      0.548387110       2.2837582650317746E-003
  0.580645144      0.548387110       2.3860737241306112E-003
  0.612903237      0.548387110       2.4512931626477904E-003
  0.645161271      0.548387110       2.4683273491138301E-003
  0.677419364      0.548387110       2.4269392028730291E-003
  0.709677398      0.548387110       2.3209600961715160E-003
  0.741935492      0.548387110       2.1508979440188502E-003
  0.774193525      0.548387110       1.9275746481160123E-003
  0.806451619      0.548387110       1.6698734561609724E-003
  0.838709652      0.548387110       1.4020660487791107E-003
  0.870967746      0.548387110       1.1489826527877386E-003
  0.903225780      0.548387110       9.3089183130375976E-004
  0.935483873      0.548387110       7.5985485806698760E-004
  0.967741907      0.548387110       6.4307688829154191E-004
   1.00000000      0.548387110       5.8415235316704596E-004
   0.00000000      0.580645144       1.9641255284664187E-004
   3.22580636E-02  0.580645144       2.1615657389575761E-004
   6.45161271E-02  0.580645144       2.5289343633193821E-004
   9.67741907E-02  0.580645144       3.0460289404686373E-004
  0.129032254      0.580645144       3.7090108428181696E-004
  0.161290318      0.580645144       4.5231830597571655E-004
  0.193548381      0.580645144       5.4922431692015186E-004
  0.225806445      0.580645144       6.6169401117361498E-004
  0.258064508      0.580645144       7.8941909036316061E-004
  0.290322572      0.580645144       9.3162828537171085E-004
  0.322580636      0.580645144       1.0870963216476441E-003
  0.354838699      0.580645144       1.2544284563115792E-003
  0.387096763      0.580645144       1.4320068985795478E-003
  0.419354826      0.580645144       1.6179903398695406E-003
  0.451612890      0.580645144       1.8101567375711435E-003
  0.483870953      0.580645144       2.0054929242304576E-003
  0.516129017      0.580645144       2.1996596233750201E-003
  0.548387110      0.580645144       2.3860742047768320E-003
  0.580645144      0.580645144       2.5550580602923794E-003
  0.612903237      0.580645144       2.6930878233832672E-003
  0.645161271      0.580645144       2.7827319490962466E-003
  0.677419364      0.580645144       2.8046068370101663E-003
  0.709677398      0.580645144       2.7411930340942420E-003
  0.741935492      0.580645144       2.5839436702783524E-003
  0.774193525      0.580645144       2.3382669709114639E-003
  0.806451619      0.580645144       2.0279638543815163E-003
  0.838709652      0.580645144       1.6898713446908695E-003
  0.870967746      0.580645144       1.3633362844301038E-003
  0.903225780      0.580645144       1.0796996313350707E-003
  0.935483873      0.580645144       8.5869807485906152E-004
  0.967741907      0.580645144       7.0872652383642261E-004
   1.00000000      0.580645144       6.3291420270121914E-004
   0.00000000      0.612903237       1.7156748906859798E-004
   3.22580636E-02  0.612903237       1.9053868740636279E-004
   6.45161271E-02  0.612903237       2.2497716901117545E-004
   9.67741907E-02  0.612903237       2.7248573651431502E-004
  0.129032254      0.612903237       3.3276319359435379E-004
  0.161290318      0.612903237       4.0627131750596546E-004
  0.193548381      0.612903237       4.9390915774063572E-004
  0.225806445      0.612903237       5.9642878773829449E-004
  0.258064508      0.612903237       7.1425226059807661E-004
  0.290322572      0.612903237       8.4762732722535314E-004
  0.322580636      0.612903237       9.9668764756264501E-004
  0.354838699      0.612903237       1.1613762349015635E-003
  0.387096763      0.612903237       1.3415696299190706E-003
  0.419354826      0.612903237       1.5371022246055944E-003
  0.451612890      0.612903237       1.7475537502366484E-003
  0.483870953      0.612903237       1.9719598920839064E-003
  0.516129017      0.612903237       2.2080792012636736E-003
  0.548387110      0.612903237       2.4512935197943475E-003
  0.580645144      0.612903237       2.6930877144079515E-003
  0.612903237      0.612903237       2.9188378686624741E-003
  0.645161271      0.612903237       3.1062418457410198E-003
  0.677419364      0.612903237       3.2247475739944219E-003
  0.709677398      0.612903237       3.2397350990976200E-003
  0.741935492      0.612903237       3.1221925266148717E-003
  0.774193525      0.612903237       2.8645548918735855E-003
  0.806451619      0.612903237       2.4906689616405304E-003
  0.838709652      0.612903237       2.0546817195891401E-003
  0.870967746      0.612903237       1.6222839165501454E-003
  0.903225780      0.612903237       1.2470334641778065E-003
  0.935483873      0.612903237       9.5691967876701024E-004
  0.967741907      0.612903237       7.6094702334530962E-004
   1.00000000      0.612903237       6.6172550340341872E-004
   0.00000000      0.645161271       1.4647299877650042E-004
   3.22580636E-02  0.645161271       1.6465882994979084E-004
   6.45161271E-02  0.645161271       1.9691388487244407E-004
   9.67741907E-02  0.645161271       2.4055744674208445E-004
  0.129032254      0.645161271       2.9515388130703672E-004
  0.161290318      0.645161271       3.6155195012401836E-004
  0.193548381      0.645161271       4.4067182391991928E-004
  0.225806445      0.645161271       5.3352793604857351E-004
  0.258064508      0.645161271       6.4125380209807822E-004
  0.290322572      0.645161271       7.6483972497395263E-004
  0.322580636      0.645161271       9.0524113062577061E-004
  0.354838699      0.645161271       1.0635543588727631E-003
  0.387096763      0.645161271       1.2410771969592607E-003
  0.419354826      0.645161271       1.4392735118633224E-003
  0.451612890      0.645161271       1.6598546843919675E-003
  0.483870953      0.645161271       1.9044643927695892E-003
  0.516129017      0.645161271       2.1741177500843572E-003
  0.548387110      0.645161271       2.4683281490415951E-003
  0.580645144      0.645161271       2.7827322912110822E-003
  0.612903237      0.645161271       3.1062422587871340E-003
  0.645161271      0.645161271       3.4159651763474301E-003
  0.677419364      0.645161271       3.6727301572213691E-003
  0.709677398      0.645161271       3.8200375763200313E-003
  0.741935492      0.645161271       3.7941747516311930E-003
  0.774193525      0.645161271       3.5511817614084858E-003
  0.806451619      0.645161271       3.1026284268615384E-003
  0.838709652      0.645161271       2.5271786580952603E-003
  0.870967746      0.645161271       1.9388803733480478E-003
  0.903225780      0.645161271       1.4310731010886482E-003
  0.935483873      0.645161271       1.0472818243325072E-003
  0.967741907      0.645161271       7.9164455747707523E-004
   1.00000000      0.645161271       6.6130178081577097E-004
   0.00000000      0.677419364       1.2202303435270150E-004
   3.22580636E-02  0.677419364       1.3940471088644691E-004
   6.45161271E-02  0.677419364       1.6942906423657826E-004
   9.67741907E-02  0.677419364       2.0931991819707314E-004
  0.129032254      0.677419364       2.5884512663712202E-004
  0.161290318      0.677419364       3.1852825256677934E-004
  0.193548381      0.677419364       3.8955714959404213E-004
  0.225806445      0.677419364       4.7327998805671230E-004
  0.258064508      0.677419364       5.7086908196208924E-004
  0.290322572      0.677419364       6.8383684806032395E-004
  0.322580636      0.677419364       8.1378286076821949E-004
  0.354838699      0.677419364       9.6270046224832158E-004
  0.387096763      0.677419364       1.1327627202979856E-003
  0.419354826      0.677419364       1.3270473818863110E-003
  0.451612890      0.677419364       1.5490347184167622E-003
  0.483870953      0.677419364       1.8030951513699817E-003
  0.516129017      0.677419364       2.0941506938967624E-003
  0.548387110      0.677419364       2.4269400479065228E-003
  0.580645144      0.677419364       2.8046071963217512E-003
  0.612903237      0.677419364       3.2247479668805310E-003
  0.645161271      0.677419364       3.6727301524686882E-003
  0.677419364      0.677419364       4.1104593306742817E-003
  0.709677398      0.677419364       4.4628361934346047E-003
  0.741935492      0.677419364       4.6165752635305597E-003
  0.774193525      0.677419364       4.4526283564053958E-003
  0.806451619      0.677419364       3.9279837769922860E-003
  0.838709652      0.677419364       3.1478539552338061E-003
  0.870967746      0.677419364       2.3209369030510415E-003
  0.903225780      0.677419364       1.6229757654607033E-003
  0.935483873      0.677419364       1.1171402374384098E-003
  0.967741907      0.677419364       7.9056209349303316E-004
   1.00000000      0.677419364       6.2407268272463088E-004
   0.00000000      0.709677398       9.8963468425596334E-005
   3.22580636E-02  0.709677398       1.1540244095157476E-004
   6.45161271E-02  0.709677398       1.4311845047887371E-004
   9.67741907E-02  0.709677398       1.7935370714084064E-004
  0.129032254      0.709677398       2.2375955983257941E-004
  0.161290318      0.709677398       2.7725567884234775E-004
  0.193548381      0.709677398       3.4081853564371786E-004
  0.225806445      0.709677398       4.1558670399566392E-004
  0.258064508      0.709677398       5.0322636131781850E-004
  0.290322572      0.709677398       6.0522691884386964E-004
  0.322580636      0.709677398       7.2367272600903736E-004
  0.354838699      0.709677398       8.6065603312602851E-004
  0.387096763      0.709677398       1.0194854621760354E-003
  0.419354826      0.709677398       1.2037979142755107E-003
  0.451612890      0.709677398       1.4186828556043691E-003
  0.483870953      0.709677398       1.6706591299738157E-003
  0.516129017      0.709677398       1.9679829007133512E-003
  0.548387110      0.709677398       2.3209613409609447E-003
  0.580645144      0.709677398       2.7411937792424850E-003
  0.612903237      0.709677398       3.2397358483998240E-003
  0.645161271      0.709677398       3.8200378958817994E-003
  0.677419364      0.709677398       4.4628364862187584E-003
  0.709677398      0.709677398       5.0975859654250801E-003
  0.741935492      0.709677398       5.5633108060201284E-003
  0.774193525      0.709677398       5.6133107748199181E-003
  0.806451619      0.709677398       5.0486719936319053E-003
  0.838709652      0.709677398       3.9647810940824082E-003
  0.870967746      0.709677398       2.7659981346973470E-003
  0.903225780      0.709677398       1.7978594139372956E-003
  0.935483873      0.709677398       1.1460196583250365E-003
  0.967741907      0.709677398       7.4836171973920044E-004
   1.00000000      0.709677398       5.4663329834255480E-004
   0.00000000      0.741935492       7.7813697224822089E-005
   3.22580636E-02  0.741935492       9.3219698703633596E-005
   6.45161271E-02  0.741935492       1.1848300829618364E-004
   9.67741907E-02  0.741935492       1.5097367439290412E-004
  0.129032254      0.741935492       1.9082627702660991E-004
  0.161290318      0.741935492       2.3824587935985562E-004
  0.193548381      0.741935492       2.9471590508036301E-004
  0.225806445      0.741935492       3.6099899508454961E-004
  0.258064508      0.741935492       4.3919354241975608E-004
  0.290322572      0.741935492       5.2973053551527444E-004
  0.322580636      0.741935492       6.3638816123274481E-004
  0.354838699      0.741935492       7.5938681419323889E-004
  0.387096763      0.741935492       9.0467983706368218E-004
  0.419354826      0.741935492       1.0734496377441194E-003
  0.451612890      0.741935492       1.2744949992430079E-003
  0.483870953      0.741935492       1.5125808540636641E-003
  0.516129017      0.741935492       1.8007629124668304E-003
  0.548387110      0.741935492       2.1508993610858560E-003
  0.580645144      0.741935492       2.5839445514011681E-003
  0.612903237      0.741935492       3.1221933484061877E-003
  0.645161271      0.741935492       3.7941750910482006E-003
  0.677419364      0.741935492       4.6165755721248045E-003
  0.709677398      0.741935492       5.5633108100326227E-003
  0.741935492      0.741935492       6.4815595823471605E-003
  0.774193525      0.741935492       6.9799197018040569E-003
  0.806451619      0.741935492       6.5180757177190300E-003
  0.838709652      0.741935492       5.0095713971390361E-003
  0.870967746      0.741935492       3.2282937062997059E-003
  0.903225780      0.741935492       1.9037251149566510E-003
  0.935483873      0.741935492       1.1064839665855433E-003
  0.967741907      0.741935492       6.5885797747662395E-004
   1.00000000      0.741935492       4.3442990721405357E-004
   0.00000000      0.774193525       5.9004694375780202E-005
   3.22580636E-02  0.774193525       7.3196434574857215E-005
   6.45161271E-02  0.774193525       9.5854448909009473E-005
   9.67741907E-02  0.774193525       1.2471376307942231E-004
  0.129032254      0.774193525       1.5971955910124187E-004
  0.161290318      0.774193525       2.0162243177157237E-004
  0.193548381      0.774193525       2.5141939111380699E-004
  0.225806445      0.774193525       3.0977615957673122E-004
  0.258064508      0.774193525       3.7854393531516718E-004
  0.290322572      0.774193525       4.5864906887390348E-004
  0.322580636      0.774193525       5.5268869452580391E-004
  0.354838699      0.774193525       6.6188072027704330E-004
  0.387096763      0.774193525       7.9084896494190614E-004
  0.419354826      0.774193525       9.4176480877847344E-004
  0.451612890      0.774193525       1.1223782953683936E-003
  0.483870953      0.774193525       1.3381582058382348E-003
  0.516129017      0.774193525       1.6020287896499937E-003
  0.548387110      0.774193525       1.9275763634044347E-003
  0.580645144      0.774193525       2.3382681670240358E-003
  0.612903237      0.774193525       2.8645559627886470E-003
  0.645161271      0.774193525       3.5511823191363280E-003
  0.677419364      0.774193525       4.4526288452471684E-003
  0.709677398      0.774193525       5.6133109158472182E-003
  0.741935492      0.774193525       6.9799198348006004E-003
  0.774193525      0.774193525       8.1764549955000067E-003
  0.806451619      0.774193525       8.2096373263624012E-003
  0.838709652      0.774193525       6.2304260290575210E-003
  0.870967746      0.774193525       3.5670790234217553E-003
  0.903225780      0.774193525       1.8564314160007575E-003
  0.935483873      0.774193525       9.7532105788463786E-004
  0.967741907      0.774193525       5.2237783776592323E-004
   1.00000000      0.774193525       3.0387446038375351E-004
   0.00000000      0.806451619       4.2829206357894198E-005
   3.22580636E-02  0.806451619       5.5639630383688399E-005
   6.45161271E-02  0.806451619       7.5504869424805046E-005
   9.67741907E-02  0.806451619       1.0065215527896902E-004
  0.129032254      0.806451619       1.3132567193609664E-004
  0.161290318      0.806451619       1.6790741914196020E-004
  0.193548381      0.806451619       2.1121621926950258E-004
  0.225806445      0.806451619       2.6242402470011373E-004
  0.258064508      0.806451619       3.2234046559640025E-004
  0.290322572      0.806451619       3.9246977183590167E-004
  0.322580636      0.806451619       4.7419493419816489E-004
  0.354838699      0.806451619       5.6986631876824437E-004
  0.387096763      0.806451619       6.8165264795518835E-004
  0.419354826      0.806451619       8.1356918018871333E-004
  0.451612890      0.806451619       9.6989028590530513E-004
  0.483870953      0.806451619       1.1578185969801707E-003
  0.516129017      0.806451619       1.3865081750042648E-003
  0.548387110      0.806451619       1.6698754267971746E-003
  0.580645144      0.806451619       2.0279652731813686E-003
  0.612903237      0.806451619       2.4906701714984122E-003
  0.645161271      0.806451619       3.1026290489157703E-003
  0.677419364      0.806451619       3.9279843063995635E-003
  0.709677398      0.806451619       5.0486721236729232E-003
  0.741935492      0.806451619       6.5180758747372730E-003
  0.774193525      0.806451619       8.2096373348361194E-003
  0.806451619      0.806451619       9.2551155978055598E-003
  0.838709652      0.806451619       7.2358382952166398E-003
  0.870967746      0.806451619       3.4955167560509360E-003
  0.903225780      0.806451619       1.5785547273196822E-003
  0.935483873      0.806451619       7.3875487585305707E-004
  0.967741907      0.806451619       3.5601624194340814E-004
   1.00000000      0.806451619       1.7946660104878234E-004
   0.00000000      0.838709652       2.9258554980949123E-005
   3.22580636E-02  0.838709652       4.0589607356319040E-005
   6.45161271E-02  0.838709652       5.7636083502319996E-005
   9.67741907E-02  0.838709652       7.9157422679651467E-005
  0.129032254      0.838709652       1.0533249112854322E-004
  0.161290318      0.838709652       1.3687738065394403E-004
  0.193548381      0.838709652       1.7449931011614354E-004
  0.225806445      0.838709652       2.1870887789004868E-004
  0.258064508      0.838709652       2.7081800707402142E-004
  0.290322572      0.838709652       3.3144225639427142E-004
  0.322580636      0.838709652       4.0251779450887879E-004
  0.354838699      0.838709652       4.8447302398894665E-004
  0.387096763      0.838709652       5.8094786888063981E-004
  0.419354826      0.838709652       6.9263691530889882E-004
  0.451612890      0.838709652       8.2525256966918818E-004
  0.483870953      0.838709652       9.8187837467649127E-004
  0.516129017      0.838709652       1.1712544354365697E-003
  0.548387110      0.838709652       1.4020683156862304E-003
  0.580645144      0.838709652       1.6898729952755463E-003
  0.612903237      0.838709652       2.0546830992680303E-003
  0.645161271      0.838709652       2.5271794386207444E-003
  0.677419364      0.838709652       3.1478545968153366E-003
  0.709677398      0.838709652       3.9647813007940543E-003
  0.741935492      0.838709652       5.0095716082777068E-003
  0.774193525      0.838709652       6.2304261587419665E-003
  0.806451619      0.838709652       7.2358385558518494E-003
  0.838709652      0.838709652       6.4025720010258899E-003
  0.870967746      0.838709652       2.6683779342479871E-003
  0.903225780      0.838709652       1.0166646654798477E-003
  0.935483873      0.838709652       4.3355024499051366E-004
  0.967741907      0.838709652       1.9457615534362096E-004
   1.00000000      0.838709652       8.3852515210250896E-005
   0.00000000      0.870967746       1.8692619306548806E-005
   3.22580636E-02  0.870967746       2.8232313915326808E-005
   6.45161271E-02  0.870967746       4.2210830476700135E-005
   9.67741907E-02  0.870967746       6.0103991467765517E-005
  0.129032254      0.870967746       8.2329303669882741E-005
  0.161290318      0.870967746       1.0909849347523305E-004
  0.193548381      0.870967746       1.4125844253046942E-004
  0.225806445      0.870967746       1.7929853630181022E-004
  0.258064508      0.870967746       2.2435518997658077E-004
  0.290322572      0.870967746       2.7648738701559786E-004
  0.322580636      0.870967746       3.3787131485070042E-004
  0.354838699      0.870967746       4.0790716457318575E-004
  0.387096763      0.870967746       4.9031453900671659E-004
  0.419354826      0.870967746       5.8380392601802456E-004
  0.451612890      0.870967746       6.9417118679336869E-004
  0.483870953      0.870967746       8.2086214156277225E-004
  0.516129017      0.870967746       9.7158889556288070E-004
  0.548387110      0.870967746       1.1489851154716049E-003
  0.580645144      0.870967746       1.3633381991345703E-003
  0.612903237      0.870967746       1.6222854687203997E-003
  0.645161271      0.870967746       1.9388813241465277E-003
  0.677419364      0.870967746       2.3209376478463446E-003
  0.709677398      0.870967746       2.7659983595335357E-003
  0.741935492      0.870967746       3.2282939304309030E-003
  0.774193525      0.870967746       3.5670791605959765E-003
  0.806451619      0.870967746       3.4955172001817116E-003
  0.838709652      0.870967746       2.6683784862625913E-003
  0.870967746      0.870967746       6.6555839128328357E-004
  0.903225780      0.870967746       3.3935521050957468E-004
  0.935483873      0.870967746       1.7008821499797498E-004
  0.967741907      0.870967746       7.1899763311144297E-005
   1.00000000      0.870967746       3.0210770071375607E-005
   0.00000000      0.903225780       1.0665100031067417E-005
   3.22580636E-02  0.903225780       1.8170189062769208E-005
   6.45161271E-02  0.903225780       2.9426023284805202E-005
   9.67741907E-02  0.903225780       4.3880788560647593E-005
  0.129032254      0.903225780       6.1969773590981911E-005
  0.161290318      0.903225780       8.4405872948199081E-005
  0.193548381      0.903225780       1.1160828315651070E-004
  0.225806445      0.903225780       1.4418919648391987E-004
  0.258064508      0.903225780       1.8274874823892849E-004
  0.290322572      0.903225780       2.2807888685505502E-004
  0.322580636      0.903225780       2.8074175454898031E-004
  0.354838699      0.903225780       3.4151887590303827E-004
  0.387096763      0.903225780       4.1123468784039701E-004
  0.419354826      0.903225780       4.9069481598131807E-004
  0.451612890      0.903225780       5.8101660863262158E-004
  0.483870953      0.903225780       6.8339787312583918E-004
  0.516129017      0.903225780       7.9939690269922338E-004
  0.548387110      0.903225780       9.3089458679277510E-004
  0.580645144      0.903225780       1.0797017204454350E-003
  0.612903237      0.903225780       1.2470351394359672E-003
  0.645161271      0.903225780       1.4310742002532327E-003
  0.677419364      0.903225780       1.6229765584984551E-003
  0.709677398      0.903225780       1.7978597003201397E-003
  0.741935492      0.903225780       1.9037252706457547E-003
  0.774193525      0.903225780       1.8564314487108718E-003
  0.806451619      0.903225780       1.5785548889494429E-003
  0.838709652      0.903225780       1.0166648236387848E-003
  0.870967746      0.903225780       3.3935525579930226E-004
  0.903225780      0.903225780       7.9710816343936549E-005
  0.935483873      0.903225780       3.6132973541333838E-005
  0.967741907      0.903225780       1.9918874817976511E-005
   1.00000000      0.903225780       1.2839050991069745E-005
   0.00000000      0.935483873       5.1069153342547919E-006
   3.22580636E-02  0.935483873       1.0871021128997599E-005
   6.45161271E-02  0.935483873       1.8985882391405422E-005
   9.67741907E-02  0.935483873       3.0100457704409814E-005
  0.129032254      0.935483873       4.4691696579103605E-005
  0.161290318      0.935483873       6.3081815200639253E-005
  0.193548381      0.935483873       8.5855993210085191E-005
  0.225806445      0.935483873       1.1364162877108124E-004
  0.258064508      0.935483873       1.4695623068211757E-004
  0.290322572      0.935483873       1.8638326879183331E-004
  0.322580636      0.935483873       2.3244103390314481E-004
  0.354838699      0.935483873       2.8567237257266987E-004
  0.387096763      0.935483873       3.4629745360523564E-004
  0.419354826      0.935483873       4.1470975794806762E-004
  0.451612890      0.935483873       4.9065743410992328E-004
  0.483870953      0.935483873       5.7414140444548060E-004
  0.516129017      0.935483873       6.6420908757865019E-004
  0.548387110      0.935483873       7.5985775710519935E-004
  0.580645144      0.935483873       8.5870018552486706E-004
  0.612903237      0.935483873       9.5692155348589439E-004
  0.645161271      0.935483873       1.0472829864247579E-003
  0.677419364      0.935483873       1.1171412747213456E-003
  0.709677398      0.935483873       1.1460199813629925E-003
  0.741935492      0.935483873       1.1064842266911416E-003
  0.774193525      0.935483873       9.7532093054200153E-004
  0.806451619      0.935483873       7.3875480473704089E-004
  0.838709652      0.935483873       4.3355000310292823E-004
  0.870967746      0.935483873       1.7008795400585671E-004
  0.903225780      0.935483873       3.6132751903695406E-005
  0.935483873      0.935483873       1.7724150538152854E-005
  0.967741907      0.935483873       1.2242357632714813E-005
   1.00000000      0.935483873       9.9948960623926778E-006
   0.00000000      0.967741907       1.9076116864439579E-006
   3.22580636E-02  0.967741907       5.3276801722162910E-006
   6.45161271E-02  0.967741907       1.0939349978357501E-005
   9.67741907E-02  0.967741907       1.9169144503947425E-005
  0.129032254      0.967741907       3.0413095471807033E-005
  0.161290318      0.967741907       4.5342976543492874E-005
  0.193548381      0.967741907       6.4531345578473263E-005
  0.225806445      0.967741907       8.8469869091281617E-005
  0.258064508      0.967741907       1.1781553038755401E-004
  0.290322572      0.967741907       1.5303802413135149E-004
  0.322580636      0.967741907       1.9461710310170061E-004
  0.354838699      0.967741907       2.4278969846382495E-004
  0.387096763      0.967741907       2.9773032609092137E-004
  0.419354826      0.967741907       3.5906504180236207E-004
  0.451612890      0.967741907       4.2624413520298834E-004
  0.483870953      0.967741907       4.9761361101401114E-004
  0.516129017      0.967741907       5.7120097179739256E-004
  0.548387110      0.967741907       6.4307985926270142E-004
  0.580645144      0.967741907       7.0872883242869449E-004
  0.612903237      0.967741907       7.6094891851470972E-004
  0.645161271      0.967741907       7.9164587342307670E-004
  0.677419364      0.967741907       7.9056310486190018E-004
  0.709677398      0.967741907       7.4836215641236204E-004
  0.741935492      0.967741907       6.5885821883404302E-004
  0.774193525      0.967741907       5.2237772555485922E-004
  0.806451619      0.967741907       3.5601606667423500E-004
  0.838709652      0.967741907       1.9457584196039921E-004
  0.870967746      0.967741907       7.1899534758008190E-005
  0.903225780      0.967741907       1.9918793306347288E-005
  0.935483873      0.967741907       1.2242420418679778E-005
  0.967741907      0.967741907       1.0425952558147290E-005
   1.00000000      0.967741907       9.7615829979886915E-006
   0.00000000       1.00000000       4.9181883271463187E-007
   3.22580636E-02   1.00000000       1.7407900394715289E-006
   6.45161271E-02   1.00000000       5.5603020308061025E-006
   9.67741907E-02   1.00000000       1.1232527432835156E-005
  0.129032254       1.00000000       2.0410425862478277E-005
  0.161290318       1.00000000       3.3175978986372180E-005
  0.193548381       1.00000000       5.0281555700156465E-005
  0.225806445       1.00000000       7.2197001055814426E-005
  0.258064508       1.00000000       9.9509390571134800E-005
  0.290322572       1.00000000       1.3267907921435764E-004
  0.322580636       1.00000000       1.7212406515766939E-004
  0.354838699       1.00000000       2.1805538220886632E-004
  0.387096763       1.00000000       2.7041198400815265E-004
  0.419354826       1.00000000       3.2873536528512379E-004
  0.451612890       1.00000000       3.9189898969429012E-004
  0.483870953       1.00000000       4.5793867901692886E-004
  0.516129017       1.00000000       5.2360592866745295E-004
  0.548387110       1.00000000       5.8415514545643221E-004
  0.580645144       1.00000000       6.3291660477050025E-004
  0.612903237       1.00000000       6.6172731720536048E-004
  0.645161271       1.00000000       6.6130315421941200E-004
  0.677419364       1.00000000       6.2407374584046182E-004
  0.709677398       1.00000000       5.4663385268456221E-004
  0.741935492       1.00000000       4.3443031092022655E-004
  0.774193525       1.00000000       3.0387450329364161E-004
  0.806451619       1.00000000       1.7946659143529942E-004
  0.838709652       1.00000000       8.3852369004082657E-005
  0.870967746       1.00000000       3.0210736713878244E-005
  0.903225780       1.00000000       1.2838998271088500E-005
  0.935483873       1.00000000       9.9948956481080925E-006
  0.967741907       1.00000000       9.7615095792228872E-006
   1.00000000       1.00000000       9.7042523804231896E-006
