 # X T Z 
           1   6.5496436726630014     
           2   3.1224094302680596     
           3   1.7736303738309187     
           4   1.4850435271790512     
           5   62993.635240179814     
           6   4394296.0504019856     
           7   8846099.1715490259     
           8   9902246.9050912354     
           9   11010049.078114323     
          10   11665442.353144774     
          11   12706800.760051830     
          12   15742915.829536248     
          13   21716117.957659211     
          14   32475009.344138544     
          15   36991625.590599820     
          16   41423709.156973422     
          17   47278549.414666533     
          18   48817134.541366726     
          19   51439715.909470506     
          20   52857578.225920059     
          21   54144643.884426042     
          22   51205430.589828663     
          23   47871591.427333578     
          24   44829993.074251458     
          25   44944954.986273095     
          26   41191626.034372315     
          27   36558159.046849743     
          28   30988608.202018086     
          29   23444430.051780675     
          30   19956860.661346436     
          31   15268273.819882773     
          32   10309767.424594004     
          33   5648178.8505074605     
          34   3184293.7733502816     
          35   2760839.6710186591     
          36   1108565.7557035694     
          37   661366.23918911512     
          38   125605.82614075465     
          39   94671.259397973816     
          40   79648.929374654035     
          41   90575.131201158249     
          42   93814.672584222193     
          43   84215.425961162298     
          44   73340.708064987353     
          45   75183.056796448858     
          46   63022.906930122997     
          47   72300.969751156939     
          48   85057.952906776467     
          49   85635.023359186991     
          50   83595.282678554722     
          51   86964.394623010099     
          52   74109.195531587291     
          53   87622.749887499973     
          54   77026.682296915256     
          55   86813.876033555105     
          56   75727.490785782473     
          57   117809.53582705780     
          58   116904.10985161230     
          59   157947.84462901831     
          60   159849.31123446146     
          61   152525.86937616023     
          62   140820.10416245577     
          63   188054.49210320343     
          64   235244.14765286603     
          65   224361.04847288417     
          66   275302.33727373090     
          67   233590.05738397577     
          68   211971.11758512552     
          69   197538.49993429251     
          70   227205.21806167348     
          71   245599.94076211154     
          72   354989.19625934801     
          73   339204.92019039346     
          74   325827.33345915645     
          75   309531.00733679271     
          76   366543.39084862376     
          77   336473.00834929087     
          78   370177.12711226189     
          79   382022.89324389072     
          80   338290.36449503840     
          81   330153.02028539905     
          82   344854.83376919286     
          83   342649.59240405652     
          84   323766.42074053135     
          85   309245.28063353826     
          86   305207.82962578471     
          87   291014.60627509799     
          88   275202.26680409076     
          89   237335.18745984673     
          90   212844.66731896269     
          91   225215.63821700111     
          92   228121.48752376484     
          93   216647.02507615255     
          94   210169.30248472525     
          95   210383.68346994132     
          96   220057.15962654629     
          97   203241.92937341696     
          98   180605.89491795664     
          99   166106.47123382686     
         100   153671.30288511582     
         101   107908.90752751724     
         102   121497.46732591772     
         103   115216.44939059428     
         104   111298.90107428627     
         105   112042.42224811745     
         106   112270.06470551620     
         107   110990.76244584663     
         108   112458.33493382469     
         109   123961.06060414725     
         110   126005.55152076705     
         111   128278.06910201133     
         112   113389.70599386553     
         113   105147.19726215227     
         114   99645.893694087019     
         115   102900.82253098591     
         116   105587.54319051289     
         117   112193.80868167346     
         118   116081.98815436385     
         119   118536.96046390531     
         120   127214.47385620071     
         121   135164.07555697445     
         122   131749.05811118413     
         123   132880.33795018092     
         124   122571.40076837975     
         125   124236.97332713859     
         126   128957.47662037559     
         127   130835.59307813365     
         128   139870.61248514423     
         129   141344.32636793767     
         130   137011.94714798653     
         131   135172.55306754843     
         132   124831.58837497496     
         133   135595.08075546444     
         134   133493.54456566411     
         135   131544.79895292746     
         136   132882.30780526486     
         137   124335.32209936160     
         138   130326.43030397012     
         139   134013.13061649411     
         140   133147.68569513774     
         141   126252.77372681846     
         142   124842.03204139114     
         143   125079.93358340983     
         144   118306.73959980205     
         145   117894.82328102180     
         146   117471.10486086769     
         147   111313.69349215648     
         148   113302.52374036667     
         149   111892.98724250836     
         150   110757.68225078745     
         151   101463.09085753438     
         152   108794.18637169343     
         153   108631.73511852960     
         154   109958.50250707797     
         155   97593.135522598284     
         156   96644.062871976232     
         157   95026.690183322964     
         158   92991.928650663016     
         159   93117.949584249291     
         160   101661.09908784022     
         161   103144.25587650687     
         162   94040.292778901334     
         163   98075.074128508801     
         164   95610.191863451430     
         165   96240.953271594015     
         166   93521.831076526025     
         167   87138.620397489431     
         168   86906.556602053373     
         169   87496.186479276017     
         170   87672.367855259377     
         171   87090.448155863152     
         172   91789.112430969937     
         173   93825.927853224392     
         174   85137.300167309004     
         175   83154.265632409646     
         176   82352.326380929109     
         177   71450.955473368434     
         178   70044.959848983010     
         179   57871.815113425757     
         180   58609.509614512324     
         181   56973.264083176931     
         182   55605.963676313135     
         183   55473.099079430540     
         184   54105.852767802593     
         185   52153.715585700302     
         186   52185.398094088101     
         187   52624.286430548265     
         188   49084.822533145612     
         189   47704.155236381317     
         190   46498.119421660973     
         191   45447.699446323517     
         192   43594.309968884350     
         193   42068.270626095800     
         194   51959.883243143559     
         195   49983.187251056173     
         196   47824.301846857743     
         197   45383.799206869655     
         198   44610.438949022384     
         199   41707.669693222459     
         200   42687.441071036395     
         201   42860.931626800571     
         202   44387.514595824585     
         203   45208.002847551528     
         204   46651.920668375853     
         205   46587.289923949953     
         206   34336.250230507147     
         207   35677.784772164079     
         208   35586.348698846945     
         209   35785.990940830539     
         210   32499.689470375721     
         211   33865.165920326450     
         212   34119.297998952497     
         213   33729.149361970958     
         214   33873.913073336320     
         215   33921.252328468370     
         216   34168.184580640409     
         217   33767.668659342096     
         218   33824.778858518141     
         219   33784.526300334976     
         220   31768.509445942032     
         221   31569.371553032801     
         222   24763.919723482937     
         223   24735.418982041156     
         224   24125.849088135583     
         225   24314.103105955553     
         226   24851.676483964246     
         227   24546.264731481439     
         228   25246.893680008612     
         229   25379.425692849469     
         230   26960.763817884756     
         231   26995.480610057653     
         232   27206.082901334012     
         233   27160.291961591385     
         234   27304.114471003839     
         235   27387.633031351008     
         236   27444.682715194616     
         237   27301.020160173095     
         238   26807.094799996907     
         239   26624.620080116794     
         240   26411.664822701528     
         241   26071.482590623782     
         242   25968.606679551543     
         243   26055.185428571520     
         244   26381.900829542697     
         245   25571.852933793052     
         246   25421.857018249513     
         247   25383.221812026026     
         248   25551.598791486318     
         249   25615.807469153784     
         250   25743.270799799790     
         251   25561.587514928127     
         252   24962.833662267480     
         253   25065.228033486928     
         254   25230.482214890209     
         255   25587.669459234938     
         256   25708.180754525063     
         257   25284.579537984537     
         258   25635.550069961460     
         259   26356.276744950072     
         260   26485.828766020604     
         261   26514.842250387792     
         262   26202.749613412459     
         263   26178.277253224493     
         264   25903.315137613004     
         265   25647.757275531465     
         266   25446.809585646581     
         267   24828.222463254919     
         268   24616.467365057655     
         269   20761.429490245220     
         270   20476.037197093436     
         271   20254.782376684627     
         272   19961.595872414291     
         273   19796.315332981452     
         274   19845.163261381167     
         275   19747.862676527853     
         276   20038.664943567244     
         277   19447.530536397680     
         278   19486.456588152378     
         279   19564.531964033977     
         280   19876.411738249375     
         281   19739.509098769180     
         282   19785.444715312180     
         283   19199.051493600466     
         284   19237.359442661291     
         285   19382.900074698711     
         286   19222.466933944892     
         287   19113.842169607597     
         288   19647.608293218029     
         289   19666.360871223053     
         290   19954.961795109892     
         291   19908.758910148008     
         292   19882.602083789679     
         293   19778.456064765123     
         294   19700.062466402353     
         295   19653.983156178063     
         296   19614.882107153258     
         297   19221.168176547126     
         298   18996.175997228616     
         299   18903.258245414123     
         300   18776.213083833842     
         301   18425.701966508193     
         302   18491.334909966903     
         303   18403.425498434837     
         304   18374.790672522264     
         305   18326.232079787660     
         306   21432.758545655994     
         307   21095.834705978203     
         308   20772.674040163703     
         309   20650.688163666615     
         310   17720.156844216304     
         311   17547.542610237084     
         312   17451.838280018641     
         313   17412.220870707850     
         314   17401.494020984308     
         315   15304.991173031169     
         316   15353.606681422036     
         317   15344.847380714860     
         318   15337.850223655185     
         319   15133.890271353412     
         320   15002.388432626212     
         321   14502.931781033003     
         322   14348.557486623105     
         323   12976.822039853827     
         324   12866.401251888681     
         325   12308.277751444564     
         326   12297.256431047441     
         327   12293.440534550697     
         328   12393.164373956573     
         329   12056.707264136579     
         330   12200.014888882544     
         331   12210.438561431421     
         332   11950.628535420899     
         333   11099.301099858561     
         334   11257.056550402756     
         335   11564.841829233825     
         336   11470.549903032233     
         337   11598.939197316822     
         338   11965.337315148648     
         339   12133.490724902587     
         340   12405.301411640537     
         341   12595.245699622303     
         342   12113.784790363179     
         343   11016.276817734819     
         344   10913.707124699562     
         345   11157.594268864961     
         346   11242.264883645745     
         347   11273.725046103973     
         348   11310.578268602847     
         349   11341.964430311948     
         350   11260.139247965502     
         351   13218.224300406193     
         352   13247.326389578577     
         353   13160.348053917860     
         354   13176.086552848386     
         355   13237.216472486094     
         356   13185.030865641989     
         357   13086.708905312724     
         358   12953.696090574895     
         359   12845.686885224994     
         360   12747.518860933951     
         361   12587.218690813670     
         362   12452.169844369717     
         363   11668.937146721037     
         364   11698.786221409422     
         365   11669.789309545580     
         366   11558.833590901950     
         367   11684.296824102727     
         368   11545.376509365500     
         369   11218.098419367449     
         370   11317.319703437552     
         371   11345.057691609489     
         372   11509.229293888846     
         373   11694.986678482401     
         374   11609.185583569293     
         375   11649.571845297325     
         376   11690.313872045810     
         377   11650.664406438567     
         378   11319.702896798899     
         379   11330.674156765177     
         380   11335.594431994328     
         381   11347.959213586380     
         382   11678.549543211715     
         383   11685.188079802992     
         384   11537.068619342856     
         385   11470.216700212599     
         386   11432.551337753004     
         387   11222.906358053400     
         388   11201.043783487952     
         389   11157.946985832556     
         390   11158.063337021920     
         391   11122.633416544873     
         392   11166.672166977216     
         393   11172.244310452077     
         394   11089.981804885845     
         395   11297.909714907006     
         396   11286.694583285196     
         397   11391.501107515394     
         398   11468.541862388105     
         399   11513.277033689699     
         400   11502.529391789498     
         401   11510.448198119015     
         402   11478.095957065794     
         403   11462.413727094148     
         404   11378.833262638553     
         405   11118.639946408895     
         406   11052.527066750068     
         407   10754.437379063307     
         408   10709.190490700919     
         409   10751.338193680253     
         410   10748.804793509004     
         411   10797.829783406250     
         412   10544.733348987944     
         413   10541.754235046408     
         414   10559.357059968310     
         415   10514.595731766127     
         416   10372.965846854402     
         417   10256.204138357269     
         418   10205.208783795179     
         419   10163.033056014645     
         420   10106.373204035663     
         421   10061.413920838706     
         422   9999.1454796163125     
         423   9956.3539628621656     
         424   9847.2946201967025     
         425   9826.3741057392981     
         426   9581.4763154580960     
         427   9408.9340890564490     
         428   9367.7306514190514     
         429   9285.9942035329695     
         430   9633.9627485781257     
         431   9619.3348779223743     
         432   9636.0522732753925     
         433   9581.7512047571672     
         434   9544.3344670290426     
         435   9520.2006233754928     
         436   9669.8118100535612     
         437   9665.7161015916008     
         438   9647.3503239504553     
         439   9612.4378660103448     
         440   9587.9964447531074     
         441   9576.2737802535266     
         442   9538.0339067671521     
         443   9495.0404523240159     
         444   9554.0234533416133     
         445   9547.5908648296245     
         446   9006.9385513249035     
         447   9004.1732602206339     
         448   8971.8787668411296     
         449   7899.5795167155948     
         450   7911.6295527022503     
         451   7910.0800391621260     
         452   7843.9809051877646     
         453   7795.7763164161861     
         454   7461.9475798594303     
         455   7291.1907684405687     
         456   7208.6127349480730     
         457   7222.4030399635858     
         458   7228.8233763091894     
         459   7161.9975121551879     
         460   7090.2101349002460     
         461   7051.3550525915725     
         462   7090.1566676659331     
         463   7090.8757658843260     
         464   7107.3288238600053     
         465   7096.5502039486137     
         466   7064.1453320553610     
         467   7041.4861646293584     
         468   7053.6928333979149     
         469   7030.7995115788299     
         470   6984.1945672171250     
         471   6991.5431146828560     
         472   6907.1881402696054     
         473   6840.0590405790135     
         474   6820.4258622097777     
         475   6752.7371224854724     
         476   6991.2141077078923     
         477   6988.2249269759332     
         478   6972.5105682215535     
         479   6984.1289500622415     
         480   6860.5570123164534     
         481   6825.7427338321759     
         482   6817.6860335524307     
         483   6792.7568261909373     
         484   6733.6138899573916     
         485   6721.4446940425441     
         486   6707.7272225771030     
         487   6771.2341234528103     
         488   6741.1662761024672     
         489   6721.9755517162866     
         490   6702.8646692419661     
         491   6687.9290910374730     
         492   6664.2672719557222     
         493   6644.9271304498898     
         494   6640.0558827565519     
         495   6633.7066262995386     
         496   6617.8722783647627     
         497   6592.1628013543350     
         498   6279.3935869468160     
         499   6269.3169782534569     
         500   6255.2324022605308     
         501   6224.8744974937936     
         502   6224.7311472047795     
         503   6268.7097054442411     
         504   6230.0140942256467     
         505   6201.7744053867773     
         506   6174.1595067042144     
         507   6099.3269551427657     
         508   6064.6226489672636     
         509   5984.9052757217378     
         510   5961.0282309102986     
         511   5925.2917247335690     
         512   5907.6552518064300     
         513   5874.9164707037326     
         514   5894.7105381851588     
         515   5914.5437575550368     
         516   6185.2599799424534     
         517   6243.6670325927626     
         518   6105.5042173514439     
         519   6072.9099820829497     
         520   6087.7958358173746     
         521   5811.5222090850957     
         522   5792.0210017690470     
         523   4976.4773583859514     
         524   4961.2840334444309     
         525   4966.5356873348546     
         526   4977.1928573777705     
         527   4903.5605642856726     
         528   4820.5103259001426     
         529   4785.8906820724333     
         530   4783.3456679722121     
         531   4667.8230407859237     
         532   4688.5609257573988     
         533   4682.5687592427548     
         534   4701.8093007670095     
         535   4697.4805550413057     
         536   4702.0627865059105     
         537   4688.6052056346143     
         538   4588.5393364484462     
         539   4608.1971776212868     
         540   4593.1226446916498     
         541   4594.5945713261335     
         542   4594.4661930711691     
         543   4596.9609131682182     
         544   5573.3272823683046     
         545   5572.6533678521737     
         546   5570.3839304201019     
         547   5571.3957685310716     
         548   5539.9101261451260     
         549   5531.5289348922652     
         550   5512.6555873460693     
         551   5488.8407763209516     
         552   5656.0059636781698     
         553   5628.1213345902343     
         554   5589.9796313063916     
         555   5551.4792689576334     
         556   5536.8014510386456     
         557   4602.2882058927344     
         558   4588.5965630449064     
         559   4605.6228823401343     
         560   4588.8687223733459     
         561   4574.8789935045579     
         562   4576.8720004974684     
         563   4550.0897264250170     
         564   4546.6905809693390     
         565   4545.3194888439320     
         566   4523.0838688278027     
         567   4502.6292377934551     
         568   4498.7761884791325     
         569   4443.5077007589616     
         570   4441.5659220630532     
         571   4445.4391413738995     
         572   4448.9576914961026     
         573   4447.7824062951549     
         574   4435.2275530661063     
         575   4438.2340398063179     
         576   4445.5714040860830     
         577   4427.3748253117274     
         578   4420.1169604097031     
         579   4259.6753027145178     
         580   4253.1216040792897     
         581   4285.1690853808068     
         582   4274.7912157013634     
         583   4225.1315972817783     
         584   4213.5637113084058     
         585   4182.6670904075399     
         586   4178.6474619699975     
         587   4172.9611413478378     
         588   4161.5960457434658     
         589   4103.3158292045373     
         590   4105.8467496303720     
         591   4068.7053757974345     
         592   4068.8946922038585     
         593   4034.3726990875434     
         594   4030.7774651512100     
         595   3958.3060294940155     
         596   3946.6101203360504     
         597   3922.8203443632583     
         598   3886.7786148096279     
         599   3877.9127733995851     
         600   3876.4338822064251     
         601   3685.0723358938535     
         602   3945.7956830179105     
         603   3944.2486149623628     
         604   3947.9543577693621     
         605   3754.5857204397644     
         606   3795.8842599963095     
         607   3798.9478196581422     
         608   3828.3521412608511     
         609   3778.1822491886683     
         610   3782.2572056655958     
         611   3775.9740843750969     
         612   3740.7042781265518     
         613   3754.4193995749893     
         614   3752.4862804640125     
         615   3759.2737961592461     
         616   3775.3988600455436     
         617   3768.2615934825185     
         618   3762.5437770583585     
         619   3761.2829174634667     
         620   3804.8647904507538     
         621   3793.3618078583336     
         622   3718.8283504168712     
         623   3692.7495213179363     
         624   3687.6822782888848     
         625   3677.6634685509798     
         626   3658.5974837605368     
         627   3646.8756269724513     
         628   3631.1070615994840     
         629   3767.1116332342458     
         630   3752.7766216439927     
         631   3772.5869404928098     
         632   3753.3603002307873     
         633   3748.1911669187452     
         634   3728.6308316441018     
         635   3713.5100100793375     
         636   3699.5151311083655     
         637   3736.9483938803596     
         638   3574.6269055215112     
         639   3146.0379265171196     
         640   3140.8747228429470     
         641   3127.1717437786097     
         642   3118.2875760054030     
         643   3099.3784324762123     
         644   3071.4088261217303     
         645   3060.9566635797387     
         646   3049.9429599915061     
         647   3037.7235729903123     
         648   3029.8804353739342     
         649   3024.9632867200794     
         650   2821.4569658068694     
         651   2821.3141465692975     
         652   2826.4089159106584     
         653   2828.0810721791954     
         654   2826.8122630887392     
         655   3025.2115103785231     
         656   3028.4949178023203     
         657   2944.1509062624668     
         658   2943.8114646410754     
         659   2910.0400473533832     
         660   2910.7837526827780     
         661   3062.7274443826050     
         662   3066.0430093501609     
         663   3067.8366428284207     
         664   2881.5650748622916     
         665   2892.6952850096741     
         666   2890.9994385762166     
         667   2884.3512223384487     
         668   2880.8201069470410     
         669   2875.0509127671562     
         670   2903.2539502931863     
         671   2929.3877736791987     
         672   2514.5731226544799     
         673   2511.4793023445327     
         674   2507.8951901999080     
         675   2510.2849992206588     
         676   2505.5753253413191     
         677   2482.5639205086077     
         678   2274.7128895181227     
         679   2270.9922341367210     
         680   2269.3703543677693     
         681   2271.1331087729595     
         682   2254.1593810273207     
         683   2289.8578246597885     
         684   2212.7985918212144     
         685   2043.3218796729786     
         686   2040.0542902350817     
         687   2053.1590135724446     
         688   2051.6602718152822     
         689   2057.4829502109428     
         690   2062.8925164415928     
         691   2072.9046009244853     
         692   2069.3821322625149     
         693   2093.0892235135952     
         694   2116.8130930670732     
         695   2078.9032913123415     
         696   2115.3775868822613     
         697   2119.1766109580221     
         698   2153.2232291779578     
         699   2170.4848458288025     
         700   2161.9399501894973     
         701   2163.0313317872792     
         702   1943.6145439591635     
         703   1953.4477900849502     
         704   1975.2908021711805     
         705   1989.8294748508811     
         706   2003.3287954754189     
         707   2013.7193544141005     
         708   2022.3624210561350     
         709   2049.6901356222443     
         710   2066.1899962531966     
         711   2158.4013409109866     
         712   2166.6051909950752     
         713   2177.6537488421609     
         714   1979.7390363218212     
         715   2100.4564763010585     
         716   2127.9808639763910     
         717   2153.7239992427640     
         718   2220.4976982632293     
         719   2206.7180950191214     
         720   2218.5901709794562     
         721   2216.9583838967169     
         722   2216.2766033030221     
         723   2186.1769296374177     
         724   2445.2386652099349     
         725   2431.3195015278166     
         726   2331.8947914666110     
         727   2323.5375154713952     
         728   2316.2424877686235     
         729   2286.8363732423559     
         730   2283.0037776083523     
         731   2294.4841941965919     
         732   2265.5548480120065     
         733   2272.1580123076087     
         734   2277.0402055398959     
         735   2286.0759082024620     
         736   2296.0016517198505     
         737   2290.9970561035593     
         738   2268.1581231456139     
         739   2310.6422579246414     
         740   2282.3038076552562     
         741   2251.9698575962038     
         742   2231.3168820993001     
         743   2212.7251035759050     
         744   2198.5958802545142     
         745   2212.5516178305934     
         746   2349.3810240988241     
         747   2075.1875786749843     
         748   2078.2476268607188     
         749   2041.8368518657278     
         750   1998.8614188340625     
         751   1992.0792032124918     
         752   1979.4246571987439     
         753   2370.3163913791054     
         754   2437.3484233518652     
         755   2437.3295111999314     
         756   2423.0767461742721     
         757   2436.2652845992880     
         758   2462.3474690865555     
         759   2475.6252043057871     
         760   2485.5541246380044     
         761   1974.0277975553779     
         762   1969.9569723651282     
         763   1954.7390310897358     
         764   1942.9373137730836     
         765   1928.1710244085259     
         766   1915.6508421344324     
         767   1901.6201011592332     
         768   1859.8142107694971     
         769   1765.4551367937474     
         770   1765.7410368320177     
         771   1746.8667176872545     
         772   1731.8491673391757     
         773   1723.7813283285591     
         774   1706.5497765645252     
         775   1700.6423256551898     
         776   1702.9341009617497     
         777   1705.2888906722760     
         778   1729.1856758456506     
         779   1881.8301396622430     
         780   1896.4397705457163     
         781   1896.0172605880455     
         782   1954.9722435601291     
         783   2058.7969865263435     
         784   2047.1209248776938     
         785   1888.5981344078855     
         786   1886.5990432190799     
         787   1862.1301961851739     
         788   1859.8987731897835     
         789   1857.6668801165652     
         790   1851.9907741698228     
         791   1836.4730964725516     
         792   1844.8763597210814     
         793   1846.8650367906505     
         794   1845.2984496608954     
         795   1842.3161721252884     
         796   1836.8054583130881     
         797   1826.3741883164791     
         798   1819.2658293784878     
         799   1809.6573938787724     
         800   1715.3625980009419     
         801   1717.1407178237885     
         802   1718.5905985616382     
         803   1713.1726905969210     
         804   1705.5565658636806     
         805   1600.4367366299143     
         806   1600.8142566631816     
         807   1598.4697404385759     
         808   1610.0881934750337     
         809   1614.6014294499491     
         810   1616.0030526886626     
         811   1579.2534480010925     
         812   1586.9354804481502     
         813   1588.2396079263510     
         814   1592.4829125120998     
         815   1593.8567006706992     
         816   1593.5546251585001     
         817   1592.6772936301145     
         818   1590.0673340718956     
         819   1588.2907373513860     
         820   1584.2901336779348     
         821   1580.1958155593240     
         822   1581.9099834152394     
         823   1645.6154938789675     
         824   1631.1046967012473     
         825   1621.5024883671017     
         826   1616.2992902176459     
         827   1609.4978857823360     
         828   1526.2690671807400     
         829   1513.6138795907550     
         830   1509.7905972587325     
         831   1477.5302913238072     
         832   1475.7754101527153     
         833   1470.4616680092581     
         834   1470.7355774249856     
         835   1471.6761269860142     
         836   1472.2953019137897     
         837   1471.6664147623335     
         838   1591.9728530860496     
         839   1594.0683524778683     
         840   1596.1683929775477     
         841   1593.2035524670764     
         842   1629.1903175752732     
         843   1628.2428221175367     
         844   1625.7970433028979     
         845   1619.3215792394335     
         846   1528.2985360037776     
         847   1550.2528555600650     
         848   1555.9603743383564     
         849   1555.1530786129260     
         850   1555.5350404825178     
         851   1556.1468391432272     
         852   1556.3395744878096     
         853   1558.1643984056695     
         854   1559.0735210789721     
         855   1560.5129981075697     
         856   1561.5530581698422     
         857   1563.2733303329062     
         858   1554.7510394378312     
         859   1555.1779270650118     
         860   1616.8832703793332     
         861   1544.5837853987709     
         862   1541.4356656245600     
         863   1541.2846696855056     
         864   1541.1314367140183     
         865   1538.6078071620045     
         866   1533.4889474177926     
         867   1519.0998710665426     
         868   1505.1089720995462     
         869   1490.2426894884084     
         870   1480.5555434023956     
         871   1473.6355991490550     
         872   1474.1411120458188     
         873   1471.6294842261620     
         874   1471.6802999175750     
         875   1474.2794354385676     
         876   1483.1024269567943     
         877   1490.3782289949918     
         878   1495.6391089117030     
         879   1481.7485990082973     
         880   1483.4631500083080     
         881   1482.9110325037957     
         882   1481.1804785351599     
         883   1885.5489695316562     
         884   1886.1725862446708     
         885   1883.0374720768079     
         886   1880.6095850974066     
         887   1881.8634457909784     
         888   1879.9780912880890     
         889   1881.8669355156155     
         890   1880.4055924488198     
         891   1871.1709013826585     
         892   1869.8034371245535     
         893   1874.1080945789447     
         894   1878.7794704071794     
         895   1440.3044322194794     
         896   1433.1097542755142     
         897   1432.7499163961954     
         898   1433.2451988736734     
         899   1433.6604713924091     
         900   1436.0871846240891     
         901   1901.0069847648692     
         902   1898.2904106368087     
         903   1899.8421529136763     
         904   1897.5555628641532     
         905   1894.0275811328443     
         906   1896.3141887297140     
         907   1875.9149598990236     
         908   1874.2308290988180     
         909   1869.6598723771824     
         910   1868.3492850783996     
         911   1863.2942910051215     
         912   1862.3664536644555     
         913   1854.4819727701731     
         914   1850.6801242725817     
         915   1380.5420519258853     
         916   1381.5963172271320     
         917   1384.4348591485652     
         918   1385.1601456890992     
         919   1382.8583756526214     
         920   1380.1607420515288     
         921   1378.3789781294975     
         922   1324.3130820667109     
         923   1328.4286134035149     
         924   1333.9548231392766     
         925   1335.6529352831653     
         926   1342.5046716536247     
         927   1342.2845265191174     
         928   1352.2050010961543     
         929   1374.1129435941518     
         930   1378.3093837636170     
         931   1380.1000411854288     
         932   1381.6763631340732     
         933   1351.2509577082010     
         934   1376.4965325997223     
         935   1377.4066120642549     
         936   1379.2376923918487     
         937   1379.6411255452726     
         938   1381.3432807135182     
         939   1385.3282860572970     
         940   1385.1935556829910     
         941   1381.7638212783238     
         942   1378.4266954243906     
         943   1381.1926530227568     
         944   1381.4051975217044     
         945   1378.8563706449963     
         946   1373.5384449973717     
         947   1372.6206123857373     
         948   1366.2475448760863     
         949   1405.7849674066686     
         950   1413.1864265689969     
         951   1413.8259553907853     
         952   1410.9008268828977     
         953   1407.9425912916545     
         954   1410.6964709851941     
         955   1410.8298323202428     
         956   1394.8470654031078     
         957   1390.6297155644863     
         958   1388.7131301666200     
         959   1399.8130008420419     
         960   1406.8770226336721     
         961   1403.4946666390326     
         962   1402.7750508558461     
         963   1400.8329875997510     
         964   1400.8888840520303     
         965   1388.7009611267029     
         966   1386.7849150128461     
         967   1383.2348513142465     
         968   1379.8180031958907     
         969   1376.3373694727561     
         970   1376.2224617759477     
         971   1370.8452969397244     
         972   1368.1700920340375     
         973   1355.7018580491481     
         974   1354.2255562348621     
         975   1356.8568679098166     
         976   1359.9773540206243     
         977   1360.3549618429206     
         978   1361.2357488430214     
         979   1367.2797675766790     
         980   1366.1696448997104     
         981   1364.1076662027481     
         982   1363.8129515020064     
         983   1362.2033132370668     
         984   1261.7247987505800     
         985   1253.9391601450548     
         986   1251.6043544598413     
         987   1245.0304555032017     
         988   1246.7467117100255     
         989   1252.1609390163808     
         990   1249.9035292684123     
         991   1252.5256927419580     
         992   1249.8595396354749     
         993   1254.4610567711975     
         994   1260.7385763123016     
         995   1260.9002760776750     
         996   1263.9559053340338     
         997   1267.7855147675502     
         998   1268.1130828017174     
         999   1279.2893270327245     
        1000   1281.7106092043941     
