 # X Y F 
   0.00000000       0.00000000       7.0752476940783920E-008
   3.22580636E-02   0.00000000       3.4361939179553564E-007
   6.45161271E-02   0.00000000      -4.1759102437225952E-007
   9.67741907E-02   0.00000000       5.4735089939467036E-007
  0.129032254       0.00000000      -5.7519691930424117E-007
  0.161290318       0.00000000       7.0153269638975384E-007
  0.193548381       0.00000000      -7.4661685776831302E-007
  0.225806445       0.00000000       7.8755240871163466E-007
  0.258064508       0.00000000      -7.9459828429598656E-007
  0.290322572       0.00000000       1.5247753923546740E-006
  0.322580636       0.00000000      -1.1273504229998423E-006
  0.354838699       0.00000000       1.1398242185641422E-006
  0.387096763       0.00000000      -1.1818053501634869E-006
  0.419354826       0.00000000       1.2798969128336590E-006
  0.451612890       0.00000000      -4.4251423862927325E-007
  0.483870953       0.00000000       7.7529240854348133E-007
  0.516129017       0.00000000      -8.0240785438107223E-007
  0.548387110       0.00000000       7.9145740228336558E-007
  0.580645144       0.00000000      -7.8281866905846931E-007
  0.612903237       0.00000000       7.9424897342630812E-007
  0.645161271       0.00000000      -7.8757146882586637E-007
  0.677419364       0.00000000       8.2192360654852445E-007
  0.709677398       0.00000000      -8.0377765884553750E-007
  0.741935492       0.00000000       8.2617457052637370E-007
  0.774193525       0.00000000      -8.0820588338932282E-007
  0.806451619       0.00000000       7.6590560943428191E-007
  0.838709652       0.00000000      -7.0977320163213259E-007
  0.870967746       0.00000000       6.2014341102498189E-007
  0.903225780       0.00000000      -5.1895385831424450E-007
  0.935483873       0.00000000       3.9861055677918751E-007
  0.967741907       0.00000000      -2.7603418580068220E-007
   1.00000000       0.00000000       9.5490968421603060E-008
   0.00000000       3.22580636E-02  -4.7596634607018676E-007
   3.22580636E-02   3.22580636E-02   2.8408192497946536E-007
   6.45161271E-02   3.22580636E-02  -4.0377415233686563E-007
   9.67741907E-02   3.22580636E-02   6.3732475229069220E-007
  0.129032254       3.22580636E-02  -7.9590343787495121E-007
  0.161290318       3.22580636E-02   7.7085488560203177E-007
  0.193548381       3.22580636E-02  -7.7704904511401377E-007
  0.225806445       3.22580636E-02   2.9731056768329055E-006
  0.258064508       3.22580636E-02   1.9228653852636343E-006
  0.290322572       3.22580636E-02   6.8960796013147913E-006
  0.322580636       3.22580636E-02   3.7960001231586242E-006
  0.354838699       3.22580636E-02   4.9376042833746557E-006
  0.387096763       3.22580636E-02   8.8053550910402987E-007
  0.419354826       3.22580636E-02   1.8982295363770267E-006
  0.451612890       3.22580636E-02  -1.0897217693122415E-006
  0.483870953       3.22580636E-02   8.5727947647555015E-007
  0.516129017       3.22580636E-02  -7.1535137831728391E-007
  0.548387110       3.22580636E-02   8.0728861748380752E-007
  0.580645144       3.22580636E-02  -8.2094673372869848E-007
  0.612903237       3.22580636E-02   9.1482746231526958E-007
  0.645161271       3.22580636E-02  -9.7790918827436611E-007
  0.677419364       3.22580636E-02   1.0472799198488238E-006
  0.709677398       3.22580636E-02  -1.1287345971882445E-006
  0.741935492       3.22580636E-02   1.1552450176647268E-006
  0.774193525       3.22580636E-02  -1.1187564062572778E-006
  0.806451619       3.22580636E-02   1.1418893435954917E-006
  0.838709652       3.22580636E-02  -1.0360630582632849E-006
  0.870967746       3.22580636E-02   9.7749182305337774E-007
  0.903225780       3.22580636E-02  -7.8663054946620162E-007
  0.935483873       3.22580636E-02   6.3473716821711188E-007
  0.967741907       3.22580636E-02  -3.5596212488695329E-007
   1.00000000       3.22580636E-02   1.7235322227822779E-007
   0.00000000       6.45161271E-02   5.0705563267771410E-007
   3.22580636E-02   6.45161271E-02   4.4604743423682264E-007
   6.45161271E-02   6.45161271E-02  -5.3604463211968644E-007
   9.67741907E-02   6.45161271E-02   9.4516411509452626E-007
  0.129032254       6.45161271E-02  -4.7784296974795560E-008
  0.161290318       6.45161271E-02   9.9404578186468245E-007
  0.193548381       6.45161271E-02   3.8174831901248566E-006
  0.225806445       6.45161271E-02   1.1670194024870857E-005
  0.258064508       6.45161271E-02   3.1126670106464560E-005
  0.290322572       6.45161271E-02   5.3246612925696666E-005
  0.322580636       6.45161271E-02   5.4297844440830289E-005
  0.354838699       6.45161271E-02   3.8248555285797253E-005
  0.387096763       6.45161271E-02   2.0435027042265013E-005
  0.419354826       6.45161271E-02   9.6262118372163736E-006
  0.451612890       6.45161271E-02   2.9386336771929103E-006
  0.483870953       6.45161271E-02   2.7486891425765848E-007
  0.516129017       6.45161271E-02   2.1174124442782799E-008
  0.548387110       6.45161271E-02  -6.1210457145545824E-008
  0.580645144       6.45161271E-02  -6.4207622298137320E-009
  0.612903237       6.45161271E-02   3.8499781239904010E-008
  0.645161271       6.45161271E-02  -5.1154830566899044E-008
  0.677419364       6.45161271E-02   1.2702505271772031E-007
  0.709677398       6.45161271E-02  -9.0635101773938689E-008
  0.741935492       6.45161271E-02   1.4883382147571311E-007
  0.774193525       6.45161271E-02  -1.9597650876324034E-007
  0.806451619       6.45161271E-02   1.6167458242987829E-007
  0.838709652       6.45161271E-02  -1.7643068703310981E-007
  0.870967746       6.45161271E-02   1.1331946819505546E-007
  0.903225780       6.45161271E-02  -1.2144077085903887E-007
  0.935483873       6.45161271E-02   9.1428632190584537E-008
  0.967741907       6.45161271E-02  -1.4258261336377744E-007
   1.00000000       6.45161271E-02  -1.3147464976531804E-008
   0.00000000       9.67741907E-02  -6.4789664411179265E-007
   3.22580636E-02   9.67741907E-02  -4.1386573664841778E-007
   6.45161271E-02   9.67741907E-02   1.1483589654117283E-006
   9.67741907E-02   9.67741907E-02  -5.2049706857955819E-008
  0.129032254       9.67741907E-02   2.9590653377626433E-007
  0.161290318       9.67741907E-02   3.7168987378508623E-006
  0.193548381       9.67741907E-02   1.7667563157231259E-005
  0.225806445       9.67741907E-02   8.1856383875436887E-005
  0.258064508       9.67741907E-02   2.3452903641568593E-004
  0.290322572       9.67741907E-02   4.0405787397600895E-004
  0.322580636       9.67741907E-02   4.3381341766347869E-004
  0.354838699       9.67741907E-02   3.1817125785196673E-004
  0.387096763       9.67741907E-02   1.6871018789481484E-004
  0.419354826       9.67741907E-02   5.8048335713666926E-005
  0.451612890       9.67741907E-02   1.1668313463609589E-005
  0.483870953       9.67741907E-02   2.8906004835816563E-006
  0.516129017       9.67741907E-02   6.0199505756427438E-007
  0.548387110       9.67741907E-02   1.7581252901978470E-008
  0.580645144       9.67741907E-02   5.6495889757648630E-008
  0.612903237       9.67741907E-02  -1.0342927102699911E-008
  0.645161271       9.67741907E-02   3.3399793806100700E-008
  0.677419364       9.67741907E-02  -5.3144659305076807E-008
  0.709677398       9.67741907E-02   1.3580319698609363E-008
  0.741935492       9.67741907E-02  -1.8607394561563871E-008
  0.774193525       9.67741907E-02   8.8015682975281713E-008
  0.806451619       9.67741907E-02  -1.8488798136450889E-008
  0.838709652       9.67741907E-02   5.3283322842332442E-008
  0.870967746       9.67741907E-02   4.4146888869507592E-008
  0.903225780       9.67741907E-02  -4.0098910852969407E-009
  0.935483873       9.67741907E-02   1.2070198309507627E-008
  0.967741907       9.67741907E-02   1.2479883172467340E-007
   1.00000000       9.67741907E-02   7.1990199202017178E-008
   0.00000000      0.129032254       1.2154938946951315E-006
   3.22580636E-02  0.129032254       1.1320975209110325E-006
   6.45161271E-02  0.129032254       3.0650860658978177E-007
   9.67741907E-02  0.129032254       4.7222665207432065E-007
  0.129032254      0.129032254       3.3459489991924052E-006
  0.161290318      0.129032254       1.6515920227551810E-005
  0.193548381      0.129032254       1.0653033532001935E-004
  0.225806445      0.129032254       4.5661597234856148E-004
  0.258064508      0.129032254       1.2589517440406469E-003
  0.290322572      0.129032254       2.1965499116995838E-003
  0.322580636      0.129032254       2.4099590544465906E-003
  0.354838699      0.129032254       1.7023228239577185E-003
  0.387096763      0.129032254       7.7898637850833759E-004
  0.419354826      0.129032254       2.3737897369527616E-004
  0.451612890      0.129032254       5.8320774435161863E-005
  0.483870953      0.129032254       9.5820368521272516E-006
  0.516129017      0.129032254      -5.8206380909388780E-008
  0.548387110      0.129032254       6.0508069750174254E-008
  0.580645144      0.129032254      -1.0278620477378072E-007
  0.612903237      0.129032254       4.6958618857975171E-008
  0.645161271      0.129032254      -1.1312146513010827E-008
  0.677419364      0.129032254       7.0410002156260467E-008
  0.709677398      0.129032254       1.3890285917734399E-008
  0.741935492      0.129032254       2.3096580680425458E-008
  0.774193525      0.129032254      -7.0258361232618639E-008
  0.806451619      0.129032254       7.1912731978632344E-009
  0.838709652      0.129032254      -4.5591317593038077E-009
  0.870967746      0.129032254      -7.7819459256766048E-008
  0.903225780      0.129032254       4.3091500396637484E-008
  0.935483873      0.129032254      -1.8770683906545953E-008
  0.967741907      0.129032254      -1.2563316964139678E-007
   1.00000000      0.129032254      -9.9247641870652644E-008
   0.00000000      0.161290318      -8.1370905791129656E-007
   3.22580636E-02  0.161290318      -7.4796257179414240E-008
   6.45161271E-02  0.161290318       8.3245208137319806E-007
   9.67741907E-02  0.161290318       4.3070604695764511E-006
  0.129032254      0.161290318       2.3287714212535033E-005
  0.161290318      0.161290318       1.3916099366044753E-004
  0.193548381      0.161290318       6.4201441376057571E-004
  0.225806445      0.161290318       2.2181352582467001E-003
  0.258064508      0.161290318       5.6327424033581026E-003
  0.290322572      0.161290318       9.5997650167901800E-003
  0.322580636      0.161290318       1.0271145489695693E-002
  0.354838699      0.161290318       6.9639021193855753E-003
  0.387096763      0.161290318       3.2160335945558565E-003
  0.419354826      0.161290318       1.1241005020275771E-003
  0.451612890      0.161290318       2.9475009015764690E-004
  0.483870953      0.161290318       5.4222539712069107E-005
  0.516129017      0.161290318       8.2437209504363866E-006
  0.548387110      0.161290318       8.1580939652322928E-007
  0.580645144      0.161290318      -5.7788268374772223E-008
  0.612903237      0.161290318       1.6745249723159039E-007
  0.645161271      0.161290318      -8.1420372703157635E-008
  0.677419364      0.161290318       4.9975477148036080E-008
  0.709677398      0.161290318      -8.8452518403169290E-008
  0.741935492      0.161290318       7.4836475606969369E-008
  0.774193525      0.161290318       2.6510307587410482E-008
  0.806451619      0.161290318       4.8345794882482311E-008
  0.838709652      0.161290318      -6.5787673140651856E-009
  0.870967746      0.161290318       1.1235782791760629E-007
  0.903225780      0.161290318      -5.5707624559723717E-008
  0.935483873      0.161290318       5.0235977507535098E-008
  0.967741907      0.161290318       1.4935307546571296E-007
   1.00000000      0.161290318       1.3676423211713583E-007
   0.00000000      0.193548381       9.6339701254570894E-007
   3.22580636E-02  0.193548381       4.1374298774054950E-007
   6.45161271E-02  0.193548381       1.1942515033038093E-007
   9.67741907E-02  0.193548381       8.2084039903066009E-006
  0.129032254      0.193548381       6.2366579371514461E-005
  0.161290318      0.193548381       4.0334475467297633E-004
  0.193548381      0.193548381       1.9336840062112736E-003
  0.225806445      0.193548381       6.8708539845887765E-003
  0.258064508      0.193548381       1.7026341898385231E-002
  0.290322572      0.193548381       2.7595991271953991E-002
  0.322580636      0.193548381       2.9594319226711290E-002
  0.354838699      0.193548381       2.1882142766955902E-002
  0.387096763      0.193548381       1.1528437511376511E-002
  0.419354826      0.193548381       4.2864321205552062E-003
  0.451612890      0.193548381       1.0995881424146533E-003
  0.483870953      0.193548381       1.9856723221903835E-004
  0.516129017      0.193548381       2.3428407788096568E-005
  0.548387110      0.193548381       1.2578732853900483E-006
  0.580645144      0.193548381      -3.3490692042592186E-007
  0.612903237      0.193548381       1.2493665092079885E-007
  0.645161271      0.193548381      -9.4510927871931393E-008
  0.677419364      0.193548381       1.3055381964207779E-007
  0.709677398      0.193548381      -8.4577202126175749E-010
  0.741935492      0.193548381       2.4424950841344101E-008
  0.774193525      0.193548381      -7.2499294150694626E-008
  0.806451619      0.193548381       8.6753206035441790E-009
  0.838709652      0.193548381      -2.0751567987452584E-008
  0.870967746      0.193548381      -7.9268918220396941E-008
  0.903225780      0.193548381       5.3736347025494594E-008
  0.935483873      0.193548381      -3.4144331939761589E-008
  0.967741907      0.193548381      -1.7552940314536847E-007
   1.00000000      0.193548381      -1.4253678327708865E-007
   0.00000000      0.225806445      -7.9061595879586228E-007
   3.22580636E-02  0.225806445      -9.1363887891597518E-008
   6.45161271E-02  0.225806445       3.0677571803352051E-007
   9.67741907E-02  0.225806445       2.4538327592558400E-006
  0.129032254      0.225806445       2.5944421620580985E-005
  0.161290318      0.225806445       2.6874384448544408E-004
  0.193548381      0.225806445       1.8728839651173889E-003
  0.225806445      0.225806445       8.2512983255030523E-003
  0.258064508      0.225806445       2.1786503526481048E-002
  0.290322572      0.225806445       3.5645670557116406E-002
  0.322580636      0.225806445       3.9053556049244445E-002
  0.354838699      0.225806445       2.9432267911665522E-002
  0.387096763      0.225806445       1.4160167703811536E-002
  0.419354826      0.225806445       4.1819550416909686E-003
  0.451612890      0.225806445       7.8204482450239569E-004
  0.483870953      0.225806445       9.0275877905431117E-005
  0.516129017      0.225806445       6.1422680379877027E-006
  0.548387110      0.225806445       4.8039552568055779E-007
  0.580645144      0.225806445      -3.1673755610872049E-008
  0.612903237      0.225806445       2.6834505226770221E-007
  0.645161271      0.225806445      -8.8314467400897378E-008
  0.677419364      0.225806445       8.4176123568167898E-008
  0.709677398      0.225806445      -1.2689719000792632E-007
  0.741935492      0.225806445       1.2534521010589085E-007
  0.774193525      0.225806445      -2.0115728031806175E-008
  0.806451619      0.225806445       8.6892200998570138E-008
  0.838709652      0.225806445      -2.1063099104735541E-008
  0.870967746      0.225806445       1.2829485751503823E-007
  0.903225780      0.225806445      -6.1281936005812656E-008
  0.935483873      0.225806445       6.4392778066007995E-008
  0.967741907      0.225806445       2.0509315512526538E-007
   1.00000000      0.225806445       1.6175900026899004E-007
   0.00000000      0.258064508       9.9690580264040118E-007
   3.22580636E-02  0.258064508       1.9372508252178148E-007
   6.45161271E-02  0.258064508       1.9736112382311783E-008
   9.67741907E-02  0.258064508       4.3772987548239173E-006
  0.129032254      0.258064508       4.0083716592548892E-005
  0.161290318      0.258064508       3.1822809584269260E-004
  0.193548381      0.258064508       1.7231343182752940E-003
  0.225806445      0.258064508       6.2170229463005778E-003
  0.258064508      0.258064508       1.5816501761148797E-002
  0.290322572      0.258064508       2.6879225105991354E-002
  0.322580636      0.258064508       2.8821686296111600E-002
  0.354838699      0.258064508       1.8050977095276640E-002
  0.387096763      0.258064508       6.5442887803964069E-003
  0.419354826      0.258064508       1.6540414523739052E-003
  0.451612890      0.258064508       3.3716525893237316E-004
  0.483870953      0.258064508       5.5487058831895985E-005
  0.516129017      0.258064508       5.7763164960116634E-006
  0.548387110      0.258064508       7.9612815941919921E-007
  0.580645144      0.258064508      -7.1597337071384789E-007
  0.612903237      0.258064508       3.1933824300217151E-007
  0.645161271      0.258064508      -2.6808460635355185E-007
  0.677419364      0.258064508       2.5811399281281128E-007
  0.709677398      0.258064508      -1.1670813921599753E-007
  0.741935492      0.258064508       1.0602612408206214E-007
  0.774193525      0.258064508      -1.2170456108981512E-007
  0.806451619      0.258064508       4.9799989640047135E-008
  0.838709652      0.258064508      -5.9390929656409737E-008
  0.870967746      0.258064508      -3.6380404195534712E-008
  0.903225780      0.258064508      -8.3184949034594656E-010
  0.935483873      0.258064508       1.6747654278160525E-012
  0.967741907      0.258064508      -2.5832725786057728E-007
   1.00000000      0.258064508      -1.3151016511021781E-007
   0.00000000      0.290322572      -8.2255913661201674E-007
   3.22580636E-02  0.290322572      -5.1385041212882098E-007
   6.45161271E-02  0.290322572       2.2288812243574200E-006
   9.67741907E-02  0.290322572       1.4581215271219553E-005
  0.129032254      0.290322572       1.1085953833536023E-004
  0.161290318      0.290322572       6.7975430542215921E-004
  0.193548381      0.290322572       2.8714825209296148E-003
  0.225806445      0.290322572       8.9506426425814273E-003
  0.258064508      0.290322572       2.0273999713852194E-002
  0.290322572      0.290322572       3.1912484882302694E-002
  0.322580636      0.290322572       3.3524711301721223E-002
  0.354838699      0.290322572       2.3307914227787583E-002
  0.387096763      0.290322572       1.1335410489014689E-002
  0.419354826      0.290322572       3.9416322821513739E-003
  0.451612890      0.290322572       9.7305305623826143E-004
  0.483870953      0.290322572       1.6887786019294400E-004
  0.516129017      0.290322572       1.8839511131394046E-005
  0.548387110      0.290322572       1.3211144356277756E-006
  0.580645144      0.290322572      -5.0384478428737740E-007
  0.612903237      0.290322572       6.5322059778554261E-007
  0.645161271      0.290322572      -6.0399115859145469E-008
  0.677419364      0.290322572       7.1480237088736179E-008
  0.709677398      0.290322572      -9.4821957741805544E-008
  0.741935492      0.290322572       1.1190949267276597E-007
  0.774193525      0.290322572      -3.2031064158852974E-008
  0.806451619      0.290322572       9.7528707538263083E-008
  0.838709652      0.290322572      -3.9867379720430890E-008
  0.870967746      0.290322572       1.3320549350021578E-007
  0.903225780      0.290322572      -5.4803514728908336E-008
  0.935483873      0.290322572       7.1026776855048406E-008
  0.967741907      0.290322572       2.5265424599880243E-007
   1.00000000      0.290322572       1.4043308181048821E-007
   0.00000000      0.322580636       1.8301064061416406E-006
   3.22580636E-02  0.322580636       4.3756189521711180E-007
   6.45161271E-02  0.322580636       1.7097343637809813E-006
   9.67741907E-02  0.322580636       1.7358083239942112E-005
  0.129032254      0.322580636       1.3926545349006464E-004
  0.161290318      0.322580636       7.9748911479907505E-004
  0.193548381      0.322580636       3.4641420470632543E-003
  0.225806445      0.322580636       1.1290633503389604E-002
  0.258064508      0.322580636       2.5553167934857898E-002
  0.290322572      0.322580636       3.8975767027890705E-002
  0.322580636      0.322580636       4.1505663756867130E-002
  0.354838699      0.322580636       3.1314477764802826E-002
  0.387096763      0.322580636       1.6227517615744876E-002
  0.419354826      0.322580636       5.8074846015261300E-003
  0.451612890      0.322580636       1.4883942938852129E-003
  0.483870953      0.322580636       2.8041154554968989E-004
  0.516129017      0.322580636       3.8820215659924534E-005
  0.548387110      0.322580636       2.7911491304650791E-006
  0.580645144      0.322580636      -9.4313682681986928E-008
  0.612903237      0.322580636       4.8476169783772530E-007
  0.645161271      0.322580636       5.8685546461087753E-008
  0.677419364      0.322580636       1.5339683916531552E-008
  0.709677398      0.322580636       4.8405190361782962E-008
  0.741935492      0.322580636      -3.8589244929121922E-008
  0.774193525      0.322580636       1.1851758235669183E-008
  0.806451619      0.322580636      -4.2975013318475078E-008
  0.838709652      0.322580636       9.8707879428681784E-009
  0.870967746      0.322580636      -7.2849472315881890E-008
  0.903225780      0.322580636       2.0891022365215797E-008
  0.935483873      0.322580636      -3.3421844983357272E-008
  0.967741907      0.322580636      -2.8070751858571367E-007
   1.00000000      0.322580636      -1.0204153081678965E-007
   0.00000000      0.354838699      -5.3998938151777084E-007
   3.22580636E-02  0.354838699      -3.9728641033057181E-008
   6.45161271E-02  0.354838699       5.2285279531068467E-007
   9.67741907E-02  0.354838699       1.1820902220993340E-005
  0.129032254      0.354838699       8.6601421545566025E-005
  0.161290318      0.354838699       5.3396935803739511E-004
  0.193548381      0.354838699       2.5472747244885854E-003
  0.225806445      0.354838699       8.7022323056396844E-003
  0.258064508      0.354838699       2.0271269706812398E-002
  0.290322572      0.354838699       3.2057094012069409E-002
  0.322580636      0.354838699       3.5114913233044172E-002
  0.354838699      0.354838699       2.6396851921515450E-002
  0.387096763      0.354838699       1.3316433499682461E-002
  0.419354826      0.354838699       4.6195120346525535E-003
  0.451612890      0.354838699       1.1656238468560570E-003
  0.483870953      0.354838699       2.2497323772478273E-004
  0.516129017      0.354838699       3.5830331494856847E-005
  0.548387110      0.354838699       4.5020822467208486E-006
  0.580645144      0.354838699       2.0323822907998529E-006
  0.612903237      0.354838699       6.4630741732984709E-007
  0.645161271      0.354838699       2.1697259942494962E-007
  0.677419364      0.354838699      -1.2726998407207239E-007
  0.709677398      0.354838699       6.9447132768965099E-008
  0.741935492      0.354838699      -3.6514852416479674E-008
  0.774193525      0.354838699       6.7981918089785386E-008
  0.806451619      0.354838699      -4.2726895922733588E-009
  0.838709652      0.354838699       5.7181215548331517E-008
  0.870967746      0.354838699       3.0116141266560003E-008
  0.903225780      0.354838699       3.2203497545037528E-008
  0.935483873      0.354838699       1.7173821345499456E-008
  0.967741907      0.354838699       3.2026396133997875E-007
   1.00000000      0.354838699       8.2261337694714033E-008
   0.00000000      0.387096763       1.3410861868399355E-006
   3.22580636E-02  0.387096763       1.0864042911773044E-006
   6.45161271E-02  0.387096763      -1.9972426466642567E-007
   9.67741907E-02  0.387096763       4.2431218712262022E-006
  0.129032254      0.387096763       3.7681853521514283E-005
  0.161290318      0.387096763       2.5731279590300929E-004
  0.193548381      0.387096763       1.2659788610702768E-003
  0.225806445      0.387096763       4.2847558565162870E-003
  0.258064508      0.387096763       1.0154478241058357E-002
  0.290322572      0.387096763       1.6622717141496279E-002
  0.322580636      0.387096763       1.8324985119883487E-002
  0.354838699      0.387096763       1.3156665253910817E-002
  0.387096763      0.387096763       6.1686270894834817E-003
  0.419354826      0.387096763       2.0020877432247912E-003
  0.451612890      0.387096763       4.7596599584915299E-004
  0.483870953      0.387096763       8.5143639630505660E-005
  0.516129017      0.387096763       1.5357993312073486E-005
  0.548387110      0.387096763       1.8699611040450351E-006
  0.580645144      0.387096763       1.5895467832067855E-006
  0.612903237      0.387096763       8.7363871327544974E-007
  0.645161271      0.387096763      -3.6532116886272241E-008
  0.677419364      0.387096763      -4.2363219267424826E-008
  0.709677398      0.387096763       6.3143247942042139E-008
  0.741935492      0.387096763      -5.0120808155563160E-008
  0.774193525      0.387096763       3.9395245155805939E-008
  0.806451619      0.387096763      -6.8647102485547243E-008
  0.838709652      0.387096763       2.9386526853008617E-008
  0.870967746      0.387096763      -7.1133136283103156E-008
  0.903225780      0.387096763       2.1313074180432057E-008
  0.935483873      0.387096763      -3.2334733362300776E-008
  0.967741907      0.387096763      -2.9930056308498257E-007
   1.00000000      0.387096763      -4.8919825172344289E-008
   0.00000000      0.419354826      -6.6272801523058598E-007
   3.22580636E-02  0.419354826       7.4397136601534632E-007
   6.45161271E-02  0.419354826      -3.3012214316217831E-007
   9.67741907E-02  0.419354826       2.6059750648883325E-006
  0.129032254      0.419354826       1.6910904331224667E-005
  0.161290318      0.419354826       1.0884802214547825E-004
  0.193548381      0.419354826       4.6682984318511807E-004
  0.225806445      0.419354826       1.4881957503263508E-003
  0.258064508      0.419354826       3.4711754712687080E-003
  0.290322572      0.419354826       5.6856355125163146E-003
  0.322580636      0.419354826       6.1494972114065705E-003
  0.354838699      0.419354826       4.2020998700875332E-003
  0.387096763      0.419354826       1.8650009960553050E-003
  0.419354826      0.419354826       5.6929408867364246E-004
  0.451612890      0.419354826       1.2069809052224685E-004
  0.483870953      0.419354826       2.1344986812274633E-005
  0.516129017      0.419354826       3.9783915873134953E-006
  0.548387110      0.419354826       1.6586465633676861E-006
  0.580645144      0.419354826       9.5619037860203426E-007
  0.612903237      0.419354826       2.6077259952752855E-007
  0.645161271      0.419354826      -7.1073170915003581E-008
  0.677419364      0.419354826       7.9459406910788522E-008
  0.709677398      0.419354826      -8.9785697139547269E-008
  0.741935492      0.419354826       6.6552706004359896E-008
  0.774193525      0.419354826      -4.5295141761126771E-008
  0.806451619      0.419354826       7.7966990967518993E-008
  0.838709652      0.419354826      -1.3451721187800208E-008
  0.870967746      0.419354826       6.8820907818871892E-008
  0.903225780      0.419354826      -8.2169481353466899E-009
  0.935483873      0.419354826       3.6730695104853625E-008
  0.967741907      0.419354826       3.2792157639427498E-007
   1.00000000      0.419354826       2.1113790818815926E-008
   0.00000000      0.451612890       1.2187525679665312E-006
   3.22580636E-02  0.451612890       4.2176009908242009E-007
   6.45161271E-02  0.451612890       3.3296062827013843E-007
   9.67741907E-02  0.451612890       6.0073173461563990E-007
  0.129032254      0.451612890       9.9788243236741699E-006
  0.161290318      0.451612890       3.7301718202443082E-005
  0.193548381      0.451612890       1.2993669659080333E-004
  0.225806445      0.451612890       3.7705815164631621E-004
  0.258064508      0.451612890       8.3585814900637254E-004
  0.290322572      0.451612890       1.3476768273750948E-003
  0.322580636      0.451612890       1.4482627920695572E-003
  0.354838699      0.451612890       9.8489423961850412E-004
  0.387096763      0.451612890       4.2523543004577264E-004
  0.419354826      0.451612890       1.1932993144152456E-004
  0.451612890      0.451612890       2.2834794185689023E-005
  0.483870953      0.451612890       7.4741247723675858E-006
  0.516129017      0.451612890       1.8845706440642040E-006
  0.548387110      0.451612890       1.0131126882726537E-006
  0.580645144      0.451612890       4.0426599139393271E-008
  0.612903237      0.451612890       4.4232586120721194E-009
  0.645161271      0.451612890      -2.0885793328743495E-008
  0.677419364      0.451612890      -2.7549556847668397E-008
  0.709677398      0.451612890       4.0293743344547305E-008
  0.741935492      0.451612890      -2.0533894469528190E-008
  0.774193525      0.451612890       3.4807252141911433E-008
  0.806451619      0.451612890      -4.5274929945135867E-008
  0.838709652      0.451612890       1.9016662078314022E-008
  0.870967746      0.451612890      -5.9205222896942383E-008
  0.903225780      0.451612890       3.9247674332770026E-008
  0.935483873      0.451612890      -4.0871390816631268E-008
  0.967741907      0.451612890      -3.3162398015220228E-007
   1.00000000      0.451612890       2.6460989297518312E-008
   0.00000000      0.483870953      -3.3909295868595072E-007
   3.22580636E-02  0.483870953      -1.3710959253145623E-007
   6.45161271E-02  0.483870953       1.7803946473956295E-007
   9.67741907E-02  0.483870953       4.2419348242494205E-007
  0.129032254      0.483870953       2.5441395080890326E-006
  0.161290318      0.483870953       8.9602254995217491E-006
  0.193548381      0.483870953       2.6830510946192845E-005
  0.225806445      0.483870953       6.4570740034952426E-005
  0.258064508      0.483870953       1.3468689035050070E-004
  0.290322572      0.483870953       2.2196056379554735E-004
  0.322580636      0.483870953       2.5533016787507415E-004
  0.354838699      0.483870953       1.8086520824421034E-004
  0.387096763      0.483870953       7.5081359034332777E-005
  0.419354826      0.483870953       2.0237270610886797E-005
  0.451612890      0.483870953       6.8169806577881241E-006
  0.483870953      0.483870953       2.9685510263540939E-006
  0.516129017      0.483870953       2.7890026436661766E-007
  0.548387110      0.483870953      -9.9968943485651795E-009
  0.580645144      0.483870953      -4.2939536466672416E-008
  0.612903237      0.483870953      -1.9390105019399825E-008
  0.645161271      0.483870953       6.2276561412186949E-008
  0.677419364      0.483870953      -8.9276040462518719E-009
  0.709677398      0.483870953       3.2500026123048668E-009
  0.741935492      0.483870953      -2.0325421826664373E-008
  0.774193525      0.483870953       3.5309327312781850E-009
  0.806451619      0.483870953       8.2071231835388129E-009
  0.838709652      0.483870953       2.8652811048191947E-008
  0.870967746      0.483870953       2.2853567430813562E-008
  0.903225780      0.483870953       4.8580539638527145E-009
  0.935483873      0.483870953       1.7135806566975006E-008
  0.967741907      0.483870953       3.7889623989047399E-007
   1.00000000      0.483870953      -6.4682532376489701E-008
   0.00000000      0.516129017       4.9438113485680934E-007
   3.22580636E-02  0.516129017       1.1741121183622151E-007
   6.45161271E-02  0.516129017      -2.0045880632619306E-008
   9.67741907E-02  0.516129017      -1.7872648218527240E-007
  0.129032254      0.516129017      -2.3509976939406418E-007
  0.161290318      0.516129017       1.6318573603833558E-006
  0.193548381      0.516129017       3.3885256319323687E-006
  0.225806445      0.516129017       6.6885874126989304E-006
  0.258064508      0.516129017       1.4157126569942962E-005
  0.290322572      0.516129017       2.7340098937548386E-005
  0.322580636      0.516129017       3.5748083357966286E-005
  0.354838699      0.516129017       2.7922853740830528E-005
  0.387096763      0.516129017       1.2460736697569394E-005
  0.419354826      0.516129017       4.6174884784337403E-006
  0.451612890      0.516129017       1.7731125506335203E-006
  0.483870953      0.516129017       6.1537547000344015E-007
  0.516129017      0.516129017       5.1678815894262234E-008
  0.548387110      0.516129017      -6.0139001684385372E-009
  0.580645144      0.516129017       4.9810886426900124E-008
  0.612903237      0.516129017       2.0276608945900093E-008
  0.645161271      0.516129017      -8.5302390071582335E-008
  0.677419364      0.516129017       2.6251403347222483E-008
  0.709677398      0.516129017      -2.9672304720078792E-008
  0.741935492      0.516129017       6.0398506808021315E-008
  0.774193525      0.516129017      -1.7081576443123716E-008
  0.806451619      0.516129017       1.8677639662228365E-008
  0.838709652      0.516129017      -2.7667079808328671E-008
  0.870967746      0.516129017      -1.1397936791230267E-009
  0.903225780      0.516129017       1.0183638897977317E-009
  0.935483873      0.516129017      -5.9390217369382049E-009
  0.967741907      0.516129017      -3.6933725083618629E-007
   1.00000000      0.516129017       1.1266868819142637E-007
   0.00000000      0.548387110      -5.5786027127792313E-007
   3.22580636E-02  0.548387110      -1.5979168059283620E-007
   6.45161271E-02  0.548387110      -9.5821111236346442E-010
   9.67741907E-02  0.548387110       1.7994297567326282E-007
  0.129032254      0.548387110       1.7460885184466931E-008
  0.161290318      0.548387110       6.4702539836428216E-008
  0.193548381      0.548387110       1.5049874675154532E-007
  0.225806445      0.548387110       3.2762567110770511E-007
  0.258064508      0.548387110       1.2763092723650974E-006
  0.290322572      0.548387110       2.2522611667830650E-006
  0.322580636      0.548387110       3.8401711357886860E-006
  0.354838699      0.548387110       3.7020275296993571E-006
  0.387096763      0.548387110       2.3657480900227172E-006
  0.419354826      0.548387110       8.3418487491479979E-007
  0.451612890      0.548387110       1.9607548638207015E-007
  0.483870953      0.548387110       2.4874858785275149E-007
  0.516129017      0.548387110       5.7669039932032302E-009
  0.548387110      0.548387110      -1.7297744829218254E-008
  0.580645144      0.548387110      -3.0423883467814425E-008
  0.612903237      0.548387110      -2.4046236633035289E-008
  0.645161271      0.548387110       8.8701328463025776E-008
  0.677419364      0.548387110      -1.8836568876796606E-008
  0.709677398      0.548387110       2.7699126262828129E-008
  0.741935492      0.548387110      -4.4891340458325998E-008
  0.774193525      0.548387110       2.8709921989714246E-009
  0.806451619      0.548387110       1.0761475897186395E-008
  0.838709652      0.548387110       1.5084270510412827E-008
  0.870967746      0.548387110       1.9315116693818529E-008
  0.903225780      0.548387110       2.8646028208050221E-010
  0.935483873      0.548387110       1.7149526753846713E-008
  0.967741907      0.548387110       3.7362128493576376E-007
   1.00000000      0.548387110      -1.4315073001201358E-007
   0.00000000      0.580645144       5.1953891685839292E-007
   3.22580636E-02  0.580645144       1.3536247305314987E-007
   6.45161271E-02  0.580645144      -4.2939874398831788E-008
   9.67741907E-02  0.580645144      -1.8134279578472029E-007
  0.129032254      0.580645144      -2.0886899451138527E-008
  0.161290318      0.580645144      -1.3618392239411929E-008
  0.193548381      0.580645144       4.4186558245848913E-008
  0.225806445      0.580645144      -1.0076637856349371E-007
  0.258064508      0.580645144      -2.6952145854743010E-008
  0.290322572      0.580645144       2.0470514142585588E-008
  0.322580636      0.580645144       4.0667093653302178E-007
  0.354838699      0.580645144       7.9180184173453839E-007
  0.387096763      0.580645144       1.3007996656601356E-007
  0.419354826      0.580645144      -1.1321146230239765E-007
  0.451612890      0.580645144       1.5774523608870451E-008
  0.483870953      0.580645144       6.4051352528465539E-008
  0.516129017      0.580645144      -2.1108800229827173E-008
  0.548387110      0.580645144      -3.0594985846454975E-009
  0.580645144      0.580645144       5.8205981289315898E-008
  0.612903237      0.580645144      -1.6393678080139962E-008
  0.645161271      0.580645144      -2.4418494543164952E-008
  0.677419364      0.580645144      -5.4138347631552093E-008
  0.709677398      0.580645144       3.9577462099554667E-008
  0.741935492      0.580645144      -8.0456278947208674E-009
  0.774193525      0.580645144       5.2544113570272532E-008
  0.806451619      0.580645144      -5.0131317238481636E-008
  0.838709652      0.580645144       2.7893161971989791E-008
  0.870967746      0.580645144      -3.4250254121114039E-008
  0.903225780      0.580645144       3.6670930224404666E-008
  0.935483873      0.580645144      -4.0818596453488225E-008
  0.967741907      0.580645144      -3.2317255198718762E-007
   1.00000000      0.580645144       1.8043188227804842E-007
   0.00000000      0.612903237      -4.8181763879021844E-007
   3.22580636E-02  0.612903237      -1.4564429313707837E-007
   6.45161271E-02  0.612903237       7.8618060589242495E-008
   9.67741907E-02  0.612903237       1.5003900086757250E-007
  0.129032254      0.612903237       2.3223494174841233E-008
  0.161290318      0.612903237       1.0245651135490064E-008
  0.193548381      0.612903237      -1.4536800392463992E-008
  0.225806445      0.612903237       6.6098773502296929E-008
  0.258064508      0.612903237       1.7048861232780054E-008
  0.290322572      0.612903237       1.9571324444641367E-008
  0.322580636      0.612903237      -2.0973585621348800E-008
  0.354838699      0.612903237      -2.1858236694987518E-007
  0.387096763      0.612903237       1.1258934384078860E-008
  0.419354826      0.612903237       7.0330634653504400E-008
  0.451612890      0.612903237       4.2295707904953450E-008
  0.483870953      0.612903237      -8.8558994341943995E-008
  0.516129017      0.612903237       3.1522979589193558E-008
  0.548387110      0.612903237      -6.0450140811115859E-008
  0.580645144      0.612903237      -1.0715057517465793E-009
  0.612903237      0.612903237      -3.3630405850613704E-008
  0.645161271      0.612903237       6.0809202339506307E-008
  0.677419364      0.612903237       1.8931774736695575E-008
  0.709677398      0.612903237       1.0848951571395480E-008
  0.741935492      0.612903237      -2.1740693473696059E-008
  0.774193525      0.612903237      -1.6720378036257396E-008
  0.806451619      0.612903237       4.0345617078143875E-008
  0.838709652      0.612903237      -3.8554616560455003E-009
  0.870967746      0.612903237       2.6124373931132926E-008
  0.903225780      0.612903237      -9.8206762592327097E-009
  0.935483873      0.612903237       3.6254361228402971E-008
  0.967741907      0.612903237       3.2171400210409490E-007
   1.00000000      0.612903237      -2.0982537251456872E-007
   0.00000000      0.645161271       4.4366635945193345E-007
   3.22580636E-02  0.645161271       1.2564071295898047E-007
   6.45161271E-02  0.645161271      -9.4490542373309061E-008
   9.67741907E-02  0.645161271      -1.6224841876507395E-007
  0.129032254      0.645161271      -1.3571966630012197E-008
  0.161290318      0.645161271      -1.3327052679627231E-008
  0.193548381      0.645161271       4.7112937224105770E-008
  0.225806445      0.645161271      -5.0486715256003975E-008
  0.258064508      0.645161271       3.5754122580771445E-008
  0.290322572      0.645161271      -9.3003511368390064E-009
  0.322580636      0.645161271       6.2986203472983781E-008
  0.354838699      0.645161271       1.4631222805759636E-007
  0.387096763      0.645161271      -6.7514787098310035E-009
  0.419354826      0.645161271      -7.4891284631451392E-008
  0.451612890      0.645161271      -2.5282790213964809E-008
  0.483870953      0.645161271       6.6518167643295805E-008
  0.516129017      0.645161271      -8.3045859066456758E-009
  0.548387110      0.645161271       2.7797783695578724E-008
  0.580645144      0.645161271       4.6775503870414629E-008
  0.612903237      0.645161271      -1.9782757896046070E-008
  0.645161271      0.645161271      -6.9833002343359340E-009
  0.677419364      0.645161271      -4.4937537228762241E-008
  0.709677398      0.645161271       2.8175524784794964E-009
  0.741935492      0.645161271       2.2886190164452305E-008
  0.774193525      0.645161271       1.6726938499039233E-008
  0.806451619      0.645161271      -2.6770639844344361E-008
  0.838709652      0.645161271      -4.6779950466235842E-009
  0.870967746      0.645161271      -3.4480150679053905E-009
  0.903225780      0.645161271       5.7848783659213237E-009
  0.935483873      0.645161271      -2.8792502993689709E-008
  0.967741907      0.645161271      -2.9934634821595367E-007
   1.00000000      0.645161271       2.4380186671966878E-007
   0.00000000      0.677419364      -4.1524940507405908E-007
   3.22580636E-02  0.677419364      -1.3799647726840158E-007
   6.45161271E-02  0.677419364       1.3683728036949465E-007
   9.67741907E-02  0.677419364       1.4863479812685080E-007
  0.129032254      0.677419364       4.8831536123891202E-008
  0.161290318      0.677419364      -1.8029368975032288E-008
  0.193548381      0.677419364       7.3377448323253843E-009
  0.225806445      0.677419364       4.1194624432018622E-009
  0.258064508      0.677419364       2.1760072391967422E-008
  0.290322572      0.677419364      -5.7007530884145033E-009
  0.322580636      0.677419364      -1.7174603165026839E-008
  0.354838699      0.677419364      -8.3986313970454468E-008
  0.387096763      0.677419364       2.7786069559094735E-008
  0.419354826      0.677419364       8.5732557392357161E-008
  0.451612890      0.677419364       2.0638295201239448E-008
  0.483870953      0.677419364      -5.9746960062858156E-008
  0.516129017      0.677419364       1.4899786912503172E-008
  0.548387110      0.677419364      -3.8035484075579186E-008
  0.580645144      0.677419364      -2.7027451059525362E-008
  0.612903237      0.677419364      -7.2242050394335310E-009
  0.645161271      0.677419364       3.1154067696955313E-008
  0.677419364      0.677419364       2.8638019560570697E-008
  0.709677398      0.677419364       1.7690873751729970E-008
  0.741935492      0.677419364      -1.8055455743245595E-008
  0.774193525      0.677419364      -1.2249841176906722E-008
  0.806451619      0.677419364       4.2766776645175602E-008
  0.838709652      0.677419364       1.0806009308017606E-008
  0.870967746      0.677419364      -8.3384584708159684E-009
  0.903225780      0.677419364       2.6514548969781538E-008
  0.935483873      0.677419364       2.3655334905304691E-008
  0.967741907      0.677419364       3.1090403143283502E-007
   1.00000000      0.677419364      -2.5352878422009389E-007
   0.00000000      0.709677398       4.0491003607153369E-007
   3.22580636E-02  0.709677398       1.3262549872881594E-007
   6.45161271E-02  0.709677398      -1.4914576619781346E-007
   9.67741907E-02  0.709677398      -1.6413451066411558E-007
  0.129032254      0.709677398      -4.1250908791565253E-008
  0.161290318      0.709677398       1.6707793815483680E-008
  0.193548381      0.709677398       1.2253225570873023E-008
  0.225806445      0.709677398       5.2253106841100807E-009
  0.258064508      0.709677398       4.3053344133425683E-009
  0.290322572      0.709677398       9.0657106668657771E-009
  0.322580636      0.709677398       3.5378835442526599E-008
  0.354838699      0.709677398       8.2077288695922151E-008
  0.387096763      0.709677398      -2.0290055210159528E-008
  0.419354826      0.709677398      -5.1322214015329083E-008
  0.451612890      0.709677398      -9.9564591816564038E-009
  0.483870953      0.709677398       6.4760634370805523E-008
  0.516129017      0.709677398      -1.3885189890135755E-008
  0.548387110      0.709677398       4.2836673806361416E-008
  0.580645144      0.709677398       3.0909829796510422E-008
  0.612903237      0.709677398       3.5052927853017302E-009
  0.645161271      0.709677398      -1.7935165473276637E-009
  0.677419364      0.709677398      -4.3969415869035725E-008
  0.709677398      0.709677398       6.8131009470718314E-009
  0.741935492      0.709677398      -1.0314336101487931E-008
  0.774193525      0.709677398       3.3267210154828263E-008
  0.806451619      0.709677398      -5.3039994265141326E-008
  0.838709652      0.709677398       2.0119464814775470E-008
  0.870967746      0.709677398       7.5399616831124593E-010
  0.903225780      0.709677398      -5.0249177783084000E-009
  0.935483873      0.709677398      -3.0060481900484131E-008
  0.967741907      0.709677398      -2.7794702224676576E-007
   1.00000000      0.709677398       2.6264754900784547E-007
   0.00000000      0.741935492      -3.9696907135997726E-007
   3.22580636E-02  0.741935492      -1.3520991041691562E-007
   6.45161271E-02  0.741935492       1.6206185597350226E-007
   9.67741907E-02  0.741935492       1.7549111656376757E-007
  0.129032254      0.741935492       4.5651923293198843E-008
  0.161290318      0.741935492       4.8774815207877759E-009
  0.193548381      0.741935492      -2.1647982161142288E-008
  0.225806445      0.741935492       2.3652217260132436E-008
  0.258064508      0.741935492      -7.7241054675209261E-009
  0.290322572      0.741935492       2.1566903163329263E-008
  0.322580636      0.741935492      -2.8770181137043049E-008
  0.354838699      0.741935492      -2.8820406321431199E-008
  0.387096763      0.741935492       5.4823046958106191E-009
  0.419354826      0.741935492       7.7230533285030966E-008
  0.451612890      0.741935492      -8.4943064386990542E-009
  0.483870953      0.741935492      -3.3507742497642413E-008
  0.516129017      0.741935492       4.4080967837685036E-009
  0.548387110      0.741935492      -3.4211095346151020E-008
  0.580645144      0.741935492      -2.1447869656840628E-008
  0.612903237      0.741935492       1.2219998671710904E-010
  0.645161271      0.741935492      -1.9872334820509697E-009
  0.677419364      0.741935492       4.1157045932007194E-008
  0.709677398      0.741935492       1.7153432756839681E-008
  0.741935492      0.741935492       6.6662162656698169E-009
  0.774193525      0.741935492       4.1502153591094745E-009
  0.806451619      0.741935492       3.0657725404681463E-008
  0.838709652      0.741935492       8.1696254911726323E-009
  0.870967746      0.741935492      -1.8911005785272954E-008
  0.903225780      0.741935492       3.0682915009344521E-008
  0.935483873      0.741935492       2.0785004295770301E-008
  0.967741907      0.741935492       2.7756490078145369E-007
   1.00000000      0.741935492      -2.6381041200309912E-007
   0.00000000      0.774193525       3.9291993083485326E-007
   3.22580636E-02  0.774193525       1.5920352510236644E-007
   6.45161271E-02  0.774193525      -1.6693392425657138E-007
   9.67741907E-02  0.774193525      -1.6659586769215484E-007
  0.129032254      0.774193525      -5.6947891879016809E-008
  0.161290318      0.774193525       2.4344578870459910E-009
  0.193548381      0.774193525       3.0576469004843648E-008
  0.225806445      0.774193525      -1.8281988862908529E-008
  0.258064508      0.774193525       1.8880057449819256E-009
  0.290322572      0.774193525       1.6167197284646482E-008
  0.322580636      0.774193525      -3.8530914338654410E-009
  0.354838699      0.774193525       5.7529454340099363E-008
  0.387096763      0.774193525      -1.2967628050364125E-008
  0.419354826      0.774193525      -4.2509032468754211E-008
  0.451612890      0.774193525       2.7707543768792996E-008
  0.483870953      0.774193525       2.2111705291691983E-008
  0.516129017      0.774193525       3.6208892850871107E-008
  0.548387110      0.774193525       1.5011287737265580E-008
  0.580645144      0.774193525       4.3783898598333536E-008
  0.612903237      0.774193525      -7.7669924372961844E-009
  0.645161271      0.774193525       1.9507262540426609E-008
  0.677419364      0.774193525      -3.5377754578346376E-008
  0.709677398      0.774193525      -1.6180941018863472E-008
  0.741935492      0.774193525      -1.3365629667517276E-008
  0.774193525      0.774193525       8.8928611485934672E-009
  0.806451619      0.774193525      -3.4574698025515829E-008
  0.838709652      0.774193525       8.3272412656079906E-009
  0.870967746      0.774193525       2.5518416830334196E-008
  0.903225780      0.774193525      -1.9623144111150333E-008
  0.935483873      0.774193525      -1.9258570550836033E-008
  0.967741907      0.774193525      -2.4316427238357352E-007
   1.00000000      0.774193525       2.6665938383304480E-007
   0.00000000      0.806451619      -3.8225664052009451E-007
   3.22580636E-02  0.806451619      -1.7974956387358866E-007
   6.45161271E-02  0.806451619       1.7385873443476521E-007
   9.67741907E-02  0.806451619       1.4558791794210089E-007
  0.129032254      0.806451619       1.0880328248674649E-007
  0.161290318      0.806451619      -3.9121470318815811E-008
  0.193548381      0.806451619       1.8235985514840380E-008
  0.225806445      0.806451619      -1.2900373730733404E-008
  0.258064508      0.806451619       3.6448589236458501E-008
  0.290322572      0.806451619      -1.8691240582885394E-008
  0.322580636      0.806451619       2.8463943696868095E-008
  0.354838699      0.806451619      -4.9402123375078568E-008
  0.387096763      0.806451619       4.9175125802683452E-008
  0.419354826      0.806451619       6.3750574454122844E-009
  0.451612890      0.806451619       1.7535169948923175E-008
  0.483870953      0.806451619      -5.0577068222745391E-008
  0.516129017      0.806451619       1.3887009392410727E-008
  0.548387110      0.806451619      -6.2888189569161563E-008
  0.580645144      0.806451619       1.8184223377566012E-008
  0.612903237      0.806451619      -2.7055532006660204E-008
  0.645161271      0.806451619       2.8330345045257970E-008
  0.677419364      0.806451619       7.0488306004384906E-009
  0.709677398      0.806451619       4.2901762031749441E-008
  0.741935492      0.806451619       8.1483632706846508E-009
  0.774193525      0.806451619       1.3610807899586122E-008
  0.806451619      0.806451619       2.4573958940864040E-008
  0.838709652      0.806451619       1.0487198566736148E-008
  0.870967746      0.806451619      -2.7134032732305041E-008
  0.903225780      0.806451619       3.7481293350218571E-008
  0.935483873      0.806451619       2.8188370976992673E-008
  0.967741907      0.806451619       2.1883553911433127E-007
   1.00000000      0.806451619      -2.3716154333361364E-007
   0.00000000      0.838709652       3.8935333931345261E-007
   3.22580636E-02  0.838709652       1.7375452908029078E-007
   6.45161271E-02  0.838709652      -1.1034940925579281E-007
   9.67741907E-02  0.838709652      -1.8259465992346871E-007
  0.129032254      0.838709652      -5.0693176413121387E-008
  0.161290318      0.838709652      -2.0087771530021970E-008
  0.193548381      0.838709652       5.3706572803107640E-008
  0.225806445      0.838709652      -3.5148527035749784E-008
  0.258064508      0.838709652       2.6582010251970325E-008
  0.290322572      0.838709652      -1.9177253195111606E-008
  0.322580636      0.838709652       1.9333676024059536E-008
  0.354838699      0.838709652       1.3019313999829526E-008
  0.387096763      0.838709652       7.3500900215437582E-011
  0.419354826      0.838709652      -2.0414292534344144E-008
  0.451612890      0.838709652       1.2572334226803728E-008
  0.483870953      0.838709652       4.0746696919957087E-008
  0.516129017      0.838709652       7.8579423514632748E-009
  0.548387110      0.838709652       6.9317066518058929E-008
  0.580645144      0.838709652      -4.9427327856755198E-009
  0.612903237      0.838709652       1.1092503079304450E-008
  0.645161271      0.838709652      -9.4308358242500776E-009
  0.677419364      0.838709652      -1.9642296257964185E-008
  0.709677398      0.838709652       4.9916793118062623E-010
  0.741935492      0.838709652      -3.7115758682302226E-008
  0.774193525      0.838709652       3.1966734814675043E-008
  0.806451619      0.838709652      -5.9021435006964000E-008
  0.838709652      0.838709652       3.5723175705820916E-008
  0.870967746      0.838709652       3.8979602304000349E-009
  0.903225780      0.838709652      -2.3968896941466577E-008
  0.935483873      0.838709652      -2.6509485409946276E-008
  0.967741907      0.838709652      -1.8002752267563021E-007
   1.00000000      0.838709652       2.1859488242069040E-007
   0.00000000      0.870967746      -3.7020498502691246E-007
   3.22580636E-02  0.870967746      -1.7365528169993682E-007
   6.45161271E-02  0.870967746       9.0976565499555420E-008
   9.67741907E-02  0.870967746       1.6267549050310459E-007
  0.129032254      0.870967746       7.0414559905726468E-008
  0.161290318      0.870967746      -9.6763729663156138E-009
  0.193548381      0.870967746       1.1188463273975774E-008
  0.225806445      0.870967746      -2.1122500779638287E-008
  0.258064508      0.870967746       4.3025718781098904E-008
  0.290322572      0.870967746      -3.2223665199923202E-008
  0.322580636      0.870967746       5.2458424982146688E-008
  0.354838699      0.870967746      -5.7347979379061844E-008
  0.387096763      0.870967746       6.9520620698324298E-008
  0.419354826      0.870967746      -3.3882230762237173E-008
  0.451612890      0.870967746       5.1676255421136097E-008
  0.483870953      0.870967746      -6.6230031063613853E-008
  0.516129017      0.870967746       2.6363012232947818E-008
  0.548387110      0.870967746      -7.5164436964016552E-008
  0.580645144      0.870967746       2.5079910665613208E-008
  0.612903237      0.870967746       8.0565835386130803E-010
  0.645161271      0.870967746       2.2686536651256503E-008
  0.677419364      0.870967746       9.8387039594279850E-009
  0.709677398      0.870967746       3.7483740569758886E-008
  0.741935492      0.870967746      -1.6783486691503274E-008
  0.774193525      0.870967746       4.6996855382375803E-008
  0.806451619      0.870967746      -8.5626592540569289E-009
  0.838709652      0.870967746       4.2201635671699472E-008
  0.870967746      0.870967746      -5.0847320971208905E-008
  0.903225780      0.870967746       7.5935361568039535E-008
  0.935483873      0.870967746       4.8943682398554677E-010
  0.967741907      0.870967746       1.8151083847828635E-007
   1.00000000      0.870967746      -1.8931664448201676E-007
   0.00000000      0.903225780       3.3207154694522808E-007
   3.22580636E-02  0.903225780       1.9514630144013582E-007
   6.45161271E-02  0.903225780      -1.0247302369852609E-007
   9.67741907E-02  0.903225780      -7.9554053128704981E-008
  0.129032254      0.903225780      -1.1311185616180278E-007
  0.161290318      0.903225780       8.2324175945760066E-008
  0.193548381      0.903225780      -7.8361783570468396E-008
  0.225806445      0.903225780       9.6051226230934404E-008
  0.258064508      0.903225780      -9.2152850872589774E-008
  0.290322572      0.903225780       9.5141495142857348E-008
  0.322580636      0.903225780      -8.1353667094910794E-008
  0.354838699      0.903225780       9.4373281665486689E-008
  0.387096763      0.903225780      -7.5246271501221451E-008
  0.419354826      0.903225780       5.7660600719237428E-008
  0.451612890      0.903225780      -4.5575161810267612E-008
  0.483870953      0.903225780       8.7808901255259626E-008
  0.516129017      0.903225780      -5.0392672182204253E-008
  0.548387110      0.903225780       1.2371730734300678E-007
  0.580645144      0.903225780      -7.9018829999145985E-008
  0.612903237      0.903225780       6.9752109365659888E-008
  0.645161271      0.903225780      -6.9056992861355737E-008
  0.677419364      0.903225780       5.3592624572560895E-008
  0.709677398      0.903225780      -7.8669667982916671E-008
  0.741935492      0.903225780       7.2910016496497191E-008
  0.774193525      0.903225780      -7.9209465135779419E-008
  0.806451619      0.903225780       6.4830738839459132E-008
  0.838709652      0.903225780      -8.7311145297961180E-008
  0.870967746      0.903225780       1.0819906345196882E-007
  0.903225780      0.903225780      -1.0641914904082437E-007
  0.935483873      0.903225780       4.3398611050890403E-008
  0.967741907      0.903225780      -1.7055034492381273E-007
   1.00000000      0.903225780       1.6995893805262680E-007
   0.00000000      0.935483873      -2.5669599201685975E-007
   3.22580636E-02  0.935483873      -1.8173305610417173E-007
   6.45161271E-02  0.935483873       9.3408124814474759E-008
   9.67741907E-02  0.935483873       5.2227409643532365E-008
  0.129032254      0.935483873       9.7479131249749710E-008
  0.161290318      0.935483873      -6.2390256015130940E-008
  0.193548381      0.935483873       8.1825030482637477E-008
  0.225806445      0.935483873      -1.0606888225361024E-007
  0.258064508      0.935483873       1.2412491850133834E-007
  0.290322572      0.935483873      -1.3036805427398335E-007
  0.322580636      0.935483873       1.4187547801781051E-007
  0.354838699      0.935483873      -1.5846304436733721E-007
  0.387096763      0.935483873       1.7962583397382647E-007
  0.419354826      0.935483873      -1.7474469783461670E-007
  0.451612890      0.935483873       1.9091592243090246E-007
  0.483870953      0.935483873      -2.1026088737210194E-007
  0.516129017      0.935483873       2.0177526502513382E-007
  0.548387110      0.935483873      -2.2790313438131786E-007
  0.580645144      0.935483873       2.0279906447437496E-007
  0.612903237      0.935483873      -1.7168983439401863E-007
  0.645161271      0.935483873       1.7617015273276557E-007
  0.677419364      0.935483873      -1.4660137204573404E-007
  0.709677398      0.935483873       1.7195127915547328E-007
  0.741935492      0.935483873      -1.3166640946689815E-007
  0.774193525      0.935483873       1.1661808796618038E-007
  0.806451619      0.935483873      -6.6657715789751033E-008
  0.838709652      0.935483873       6.8025228835783524E-008
  0.870967746      0.935483873      -5.4740647284446783E-008
  0.903225780      0.935483873       5.5778168890359250E-008
  0.935483873      0.935483873      -2.0265054071209394E-009
  0.967741907      0.935483873       1.3339323910054739E-007
   1.00000000      0.935483873      -1.2166936338531830E-007
   0.00000000      0.967741907       2.2916084626345151E-007
   3.22580636E-02  0.967741907      -2.6248985805020038E-008
   6.45161271E-02  0.967741907       1.8577031232092588E-007
   9.67741907E-02  0.967741907      -3.3215531278188406E-007
  0.129032254      0.967741907       3.1074000341671850E-007
  0.161290318      0.967741907      -3.9090335422761351E-007
  0.193548381      0.967741907       4.5942357090394229E-007
  0.225806445      0.967741907      -4.9257528941710263E-007
  0.258064508      0.967741907       5.6856242290480091E-007
  0.290322572      0.967741907      -6.0153656147150475E-007
  0.322580636      0.967741907       6.5857885514929071E-007
  0.354838699      0.967741907      -6.7555019898586007E-007
  0.387096763      0.967741907       7.3281729620994194E-007
  0.419354826      0.967741907      -7.5843896535189847E-007
  0.451612890      0.967741907       8.0311959171746423E-007
  0.483870953      0.967741907      -8.0113332005196770E-007
  0.516129017      0.967741907       8.3394070238307861E-007
  0.548387110      0.967741907      -8.0596344045267954E-007
  0.580645144      0.967741907       8.2731891437461271E-007
  0.612903237      0.967741907      -8.1826239741949416E-007
  0.645161271      0.967741907       8.1533853966868284E-007
  0.677419364      0.967741907      -7.8749632846183381E-007
  0.709677398      0.967741907       7.4203137541740973E-007
  0.741935492      0.967741907      -7.1168963288038273E-007
  0.774193525      0.967741907       6.8342442132281194E-007
  0.806451619      0.967741907      -6.3518188516674586E-007
  0.838709652      0.967741907       5.7083889722386241E-007
  0.870967746      0.967741907      -4.7599306484859335E-007
  0.903225780      0.967741907       3.8963438367397993E-007
  0.935483873      0.967741907      -3.0827432370907495E-007
  0.967741907      0.967741907       1.2107749770834718E-007
   1.00000000      0.967741907       1.2503006340110625E-008
   0.00000000       1.00000000      -1.1324576947805321E-007
   3.22580636E-02   1.00000000       1.0772037203605535E-007
   6.45161271E-02   1.00000000      -2.0594841782157200E-007
   9.67741907E-02   1.00000000       3.0332919480899714E-007
  0.129032254       1.00000000      -3.2802985327157073E-007
  0.161290318       1.00000000       4.0349365991023654E-007
  0.193548381       1.00000000      -4.5375913450519484E-007
  0.225806445       1.00000000       4.9946019140756563E-007
  0.258064508       1.00000000      -5.4514363058409588E-007
  0.290322572       1.00000000       5.8905684185250206E-007
  0.322580636       1.00000000      -6.0736149258488744E-007
  0.354838699       1.00000000       6.2121280498502027E-007
  0.387096763       1.00000000      -6.1879783186123110E-007
  0.419354826       1.00000000       6.3010998909587802E-007
  0.451612890       1.00000000      -6.2102559259791192E-007
  0.483870953       1.00000000       6.2481111473809626E-007
  0.516129017       1.00000000      -6.1289695631059646E-007
  0.548387110       1.00000000       6.0672566714106623E-007
  0.580645144       1.00000000      -5.8290529659079193E-007
  0.612903237       1.00000000       5.7137970007874643E-007
  0.645161271       1.00000000      -5.3751151340778070E-007
  0.677419364       1.00000000       5.1849605229181160E-007
  0.709677398       1.00000000      -4.7081240714417635E-007
  0.741935492       1.00000000       4.4817815295124563E-007
  0.774193525       1.00000000      -3.9693719955258398E-007
  0.806451619       1.00000000       3.5713236063894729E-007
  0.838709652       1.00000000      -2.9392575757768113E-007
  0.870967746       1.00000000       2.4442268219968087E-007
  0.903225780       1.00000000      -1.8032793600206806E-007
  0.935483873       1.00000000       1.4196226358659389E-007
  0.967741907       1.00000000      -4.9810775472902253E-008
   1.00000000       1.00000000       3.7428167539882442E-009
