 # X Y F 
   0.00000000       0.00000000       2.4045345745092054E-008
   3.22580636E-02   0.00000000       5.4936719114386651E-007
   6.45161271E-02   0.00000000      -6.7977308310981202E-007
   9.67741907E-02   0.00000000       1.6369429330661973E-006
  0.129032254       0.00000000      -3.4798634032502395E-007
  0.161290318       0.00000000       2.9570012912285409E-006
  0.193548381       0.00000000       3.7746380405984789E-006
  0.225806445       0.00000000       5.6360612261283635E-006
  0.258064508       0.00000000       4.8289526068848192E-006
  0.290322572       0.00000000       3.4402209840201679E-006
  0.322580636       0.00000000       1.4749735263104250E-006
  0.354838699       0.00000000       1.0861037539107858E-006
  0.387096763       0.00000000      -7.9163197845746018E-008
  0.419354826       0.00000000       2.4961697001079210E-007
  0.451612890       0.00000000      -2.5595232188013586E-007
  0.483870953       0.00000000       2.9561354455788356E-007
  0.516129017       0.00000000      -3.2378669105471862E-007
  0.548387110       0.00000000       3.4105360301826245E-007
  0.580645144       0.00000000      -3.4203013642294151E-007
  0.612903237       0.00000000       3.4994874670050317E-007
  0.645161271       0.00000000      -3.3788951015122014E-007
  0.677419364       0.00000000       3.5083825748187753E-007
  0.709677398       0.00000000      -3.3673176379986953E-007
  0.741935492       0.00000000       3.3870057937357659E-007
  0.774193525       0.00000000      -3.2925522911531367E-007
  0.806451619       0.00000000       3.2012665605261540E-007
  0.838709652       0.00000000      -3.0301029183118063E-007
  0.870967746       0.00000000       2.7508154365032859E-007
  0.903225780       0.00000000      -2.3518988334228819E-007
  0.935483873       0.00000000       1.8325425384653727E-007
  0.967741907       0.00000000      -1.3491653416821295E-007
   1.00000000       0.00000000       3.6880330839164173E-008
   0.00000000       3.22580636E-02  -1.2152242521763929E-007
   3.22580636E-02   3.22580636E-02   9.5897244627546956E-007
   6.45161271E-02   3.22580636E-02  -3.8486552992622482E-007
   9.67741907E-02   3.22580636E-02   2.3485341267291573E-006
  0.129032254       3.22580636E-02   5.8159605676408326E-006
  0.161290318       3.22580636E-02   2.3076109373158382E-005
  0.193548381       3.22580636E-02   4.8387644396243887E-005
  0.225806445       3.22580636E-02   7.1049467585111245E-005
  0.258064508       3.22580636E-02   6.4844314167560732E-005
  0.290322572       3.22580636E-02   4.2857360083586266E-005
  0.322580636       3.22580636E-02   1.7938382836660394E-005
  0.354838699       3.22580636E-02   6.8390850873023527E-006
  0.387096763       3.22580636E-02   1.5872371293743319E-006
  0.419354826       3.22580636E-02   2.4072553364031361E-007
  0.451612890       3.22580636E-02  -1.7640133497753374E-007
  0.483870953       3.22580636E-02   3.0723777746787588E-007
  0.516129017       3.22580636E-02  -2.7494666121669588E-007
  0.548387110       3.22580636E-02   3.4697867961917709E-007
  0.580645144       3.22580636E-02  -3.5180009714058242E-007
  0.612903237       3.22580636E-02   3.9391953266805342E-007
  0.645161271       3.22580636E-02  -4.1813351820431160E-007
  0.677419364       3.22580636E-02   4.3805303296726120E-007
  0.709677398       3.22580636E-02  -4.6495584027291354E-007
  0.741935492       3.22580636E-02   4.7059314724151478E-007
  0.774193525       3.22580636E-02  -4.4941656239518998E-007
  0.806451619       3.22580636E-02   4.5280505186746511E-007
  0.838709652       3.22580636E-02  -4.2732313735995823E-007
  0.870967746       3.22580636E-02   4.1823095171136920E-007
  0.903225780       3.22580636E-02  -3.5656418906362664E-007
  0.935483873       3.22580636E-02   2.9590640574929809E-007
  0.967741907       3.22580636E-02  -1.5430579669972077E-007
   1.00000000       3.22580636E-02   9.7012932653204335E-008
   0.00000000       6.45161271E-02   8.0131246516132342E-007
   3.22580636E-02   6.45161271E-02   4.5815550543300660E-007
   6.45161271E-02   6.45161271E-02   7.1455278270578315E-007
   9.67741907E-02   6.45161271E-02   7.4277600157985240E-006
  0.129032254       6.45161271E-02   4.5751099242074570E-005
  0.161290318       6.45161271E-02   1.7162670349409997E-004
  0.193548381       6.45161271E-02   3.9419783859378501E-004
  0.225806445       6.45161271E-02   5.6854300646288429E-004
  0.258064508       6.45161271E-02   5.3649991942912850E-004
  0.290322572       6.45161271E-02   3.4319944393463409E-004
  0.322580636       6.45161271E-02   1.4906608379954800E-004
  0.354838699       6.45161271E-02   3.9279133212368336E-005
  0.387096763       6.45161271E-02   7.3043842523628307E-006
  0.419354826       6.45161271E-02   1.0559940101246771E-006
  0.451612890       6.45161271E-02   6.1706796556311122E-008
  0.483870953       6.45161271E-02  -5.9115388786826237E-008
  0.516129017       6.45161271E-02   1.7562500926943401E-008
  0.548387110       6.45161271E-02  -1.0521069184034173E-009
  0.580645144       6.45161271E-02  -2.8259396171258805E-008
  0.612903237       6.45161271E-02   5.5378759469431213E-008
  0.645161271       6.45161271E-02  -5.8726471986064175E-008
  0.677419364       6.45161271E-02   9.7465082634237187E-008
  0.709677398       6.45161271E-02  -6.9995858820556234E-008
  0.741935492       6.45161271E-02   8.0313047383826969E-008
  0.774193525       6.45161271E-02  -9.1482005378785501E-008
  0.806451619       6.45161271E-02   8.2735028268353446E-008
  0.838709652       6.45161271E-02  -8.3981077090500392E-008
  0.870967746       6.45161271E-02   6.2446852148535429E-008
  0.903225780       6.45161271E-02  -5.7676600922483829E-008
  0.935483873       6.45161271E-02   3.2404702270393420E-008
  0.967741907       6.45161271E-02  -6.9988123102557810E-008
   1.00000000       6.45161271E-02  -2.9091818742613056E-008
   0.00000000       9.67741907E-02  -3.3561359316251797E-007
   3.22580636E-02   9.67741907E-02   1.7616125124611489E-006
   6.45161271E-02   9.67741907E-02   7.9044797996606946E-006
   9.67741907E-02   9.67741907E-02   5.5827954540147661E-005
  0.129032254       9.67741907E-02   2.7979956211788410E-004
  0.161290318       9.67741907E-02   9.4753089713566125E-004
  0.193548381       9.67741907E-02   2.1355881114043171E-003
  0.225806445       9.67741907E-02   3.1120612937440939E-003
  0.258064508       9.67741907E-02   2.9161057300784035E-003
  0.290322572       9.67741907E-02   1.7719203239013378E-003
  0.322580636       9.67741907E-02   7.0135302171476523E-004
  0.354838699       9.67741907E-02   1.8931758607506312E-004
  0.387096763       9.67741907E-02   3.5301532739453090E-005
  0.419354826       9.67741907E-02   2.4640314043084056E-006
  0.451612890       9.67741907E-02   8.7136984212577371E-007
  0.483870953       9.67741907E-02   2.2218139355646333E-008
  0.516129017       9.67741907E-02   9.8372731075762009E-008
  0.548387110       9.67741907E-02  -1.2868887640692679E-008
  0.580645144       9.67741907E-02   5.5185416933608027E-008
  0.612903237       9.67741907E-02  -1.3697584977264466E-008
  0.645161271       9.67741907E-02   1.6789712009378184E-008
  0.677419364       9.67741907E-02  -1.9905295575975750E-008
  0.709677398       9.67741907E-02  -1.5227694315106577E-008
  0.741935492       9.67741907E-02   2.9037453590673525E-008
  0.774193525       9.67741907E-02  -1.5206175243437742E-009
  0.806451619       9.67741907E-02   1.8171555312534067E-008
  0.838709652       9.67741907E-02   5.6115781003593053E-009
  0.870967746       9.67741907E-02   1.4940364467228122E-008
  0.903225780       9.67741907E-02   1.3707372577537515E-008
  0.935483873       9.67741907E-02  -5.7701335600322418E-009
  0.967741907       9.67741907E-02   7.0715948641567827E-008
   1.00000000       9.67741907E-02   5.0650161329655967E-008
   0.00000000      0.129032254       2.0908698683545241E-006
   3.22580636E-02  0.129032254       6.5748773944113729E-006
   6.45161271E-02  0.129032254       4.8212424838399505E-005
   9.67741907E-02  0.129032254       3.1119086403631014E-004
  0.129032254      0.129032254       1.3852839928309654E-003
  0.161290318      0.129032254       4.3481940578210627E-003
  0.193548381      0.129032254       9.3846403735276911E-003
  0.225806445      0.129032254       1.3432909583730824E-002
  0.258064508      0.129032254       1.2566698164062548E-002
  0.290322572      0.129032254       7.7752760729950755E-003
  0.322580636      0.129032254       3.3132970143666890E-003
  0.354838699      0.129032254       1.0058615631015155E-003
  0.387096763      0.129032254       2.1301696807432755E-004
  0.419354826      0.129032254       3.3095561507561165E-005
  0.451612890      0.129032254       2.2952166939405741E-006
  0.483870953      0.129032254       2.0301659741706443E-007
  0.516129017      0.129032254      -9.1487185833657821E-008
  0.548387110      0.129032254       7.4373842773847326E-008
  0.580645144      0.129032254      -5.2114388433216030E-008
  0.612903237      0.129032254       3.9996345939217797E-008
  0.645161271      0.129032254      -1.7192361071815750E-008
  0.677419364      0.129032254       4.6168129521878418E-008
  0.709677398      0.129032254       6.3469218499009058E-009
  0.741935492      0.129032254       3.5016564153026678E-009
  0.774193525      0.129032254      -2.7801065705350116E-008
  0.806451619      0.129032254       1.1732826740597249E-008
  0.838709652      0.129032254      -7.9753201650740586E-009
  0.870967746      0.129032254      -3.8741709931638767E-008
  0.903225780      0.129032254       2.6835888239000779E-008
  0.935483873      0.129032254      -2.1375373328903761E-008
  0.967741907      0.129032254      -5.6804910561416908E-008
   1.00000000      0.129032254      -6.3469439113679632E-008
   0.00000000      0.161290318       3.2965289131897053E-007
   3.22580636E-02  0.161290318       6.8399633215213377E-006
   6.45161271E-02  0.161290318       7.4235694667608752E-005
   9.67741907E-02  0.161290318       5.8332036515328848E-004
  0.129032254      0.161290318       3.0661384844218624E-003
  0.161290318      0.161290318       1.0651358067233482E-002
  0.193548381      0.161290318       2.3602669261139034E-002
  0.225806445      0.161290318       3.3753206614635378E-002
  0.258064508      0.161290318       3.2222771035769600E-002
  0.290322572      0.161290318       2.0960699116095691E-002
  0.322580636      0.161290318       9.1899850728949864E-003
  0.354838699      0.161290318       2.6340202475627419E-003
  0.387096763      0.161290318       4.8790390198009557E-004
  0.419354826      0.161290318       5.7253834579528325E-005
  0.451612890      0.161290318       1.8850148651755001E-006
  0.483870953      0.161290318       1.0159938908519487E-006
  0.516129017      0.161290318      -1.9544527557556088E-007
  0.548387110      0.161290318       2.0523180622017894E-007
  0.580645144      0.161290318      -9.8006233868520647E-008
  0.612903237      0.161290318       1.1021891464350972E-007
  0.645161271      0.161290318      -6.4368912877209182E-008
  0.677419364      0.161290318       3.7370668228285336E-008
  0.709677398      0.161290318      -5.7990468113991367E-008
  0.741935492      0.161290318       4.7393539872800222E-008
  0.774193525      0.161290318       6.2965977493552686E-010
  0.806451619      0.161290318       1.9970407652942977E-008
  0.838709652      0.161290318       3.9830817265551417E-009
  0.870967746      0.161290318       4.2736352094941196E-008
  0.903225780      0.161290318      -2.0846599851551232E-008
  0.935483873      0.161290318       2.3212185668024530E-008
  0.967741907      0.161290318       7.5693432309832470E-008
   1.00000000      0.161290318       6.3736017002845943E-008
   0.00000000      0.193548381       1.7622363605741431E-006
   3.22580636E-02  0.193548381       1.0945135613303640E-005
   6.45161271E-02  0.193548381       1.0887456987329583E-004
   9.67741907E-02  0.193548381       7.8833207787349572E-004
  0.129032254      0.193548381       3.9771777232752766E-003
  0.161290318      0.193548381       1.3480049297099929E-002
  0.193548381      0.193548381       2.9905105677372559E-002
  0.225806445      0.193548381       4.3293366231083937E-002
  0.258064508      0.193548381       4.0791295282819787E-002
  0.290322572      0.193548381       2.4417380664169135E-002
  0.322580636      0.193548381       9.2405664666474954E-003
  0.354838699      0.193548381       2.2939565039862783E-003
  0.387096763      0.193548381       3.8993948426342353E-004
  0.419354826      0.193548381       4.7201496281103843E-005
  0.451612890      0.193548381       1.5313912667053537E-006
  0.483870953      0.193548381       1.7711302742336741E-006
  0.516129017      0.193548381       1.3957262505250804E-007
  0.548387110      0.193548381       9.0593096270011843E-008
  0.580645144      0.193548381      -1.0499777339283420E-007
  0.612903237      0.193548381       9.4401433922068865E-008
  0.645161271      0.193548381      -6.1411675330282531E-008
  0.677419364      0.193548381       7.5573574070951585E-008
  0.709677398      0.193548381      -5.4714659365190731E-009
  0.741935492      0.193548381       1.6123339522875212E-008
  0.774193525      0.193548381      -3.5034282451276448E-008
  0.806451619      0.193548381       7.0082553648231727E-009
  0.838709652      0.193548381      -1.8147508366855237E-008
  0.870967746      0.193548381      -2.9802187868018345E-008
  0.903225780      0.193548381       2.4425106668648724E-008
  0.935483873      0.193548381      -2.8528544800134997E-008
  0.967741907      0.193548381      -6.2958752963655595E-008
   1.00000000      0.193548381      -6.3940744641877730E-008
   0.00000000      0.225806445       1.3832495963087616E-006
   3.22580636E-02  0.225806445       2.0244358566958028E-005
   6.45161271E-02  0.225806445       1.9251775131755912E-004
   9.67741907E-02  0.225806445       1.2441553091971115E-003
  0.129032254      0.225806445       5.5239946668630283E-003
  0.161290318      0.225806445       1.7001779665618000E-002
  0.193548381      0.225806445       3.5739755977991443E-002
  0.225806445      0.225806445       5.0600203188409812E-002
  0.258064508      0.225806445       4.7084219172380946E-002
  0.290322572      0.225806445       2.8783151902696612E-002
  0.322580636      0.225806445       1.2041506068081650E-002
  0.354838699      0.225806445       3.4904876189902805E-003
  0.387096763      0.225806445       6.9461021394955991E-004
  0.419354826      0.225806445       9.2451681491729137E-005
  0.451612890      0.225806445       5.1369512602756575E-006
  0.483870953      0.225806445       2.0819540424596938E-006
  0.516129017      0.225806445       2.5250769191161282E-008
  0.548387110      0.225806445      -3.9109782811111684E-008
  0.580645144      0.225806445       1.7950622994321238E-008
  0.612903237      0.225806445       3.4446015606087819E-008
  0.645161271      0.225806445      -2.3642663972579387E-008
  0.677419364      0.225806445       2.0179644991351491E-008
  0.709677398      0.225806445      -5.9316297628938294E-008
  0.741935492      0.225806445       5.0026132820888524E-008
  0.774193525      0.225806445      -4.1029507715348428E-010
  0.806451619      0.225806445       3.5746895353791810E-008
  0.838709652      0.225806445      -5.6940214929344397E-009
  0.870967746      0.225806445       5.7374848337897702E-008
  0.903225780      0.225806445      -3.2730123931601761E-008
  0.935483873      0.225806445       3.6499168573494174E-008
  0.967741907      0.225806445       7.9391866789639084E-008
   1.00000000      0.225806445       6.1736698210106028E-008
   0.00000000      0.258064508       2.1862583626192350E-006
   3.22580636E-02  0.258064508       1.9144238419339882E-005
   6.45161271E-02  0.258064508       1.8624884425418376E-004
   9.67741907E-02  0.258064508       1.2117587114670910E-003
  0.129032254      0.258064508       5.4993144451703285E-003
  0.161290318      0.258064508       1.7242408287814460E-002
  0.193548381      0.258064508       3.6239357288650381E-002
  0.225806445      0.258064508       5.0980216367880672E-002
  0.258064508      0.258064508       4.8402157619018858E-002
  0.290322572      0.258064508       3.1056176864098690E-002
  0.322580636      0.258064508       1.3407459563801263E-002
  0.354838699      0.258064508       3.9235160519032943E-003
  0.387096763      0.258064508       7.9233149818491451E-004
  0.419354826      0.258064508       1.1339563023322557E-004
  0.451612890      0.258064508       9.1298980977887747E-006
  0.483870953      0.258064508       2.9575402070948104E-006
  0.516129017      0.258064508       1.5445375351575269E-007
  0.548387110      0.258064508      -2.1869437939616685E-008
  0.580645144      0.258064508       1.8101464353805272E-008
  0.612903237      0.258064508       4.3543752627970583E-008
  0.645161271      0.258064508      -4.0195603262817919E-008
  0.677419364      0.258064508       6.7194428264633981E-008
  0.709677398      0.258064508      -1.1319037883719162E-008
  0.741935492      0.258064508       2.1611134585763554E-008
  0.774193525      0.258064508      -4.8600730479572253E-008
  0.806451619      0.258064508       1.5923504441235763E-008
  0.838709652      0.258064508      -3.5353862992405476E-008
  0.870967746      0.258064508      -6.8356997935532085E-009
  0.903225780      0.258064508      -3.4626888540066960E-009
  0.935483873      0.258064508      -8.5686815661324430E-009
  0.967741907      0.258064508      -1.0032246641887468E-007
   1.00000000      0.258064508      -5.7138620367732297E-008
   0.00000000      0.290322572       1.0745276643293413E-006
   3.22580636E-02  0.290322572       1.2326337514142069E-005
   6.45161271E-02  0.290322572       1.1036805397623524E-004
   9.67741907E-02  0.290322572       7.4143734134660491E-004
  0.129032254      0.290322572       3.4545959664812236E-003
  0.161290318      0.290322572       1.1012643235224221E-002
  0.193548381      0.290322572       2.3464166640284122E-002
  0.225806445      0.290322572       3.3483006486804100E-002
  0.258064508      0.290322572       3.2041740094641641E-002
  0.290322572      0.290322572       2.0336387968118506E-002
  0.322580636      0.290322572       8.5850711915400491E-003
  0.354838699      0.290322572       2.4608299745234531E-003
  0.387096763      0.290322572       4.8681152052242765E-004
  0.419354826      0.290322572       6.9948592317321576E-005
  0.451612890      0.290322572       7.6462226860548946E-006
  0.483870953      0.290322572       2.7877009557498691E-006
  0.516129017      0.290322572       8.8093555816296790E-008
  0.548387110      0.290322572      -7.9142063045053959E-008
  0.580645144      0.290322572       6.3874063555630476E-008
  0.612903237      0.290322572      -5.6904125959147004E-008
  0.645161271      0.290322572       2.5343703260475800E-008
  0.677419364      0.290322572      -1.0185760081686228E-008
  0.709677398      0.290322572      -2.3626208346938388E-008
  0.741935492      0.290322572       3.2225485110040967E-008
  0.774193525      0.290322572      -1.1282814582958626E-009
  0.806451619      0.290322572       3.3280021465819060E-008
  0.838709652      0.290322572      -7.3087673532302447E-010
  0.870967746      0.290322572       4.6911911928861080E-008
  0.903225780      0.290322572      -2.3944097023086529E-008
  0.935483873      0.290322572       3.4179514005808981E-008
  0.967741907      0.290322572       1.0598446921235234E-007
   1.00000000      0.290322572       6.6590761981670406E-008
   0.00000000      0.322580636       1.5243434019082543E-006
   3.22580636E-02  0.322580636       4.5517919013723027E-006
   6.45161271E-02  0.322580636       4.7206940808884270E-005
   9.67741907E-02  0.322580636       3.1787012383738912E-004
  0.129032254      0.322580636       1.4866144839152276E-003
  0.161290318      0.322580636       4.6717051853240781E-003
  0.193548381      0.322580636       9.9804526085071274E-003
  0.225806445      0.322580636       1.4367680901772841E-002
  0.258064508      0.322580636       1.3653995840951939E-002
  0.290322572      0.322580636       8.4534273538807228E-003
  0.322580636      0.322580636       3.4574102340042762E-003
  0.354838699      0.322580636       9.6069531886992278E-004
  0.387096763      0.322580636       1.8087736991750954E-004
  0.419354826      0.322580636       2.5900485672961195E-005
  0.451612890      0.322580636       5.7946435645749893E-006
  0.483870953      0.322580636       1.4677913740355468E-006
  0.516129017      0.322580636       3.0953947283493392E-007
  0.548387110      0.322580636      -7.3326668213118207E-008
  0.580645144      0.322580636       8.6913265167742329E-008
  0.612903237      0.322580636      -2.3631459045665226E-008
  0.645161271      0.322580636       4.7278611158328048E-008
  0.677419364      0.322580636      -3.2286730434057246E-008
  0.709677398      0.322580636       5.0736968230348495E-008
  0.741935492      0.322580636      -4.3440709350345203E-008
  0.774193525      0.322580636       3.0448072501828705E-008
  0.806451619      0.322580636      -3.8287823476933950E-008
  0.838709652      0.322580636       2.8506860088679533E-009
  0.870967746      0.322580636      -3.2676939103388205E-008
  0.903225780      0.322580636       1.4870027705759403E-008
  0.935483873      0.322580636      -2.8295141358268075E-008
  0.967741907      0.322580636      -1.1442420987927508E-007
   1.00000000      0.322580636      -5.7935247355163309E-008
   0.00000000      0.354838699       1.5583964842892039E-006
   3.22580636E-02  0.354838699       2.7322179586550470E-006
   6.45161271E-02  0.354838699       1.6114616803014448E-005
   9.67741907E-02  0.354838699       1.0289947758887270E-004
  0.129032254      0.354838699       4.3953154325674471E-004
  0.161290318      0.354838699       1.3388320646350079E-003
  0.193548381      0.354838699       2.8542695782230736E-003
  0.225806445      0.354838699       4.1042301247620379E-003
  0.258064508      0.354838699       3.8465280835791368E-003
  0.290322572      0.354838699       2.3320596625691506E-003
  0.322580636      0.354838699       9.3680047644364398E-004
  0.354838699      0.354838699       2.5126926069845326E-004
  0.387096763      0.354838699       4.5496661379056237E-005
  0.419354826      0.354838699       7.7195173897251473E-006
  0.451612890      0.354838699       2.8823904616871501E-006
  0.483870953      0.354838699       1.0110021760133945E-006
  0.516129017      0.354838699      -4.1267290275149416E-008
  0.548387110      0.354838699      -1.0563781169858276E-007
  0.580645144      0.354838699       5.2590338595507491E-008
  0.612903237      0.354838699      -1.0662521594361427E-007
  0.645161271      0.354838699       6.9804717973383741E-008
  0.677419364      0.354838699      -5.9460955141618325E-008
  0.709677398      0.354838699       3.3331560999114354E-008
  0.741935492      0.354838699      -2.1337143908278505E-008
  0.774193525      0.354838699       3.0566201643966458E-008
  0.806451619      0.354838699      -6.6217857538205231E-009
  0.838709652      0.354838699       4.0362235272786874E-008
  0.870967746      0.354838699       1.3366409274343538E-008
  0.903225780      0.354838699      -8.2799747895067494E-010
  0.935483873      0.354838699       3.8535687042599343E-008
  0.967741907      0.354838699       1.2358078358929938E-007
   1.00000000      0.354838699       5.2229456436033586E-008
   0.00000000      0.387096763       1.9784141755218664E-007
   3.22580636E-02  0.387096763       4.8891801361766405E-007
   6.45161271E-02  0.387096763       5.5182875647498295E-006
   9.67741907E-02  0.387096763       2.2279941337931559E-005
  0.129032254      0.387096763       8.8591641891600249E-005
  0.161290318      0.387096763       2.6268597949711837E-004
  0.193548381      0.387096763       5.4831601175937860E-004
  0.225806445      0.387096763       7.8943913062402057E-004
  0.258064508      0.387096763       7.4139711081304307E-004
  0.290322572      0.387096763       4.4804391561934295E-004
  0.322580636      0.387096763       1.7693100976077454E-004
  0.354838699      0.387096763       4.3949149973859126E-005
  0.387096763      0.387096763       1.1095096095497397E-005
  0.419354826      0.387096763       3.2034640476263792E-006
  0.451612890      0.387096763       8.1043519476484903E-007
  0.483870953      0.387096763       1.2273016781252629E-008
  0.516129017      0.387096763      -1.5673458219825076E-007
  0.548387110      0.387096763       5.2187184493940284E-008
  0.580645144      0.387096763      -5.9000947092671355E-009
  0.612903237      0.387096763       4.0195345424959015E-008
  0.645161271      0.387096763      -7.6017888122810460E-009
  0.677419364      0.387096763      -7.1193761169271642E-009
  0.709677398      0.387096763       2.1946451779524340E-008
  0.741935492      0.387096763      -2.7878982003160907E-008
  0.774193525      0.387096763       1.6315517436644958E-008
  0.806451619      0.387096763      -2.9843448898052774E-008
  0.838709652      0.387096763      -4.4282644302941341E-009
  0.870967746      0.387096763      -2.6494175627235383E-008
  0.903225780      0.387096763       2.7854045833268667E-009
  0.935483873      0.387096763      -3.1010269562238859E-008
  0.967741907      0.387096763      -1.3584080899359656E-007
   1.00000000      0.387096763      -3.1005503335258834E-008
   0.00000000      0.419354826      -1.6036521976534498E-007
   3.22580636E-02  0.419354826      -9.4112407501734140E-008
   6.45161271E-02  0.419354826       4.3650568636191691E-007
   9.67741907E-02  0.419354826       2.7925831000081377E-006
  0.129032254      0.419354826       1.3276670033352435E-005
  0.161290318      0.419354826       3.3069781733207014E-005
  0.193548381      0.419354826       6.9247349605722284E-005
  0.225806445      0.419354826       1.0437194270884293E-004
  0.258064508      0.419354826       1.0262154873164869E-004
  0.290322572      0.419354826       6.1762564259692840E-005
  0.322580636      0.419354826       2.4296490485993122E-005
  0.354838699      0.419354826       8.4023605003247368E-006
  0.387096763      0.419354826       3.0290823552526369E-006
  0.419354826      0.419354826       2.1033796093929403E-007
  0.451612890      0.419354826      -3.4577119564942859E-008
  0.483870953      0.419354826      -1.6839702296952332E-008
  0.516129017      0.419354826      -3.0933045155632610E-008
  0.548387110      0.419354826       5.0976315338508787E-008
  0.580645144      0.419354826      -5.2390913063653776E-008
  0.612903237      0.419354826      -3.2880346687750584E-008
  0.645161271      0.419354826       5.6381155275366732E-009
  0.677419364      0.419354826       5.8743026768358574E-009
  0.709677398      0.419354826      -2.2219525261947821E-008
  0.741935492      0.419354826       3.3211837705710858E-008
  0.774193525      0.419354826      -2.0708616666688026E-008
  0.806451619      0.419354826       4.2429245115076392E-008
  0.838709652      0.419354826       1.4527524065334707E-009
  0.870967746      0.419354826       4.0233433880670369E-008
  0.903225780      0.419354826      -2.9723615386195290E-008
  0.935483873      0.419354826       6.9451926955107603E-008
  0.967741907      0.419354826       1.1273751977092000E-007
   1.00000000      0.419354826       3.4551780789097852E-008
   0.00000000      0.451612890       1.4528198179143548E-007
   3.22580636E-02  0.451612890       6.5470438147990252E-009
   6.45161271E-02  0.451612890       1.0419343179689199E-007
   9.67741907E-02  0.451612890       1.7573746867283666E-007
  0.129032254      0.451612890       1.7828157204024877E-007
  0.161290318      0.451612890       2.7511348802816390E-006
  0.193548381      0.451612890       6.0795907128805606E-006
  0.225806445      0.451612890       9.5804907715398688E-006
  0.258064508      0.451612890       1.0080261201589751E-005
  0.290322572      0.451612890       7.3149965611076274E-006
  0.322580636      0.451612890       3.0831532716536629E-006
  0.354838699      0.451612890       1.7701516701010320E-006
  0.387096763      0.451612890      -7.1013191256610014E-008
  0.419354826      0.451612890      -9.3222127758337265E-008
  0.451612890      0.451612890       1.1608058147135804E-008
  0.483870953      0.451612890       5.4514803891759498E-008
  0.516129017      0.451612890       7.4107191614206494E-009
  0.548387110      0.451612890      -2.5386608354166420E-008
  0.580645144      0.451612890       3.1262284998921496E-008
  0.612903237      0.451612890       2.5584857562233853E-008
  0.645161271      0.451612890      -2.1952957240858875E-008
  0.677419364      0.451612890      -6.4182536816387590E-009
  0.709677398      0.451612890       1.2248539353592348E-008
  0.741935492      0.451612890      -1.7618221605613807E-008
  0.774193525      0.451612890       1.3958007799053264E-008
  0.806451619      0.451612890      -3.2558851652368705E-008
  0.838709652      0.451612890      -7.6832424102463305E-009
  0.870967746      0.451612890      -2.6773903134929107E-008
  0.903225780      0.451612890       2.9333343886367535E-008
  0.935483873      0.451612890      -4.3847855915652787E-008
  0.967741907      0.451612890      -1.3844453799258434E-007
   1.00000000      0.451612890      -1.0528164786139998E-008
   0.00000000      0.483870953      -1.6491416165694236E-007
   3.22580636E-02  0.483870953      -2.5089583477555059E-008
   6.45161271E-02  0.483870953      -1.0354832975785208E-007
   9.67741907E-02  0.483870953       1.1427542606287451E-007
  0.129032254      0.483870953       6.9682623126851666E-008
  0.161290318      0.483870953      -5.0508600227357583E-008
  0.193548381      0.483870953       1.1401283507167847E-007
  0.225806445      0.483870953       5.9461853208309794E-007
  0.258064508      0.483870953       9.2916309469475473E-007
  0.290322572      0.483870953       8.3653876239946069E-007
  0.322580636      0.483870953       1.3654847029049683E-007
  0.354838699      0.483870953      -5.9025302598272919E-009
  0.387096763      0.483870953      -1.4207244085763606E-007
  0.419354826      0.483870953       6.9202782909212939E-008
  0.451612890      0.483870953       2.6080954959891471E-008
  0.483870953      0.483870953      -4.5581658914801904E-008
  0.516129017      0.483870953      -3.1650334925341714E-009
  0.548387110      0.483870953       9.7493584692116786E-010
  0.580645144      0.483870953      -2.7640469987219939E-008
  0.612903237      0.483870953      -3.5910027738368163E-008
  0.645161271      0.483870953       2.7280249793725753E-008
  0.677419364      0.483870953       1.5967825225779686E-009
  0.709677398      0.483870953      -5.4720867661731425E-009
  0.741935492      0.483870953       1.6996943301501959E-009
  0.774193525      0.483870953       5.6287475568606632E-010
  0.806451619      0.483870953       2.0086937560975372E-008
  0.838709652      0.483870953       2.1022824079775263E-008
  0.870967746      0.483870953       1.7716734006012369E-008
  0.903225780      0.483870953      -2.0139220728530467E-008
  0.935483873      0.483870953       3.0155300981577319E-008
  0.967741907      0.483870953       1.6375008239918731E-007
   1.00000000      0.483870953       2.8509102265532071E-009
   0.00000000      0.516129017       1.5243013109536677E-007
   3.22580636E-02  0.516129017       1.6059253316516793E-008
   6.45161271E-02  0.516129017       5.6347071382060856E-008
   9.67741907E-02  0.516129017      -5.5909043649834914E-008
  0.129032254      0.516129017      -9.8229621165950670E-008
  0.161290318      0.516129017       1.0679341307771499E-007
  0.193548381      0.516129017       8.3673152221005884E-008
  0.225806445      0.516129017      -5.3631870454137044E-008
  0.258064508      0.516129017      -1.0632240025002781E-007
  0.290322572      0.516129017      -1.5660274830194954E-007
  0.322580636      0.516129017      -8.9159361968931719E-008
  0.354838699      0.516129017       3.0015891044071135E-008
  0.387096763      0.516129017       1.0191700828854061E-007
  0.419354826      0.516129017      -1.5967771359247277E-008
  0.451612890      0.516129017       1.2913074921538258E-008
  0.483870953      0.516129017       2.0437208649351041E-008
  0.516129017      0.516129017       1.7194295355051058E-008
  0.548387110      0.516129017      -7.0163718803636240E-009
  0.580645144      0.516129017       3.0758818701094940E-008
  0.612903237      0.516129017       2.4112648338427249E-008
  0.645161271      0.516129017      -3.8610560109418061E-008
  0.677419364      0.516129017       2.1269245602406194E-009
  0.709677398      0.516129017      -8.5407343341225021E-009
  0.741935492      0.516129017       1.9274386756868968E-008
  0.774193525      0.516129017      -1.5281878960751215E-008
  0.806451619      0.516129017       8.6619972840067417E-009
  0.838709652      0.516129017      -4.4115634801955613E-008
  0.870967746      0.516129017       5.4922829740894984E-009
  0.903225780      0.516129017       1.4046255312155063E-008
  0.935483873      0.516129017      -2.0519379311197485E-008
  0.967741907      0.516129017      -1.6771159699022813E-007
   1.00000000      0.516129017       1.2280509604601915E-008
   0.00000000      0.548387110      -1.6628690630141219E-007
   3.22580636E-02  0.548387110      -2.9450715752856114E-008
   6.45161271E-02  0.548387110      -3.0748680921116226E-008
   9.67741907E-02  0.548387110       6.6165495707378648E-008
  0.129032254      0.548387110       9.1375924259471483E-008
  0.161290318      0.548387110      -3.9627623002520365E-008
  0.193548381      0.548387110      -1.1535534996947952E-008
  0.225806445      0.548387110       4.5307666401332413E-008
  0.258064508      0.548387110       9.0917735917094032E-008
  0.290322572      0.548387110       1.3013238430297252E-007
  0.322580636      0.548387110       7.9610943144192327E-008
  0.354838699      0.548387110      -6.9269510065090278E-009
  0.387096763      0.548387110      -6.5138103571851094E-008
  0.419354826      0.548387110       2.5020329351707651E-008
  0.451612890      0.548387110      -9.9787066810657518E-009
  0.483870953      0.548387110      -2.3936723778173009E-008
  0.516129017      0.548387110       6.0216473783711495E-009
  0.548387110      0.548387110      -9.6661544689418147E-009
  0.580645144      0.548387110      -2.6017864042268491E-008
  0.612903237      0.548387110      -1.5525969598344603E-008
  0.645161271      0.548387110       3.0675706828298387E-008
  0.677419364      0.548387110       1.0524035954410948E-008
  0.709677398      0.548387110      -2.4829654627914163E-009
  0.741935492      0.548387110      -7.6483676095009070E-009
  0.774193525      0.548387110       2.0573529700786069E-009
  0.806451619      0.548387110       1.1991638166234355E-008
  0.838709652      0.548387110       2.4263669638832277E-008
  0.870967746      0.548387110       1.8208874960043961E-008
  0.903225780      0.548387110      -2.5773194117238390E-008
  0.935483873      0.548387110       2.8028469180269458E-008
  0.967741907      0.548387110       1.5933949368400654E-007
   1.00000000      0.548387110      -2.7782477220202861E-008
   0.00000000      0.580645144       1.5126900282322331E-007
   3.22580636E-02  0.580645144       1.5709607861787772E-008
   6.45161271E-02  0.580645144       1.7862100294190008E-008
   9.67741907E-02  0.580645144      -9.8604368006250718E-008
  0.129032254      0.580645144      -2.1141381339713426E-008
  0.161290318      0.580645144      -1.7318959455052852E-008
  0.193548381      0.580645144       7.5665029688500973E-008
  0.225806445      0.580645144      -4.4393390621662737E-008
  0.258064508      0.580645144       6.9252133756197789E-009
  0.290322572      0.580645144      -6.3259525848848201E-008
  0.322580636      0.580645144      -1.4988935537990977E-008
  0.354838699      0.580645144       4.3435126246543278E-008
  0.387096763      0.580645144       4.3712198118163609E-008
  0.419354826      0.580645144      -5.9519682512426990E-009
  0.451612890      0.580645144       1.1984916543712938E-008
  0.483870953      0.580645144       1.6670899862761600E-008
  0.516129017      0.580645144       8.2451413990457090E-009
  0.548387110      0.580645144      -5.7578244116283508E-009
  0.580645144      0.580645144       4.6632178645638206E-008
  0.612903237      0.580645144      -1.3764192573258957E-008
  0.645161271      0.580645144       2.3769549551755463E-009
  0.677419364      0.580645144      -4.9020933283177932E-008
  0.709677398      0.580645144       3.2641003876187681E-008
  0.741935492      0.580645144      -1.6875137616722933E-008
  0.774193525      0.580645144       2.1973821198138038E-008
  0.806451619      0.580645144      -3.3484278977129896E-008
  0.838709652      0.580645144      -5.6273299563492852E-009
  0.870967746      0.580645144      -2.5526732159904605E-008
  0.903225780      0.580645144       3.4443793790819233E-008
  0.935483873      0.580645144      -3.2647174919775704E-008
  0.967741907      0.580645144      -1.3045203288154855E-007
   1.00000000      0.580645144       5.1126926960304196E-008
   0.00000000      0.612903237      -1.4821192721494983E-007
   3.22580636E-02  0.612903237      -3.0418669711264418E-008
   6.45161271E-02  0.612903237       2.0921534110480202E-008
   9.67741907E-02  0.612903237       7.3248618541962994E-008
  0.129032254      0.612903237       5.1026845499194379E-008
  0.161290318      0.612903237      -7.4510513190134295E-009
  0.193548381      0.612903237      -6.2115463501033072E-009
  0.225806445      0.612903237       1.8252375495015141E-008
  0.258064508      0.612903237       2.3466761590365256E-008
  0.290322572      0.612903237       4.3047452362639375E-008
  0.322580636      0.612903237       2.3396287463288921E-008
  0.354838699      0.612903237      -4.5279758477408701E-008
  0.387096763      0.612903237      -1.8032963913229470E-008
  0.419354826      0.612903237       6.5246816296354692E-009
  0.451612890      0.612903237       1.2824709366493409E-008
  0.483870953      0.612903237      -4.0176279355565136E-008
  0.516129017      0.612903237       3.0005901745804241E-008
  0.548387110      0.612903237      -3.8285728022273157E-008
  0.580645144      0.612903237      -4.9210227523972675E-009
  0.612903237      0.612903237      -1.7595602436296933E-008
  0.645161271      0.612903237       2.6825524685920738E-008
  0.677419364      0.612903237       1.0606624567163083E-008
  0.709677398      0.612903237       1.3433042386981409E-008
  0.741935492      0.612903237      -1.8691991042178138E-008
  0.774193525      0.612903237       6.9630105404127775E-009
  0.806451619      0.612903237       2.4866144701271821E-008
  0.838709652      0.612903237       1.2267259730408400E-008
  0.870967746      0.612903237       2.9992881536276459E-008
  0.903225780      0.612903237      -3.8148544412543466E-008
  0.935483873      0.612903237       3.6965242773015858E-008
  0.967741907      0.612903237       1.2543325946596804E-007
   1.00000000      0.612903237      -7.6074381329707749E-008
   0.00000000      0.645161271       1.4596081162953238E-007
   3.22580636E-02  0.645161271       2.5672399416760706E-008
   6.45161271E-02  0.645161271      -3.4051491633538127E-008
   9.67741907E-02  0.645161271      -7.2885864292060432E-008
  0.129032254      0.645161271      -4.5050484002985009E-008
  0.161290318      0.645161271       1.0850766712607122E-008
  0.193548381      0.645161271       1.5849043857839098E-008
  0.225806445      0.645161271      -1.5626591452773819E-008
  0.258064508      0.645161271       5.7889917412051010E-009
  0.290322572      0.645161271      -1.8609368551312940E-008
  0.322580636      0.645161271       3.9432450517812132E-009
  0.354838699      0.645161271       5.4891841509025050E-008
  0.387096763      0.645161271       1.6763977657646693E-008
  0.419354826      0.645161271      -4.3276536939229650E-009
  0.451612890      0.645161271      -9.3263609926664280E-009
  0.483870953      0.645161271       3.2973567509344951E-008
  0.516129017      0.645161271      -1.4099557344399970E-008
  0.548387110      0.645161271       2.4054955760284758E-008
  0.580645144      0.645161271       2.3232512481940158E-008
  0.612903237      0.645161271      -1.0299379648555330E-008
  0.645161271      0.645161271       6.2045117807360495E-009
  0.677419364      0.645161271      -2.9862556419480108E-008
  0.709677398      0.645161271       6.4922120491870602E-009
  0.741935492      0.645161271      -1.1665121709193055E-009
  0.774193525      0.645161271       1.5839933129493166E-008
  0.806451619      0.645161271      -4.5998886497390118E-008
  0.838709652      0.645161271       1.0838713672476217E-008
  0.870967746      0.645161271      -3.1648804610446161E-008
  0.903225780      0.645161271       3.1648843613371061E-008
  0.935483873      0.645161271      -2.4732344631538504E-008
  0.967741907      0.645161271      -1.1486145219858142E-007
   1.00000000      0.645161271       9.7959001765401193E-008
   0.00000000      0.677419364      -1.4599623635000986E-007
   3.22580636E-02  0.677419364      -4.5616205235284874E-008
   6.45161271E-02  0.677419364       6.9172606042380281E-008
   9.67741907E-02  0.677419364       5.8084542402895840E-008
  0.129032254      0.677419364       5.3051574621001412E-008
  0.161290318      0.677419364      -1.5346266094768065E-009
  0.193548381      0.677419364      -1.2458177134337065E-008
  0.225806445      0.677419364       1.9672638116390288E-008
  0.258064508      0.677419364      -9.0785711030614622E-010
  0.290322572      0.677419364       2.2265273114964111E-008
  0.322580636      0.677419364      -1.5107539319809062E-008
  0.354838699      0.677419364      -2.4442649053823024E-008
  0.387096763      0.677419364      -2.7615054254172965E-008
  0.419354826      0.677419364       2.8665726902374932E-008
  0.451612890      0.677419364      -1.5678655404186757E-009
  0.483870953      0.677419364      -1.0488497842944757E-008
  0.516129017      0.677419364       4.7742311371643443E-009
  0.548387110      0.677419364      -2.3207323816621855E-008
  0.580645144      0.677419364      -7.9401820747101460E-009
  0.612903237      0.677419364      -1.0832806084936129E-008
  0.645161271      0.677419364       1.8243961372620420E-008
  0.677419364      0.677419364       2.4406214864441181E-009
  0.709677398      0.677419364       2.0562510157660866E-008
  0.741935492      0.677419364      -2.4522967294197194E-008
  0.774193525      0.677419364       1.9622235058857399E-008
  0.806451619      0.677419364       9.3358043947291378E-009
  0.838709652      0.677419364       2.9370958070822634E-008
  0.870967746      0.677419364      -8.0627312830345831E-009
  0.903225780      0.677419364       2.5661032855496211E-009
  0.935483873      0.677419364       1.7385396873793822E-008
  0.967741907      0.677419364       9.8023629254011201E-008
   1.00000000      0.677419364      -1.0286683203530177E-007
   0.00000000      0.709677398       1.4572156116493784E-007
   3.22580636E-02  0.709677398       4.5176826028167544E-008
   6.45161271E-02  0.709677398      -8.0543431036797133E-008
   9.67741907E-02  0.709677398      -5.8594096249817478E-008
  0.129032254      0.709677398      -4.2324192970769430E-008
  0.161290318      0.709677398       7.0375360983180218E-009
  0.193548381      0.709677398       4.3089689857831169E-009
  0.225806445      0.709677398       2.8269462799946932E-009
  0.258064508      0.709677398      -1.1371730814142536E-009
  0.290322572      0.709677398      -1.2588097260201644E-009
  0.322580636      0.709677398       7.9559813456135688E-009
  0.354838699      0.709677398       4.8125515730748781E-008
  0.387096763      0.709677398       6.8312542258265706E-009
  0.419354826      0.709677398      -3.7858113819533363E-009
  0.451612890      0.709677398      -8.8858308608454504E-009
  0.483870953      0.709677398       1.8308055120268539E-008
  0.516129017      0.709677398      -3.5025028764456680E-009
  0.548387110      0.709677398       1.7801584557299725E-008
  0.580645144      0.709677398       1.9283239471577174E-008
  0.612903237      0.709677398      -3.8218893745374250E-009
  0.645161271      0.709677398       1.0521831769357214E-008
  0.677419364      0.709677398      -2.4880535444320080E-008
  0.709677398      0.709677398       1.0321212907485899E-008
  0.741935492      0.709677398      -7.6988664565205635E-009
  0.774193525      0.709677398       1.6378107051312644E-008
  0.806451619      0.709677398      -3.4883165110299802E-008
  0.838709652      0.709677398      -5.0928412893727958E-009
  0.870967746      0.709677398       4.2432264020725735E-009
  0.903225780      0.709677398       2.2111171844367776E-009
  0.935483873      0.709677398      -1.6763876369702165E-008
  0.967741907      0.709677398      -7.6413729170144297E-008
   1.00000000      0.709677398       1.1563334867826909E-007
   0.00000000      0.741935492      -1.4419836879482265E-007
   3.22580636E-02  0.741935492      -3.3147442696735898E-008
   6.45161271E-02  0.741935492       7.6875745028431542E-008
   9.67741907E-02  0.741935492       6.9714493371815673E-008
  0.129032254      0.741935492       2.8010350520070824E-008
  0.161290318      0.741935492       4.4350532701589450E-009
  0.193548381      0.741935492      -2.1216184454529270E-008
  0.225806445      0.741935492       2.6743312189159203E-008
  0.258064508      0.741935492      -1.8137961387723595E-008
  0.290322572      0.741935492       2.0172165201931831E-008
  0.322580636      0.741935492      -1.3331281812299960E-008
  0.354838699      0.741935492      -2.8222890889710780E-008
  0.387096763      0.741935492      -9.4932599247074179E-009
  0.419354826      0.741935492       1.4478945503071468E-008
  0.451612890      0.741935492       2.2323716131178159E-009
  0.483870953      0.741935492      -1.5965637504294861E-008
  0.516129017      0.741935492       8.2259131480166574E-009
  0.548387110      0.741935492      -1.7899633832293817E-008
  0.580645144      0.741935492      -1.5169012309759614E-008
  0.612903237      0.741935492       1.4379500208313685E-009
  0.645161271      0.741935492      -7.5392116146962948E-009
  0.677419364      0.741935492       1.0428222811153163E-008
  0.709677398      0.741935492       6.2098692053411750E-009
  0.741935492      0.741935492       6.0840682107257850E-009
  0.774193525      0.741935492      -5.8364631392546348E-009
  0.806451619      0.741935492       2.9513436524717437E-008
  0.838709652      0.741935492       8.6643377000306727E-009
  0.870967746      0.741935492      -8.1247923305839195E-009
  0.903225780      0.741935492       2.3542821992263245E-009
  0.935483873      0.741935492       1.9305883252710139E-008
  0.967741907      0.741935492       5.3403384526388144E-008
   1.00000000      0.741935492      -1.1404231552401442E-007
   0.00000000      0.774193525       1.4247272083189490E-007
   3.22580636E-02  0.774193525       4.9232844146557444E-008
   6.45161271E-02  0.774193525      -7.9629704665197808E-008
   9.67741907E-02  0.774193525      -5.9551721984299159E-008
  0.129032254      0.774193525      -4.0045993678267947E-008
  0.161290318      0.774193525       2.2882776112698708E-008
  0.193548381      0.774193525       4.9569095843641584E-009
  0.225806445      0.774193525       5.6335971722725891E-009
  0.258064508      0.774193525      -5.1037709072413967E-010
  0.290322572      0.774193525       1.2954751927374159E-008
  0.322580636      0.774193525      -5.0557530035441064E-009
  0.354838699      0.774193525       4.5117279467950438E-008
  0.387096763      0.774193525      -9.5825745748835927E-009
  0.419354826      0.774193525       1.5073585181542219E-008
  0.451612890      0.774193525       2.8758491392848226E-010
  0.483870953      0.774193525       7.6996620932225330E-009
  0.516129017      0.774193525       1.0266527935898244E-008
  0.548387110      0.774193525       1.3193077314792789E-008
  0.580645144      0.774193525       1.7976459368913440E-008
  0.612903237      0.774193525       6.7769644900517448E-009
  0.645161271      0.774193525       7.8045550905956313E-009
  0.677419364      0.774193525      -5.6975566990486134E-009
  0.709677398      0.774193525      -1.2978522132926871E-009
  0.741935492      0.774193525      -1.5020280733166766E-008
  0.774193525      0.774193525       1.0815978823716490E-008
  0.806451619      0.774193525      -2.2778623159071203E-008
  0.838709652      0.774193525      -1.1505100552270797E-008
  0.870967746      0.774193525       2.2136025867160993E-008
  0.903225780      0.774193525      -9.3683300443312817E-009
  0.935483873      0.774193525      -5.7028091587864434E-009
  0.967741907      0.774193525      -4.5550341822064541E-008
   1.00000000      0.774193525       1.1566303656246230E-007
   0.00000000      0.806451619      -1.5281273952916172E-007
   3.22580636E-02  0.806451619      -5.8977205344396154E-008
   6.45161271E-02  0.806451619       7.1106409564276994E-008
   9.67741907E-02  0.806451619       5.8334159524000514E-008
  0.129032254      0.806451619       5.5003493354256325E-008
  0.161290318      0.806451619      -2.2736139863724278E-008
  0.193548381      0.806451619      -4.7092036824540833E-010
  0.225806445      0.806451619      -1.2106653954609148E-008
  0.258064508      0.806451619       5.3302156853579251E-009
  0.290322572      0.806451619      -1.2561298886438291E-008
  0.322580636      0.806451619       1.3763433313305706E-008
  0.354838699      0.806451619      -3.6836972489407860E-008
  0.387096763      0.806451619       1.8825935551924960E-008
  0.419354826      0.806451619      -2.4233260242413229E-008
  0.451612890      0.806451619       8.5127376303286224E-009
  0.483870953      0.806451619      -1.5316050263073735E-008
  0.516129017      0.806451619       5.4555999013368645E-009
  0.548387110      0.806451619      -2.3812014100092083E-008
  0.580645144      0.806451619      -5.4404778668485850E-009
  0.612903237      0.806451619      -1.8688661425143555E-008
  0.645161271      0.806451619       1.3784976739613089E-008
  0.677419364      0.806451619      -1.5674368361051907E-008
  0.709677398      0.806451619       3.5193165955829319E-008
  0.741935492      0.806451619      -7.4147020723953756E-009
  0.774193525      0.806451619       3.4390252184547518E-009
  0.806451619      0.806451619       2.4124305533853622E-008
  0.838709652      0.806451619       6.0509233441167915E-009
  0.870967746      0.806451619      -1.4863488139999851E-008
  0.903225780      0.806451619       2.3219666384789595E-009
  0.935483873      0.806451619       1.2909803799191642E-008
  0.967741907      0.806451619       4.9613054688125258E-008
   1.00000000      0.806451619      -1.0626987090924445E-007
   0.00000000      0.838709652       1.6493345521284455E-007
   3.22580636E-02  0.838709652       5.6611205238085899E-008
   6.45161271E-02  0.838709652      -5.0420605044572397E-008
   9.67741907E-02  0.838709652      -6.9410119769456898E-008
  0.129032254      0.838709652      -3.9941768849527843E-008
  0.161290318      0.838709652      -1.7312755091731783E-009
  0.193548381      0.838709652       3.7999054804087569E-008
  0.225806445      0.838709652      -2.4271094778566291E-008
  0.258064508      0.838709652       3.7557520014607146E-008
  0.290322572      0.838709652      -1.6918085519135472E-008
  0.322580636      0.838709652       1.8771451489989979E-008
  0.354838699      0.838709652       6.4024345769734850E-009
  0.387096763      0.838709652       1.4652436042052831E-008
  0.419354826      0.838709652       5.4975552085372206E-009
  0.451612890      0.838709652       1.9460476061698406E-008
  0.483870953      0.838709652       2.5308149077655102E-009
  0.516129017      0.838709652       5.3418571998527742E-009
  0.548387110      0.838709652       3.1634933580673160E-008
  0.580645144      0.838709652       3.3703727859616472E-009
  0.612903237      0.838709652       1.4168664803958240E-008
  0.645161271      0.838709652      -3.1339910871944192E-009
  0.677419364      0.838709652      -9.1480588703611318E-010
  0.709677398      0.838709652      -1.8821124304128497E-008
  0.741935492      0.838709652       4.8320297157384192E-009
  0.774193525      0.838709652      -1.3154968984222838E-009
  0.806451619      0.838709652      -2.2635503051344823E-008
  0.838709652      0.838709652      -1.1525397671278195E-009
  0.870967746      0.838709652       2.0157691173367264E-008
  0.903225780      0.838709652      -1.7082949065643118E-009
  0.935483873      0.838709652      -1.1208391249851400E-008
  0.967741907      0.838709652      -4.0914180706690701E-008
   1.00000000      0.838709652       9.5995473343230948E-008
   0.00000000      0.870967746      -1.6104179891321267E-007
   3.22580636E-02  0.870967746      -6.0965821795945919E-008
   6.45161271E-02  0.870967746       5.4719430194879424E-008
   9.67741907E-02  0.870967746       7.2147098934693144E-008
  0.129032254      0.870967746       3.3349133121105021E-008
  0.161290318      0.870967746       1.6743386450697947E-009
  0.193548381      0.870967746      -2.3390769214892977E-008
  0.225806445      0.870967746       8.5527826006916064E-009
  0.258064508      0.870967746      -1.3756127362536492E-008
  0.290322572      0.870967746      -1.6919275434966661E-009
  0.322580636      0.870967746       4.6873432510876270E-009
  0.354838699      0.870967746      -2.3501179071247406E-008
  0.387096763      0.870967746       1.1727792863101084E-008
  0.419354826      0.870967746      -2.8089385331399812E-008
  0.451612890      0.870967746       1.0441703365752808E-008
  0.483870953      0.870967746      -3.2718803923505957E-008
  0.516129017      0.870967746       2.5577481901781811E-008
  0.548387110      0.870967746      -4.5853032364817174E-008
  0.580645144      0.870967746       6.3468575806641542E-009
  0.612903237      0.870967746       3.0547524672047984E-009
  0.645161271      0.870967746       3.4743570597333849E-009
  0.677419364      0.870967746       7.1363758810117581E-009
  0.709677398      0.870967746       1.8137641410918326E-008
  0.741935492      0.870967746      -7.2291753422952645E-009
  0.774193525      0.870967746       1.6822892090495303E-008
  0.806451619      0.870967746       7.3150890491475746E-009
  0.838709652      0.870967746       2.4161624010805918E-008
  0.870967746      0.870967746      -3.8594801712986313E-008
  0.903225780      0.870967746       2.4453418395105098E-008
  0.935483873      0.870967746      -3.8184128114153289E-009
  0.967741907      0.870967746       4.7105783153245610E-008
   1.00000000      0.870967746      -8.7033932439725814E-008
   0.00000000      0.903225780       1.5342683758639120E-007
   3.22580636E-02  0.903225780       6.9557170000411645E-008
   6.45161271E-02  0.903225780      -6.5582330725058221E-008
   9.67741907E-02  0.903225780      -4.3059864568902710E-008
  0.129032254      0.903225780      -6.0449969757101655E-008
  0.161290318      0.903225780       4.3958986439581088E-008
  0.193548381      0.903225780      -3.3410667138367514E-008
  0.225806445      0.903225780       4.8799589171975486E-008
  0.258064508      0.903225780      -3.1946513503677510E-008
  0.290322572      0.903225780       5.3473203388792424E-008
  0.322580636      0.903225780      -5.1426234763595366E-008
  0.354838699      0.903225780       6.7796010506966640E-008
  0.387096763      0.903225780      -5.4334776885402724E-008
  0.419354826      0.903225780       6.7677262132372749E-008
  0.451612890      0.903225780      -3.5505335373763740E-008
  0.483870953      0.903225780       6.3082946685394178E-008
  0.516129017      0.903225780      -5.5040393116118441E-008
  0.548387110      0.903225780       7.9322077910991560E-008
  0.580645144      0.903225780      -5.1660199432469057E-008
  0.612903237      0.903225780       4.8490469585443670E-008
  0.645161271      0.903225780      -5.7781151713422604E-008
  0.677419364      0.903225780       5.1597760785728666E-008
  0.709677398      0.903225780      -5.9234562765558251E-008
  0.741935492      0.903225780       4.8278454436221508E-008
  0.774193525      0.903225780      -4.8112608183597385E-008
  0.806451619      0.903225780       2.6967846227371596E-008
  0.838709652      0.903225780      -5.5000687505175929E-008
  0.870967746      0.903225780       7.1846304879395890E-008
  0.903225780      0.903225780      -4.7412413944409480E-008
  0.935483873      0.903225780       2.6155126472742183E-008
  0.967741907      0.903225780      -4.5948543211536645E-008
   1.00000000      0.903225780       7.6890773703940529E-008
   0.00000000      0.935483873      -1.2959387418341790E-007
   3.22580636E-02  0.935483873      -5.3081567544892374E-008
   6.45161271E-02  0.935483873       4.6472015656571722E-008
   9.67741907E-02  0.935483873       4.9844149722944100E-008
  0.129032254      0.935483873       4.3223282304055360E-008
  0.161290318      0.935483873      -2.6179755844555745E-008
  0.193548381      0.935483873       3.7388160547196547E-008
  0.225806445      0.935483873      -3.7723981082320702E-008
  0.258064508      0.935483873       2.3267770491073135E-008
  0.290322572      0.935483873      -4.1758964063575916E-008
  0.322580636      0.935483873       5.3294825361192831E-008
  0.354838699      0.935483873      -6.3905373518478110E-008
  0.387096763      0.935483873       7.3574316972985968E-008
  0.419354826      0.935483873      -8.7477453124462517E-008
  0.451612890      0.935483873       7.1693610002233091E-008
  0.483870953      0.935483873      -9.1888216210467939E-008
  0.516129017      0.935483873       9.5099578562289854E-008
  0.548387110      0.935483873      -9.6155198802007501E-008
  0.580645144      0.935483873       8.3557472716377867E-008
  0.612903237      0.935483873      -6.8116344951199580E-008
  0.645161271      0.935483873       8.2035878191779722E-008
  0.677419364      0.935483873      -7.3141147708846904E-008
  0.709677398      0.935483873       8.3735998427086951E-008
  0.741935492      0.935483873      -6.9319951122516403E-008
  0.774193525      0.935483873       6.4547356037259652E-008
  0.806451619      0.935483873      -3.3169034701260418E-008
  0.838709652      0.935483873       4.7317828922729845E-008
  0.870967746      0.935483873      -4.0596295734093531E-008
  0.903225780      0.935483873       1.5964096868831602E-008
  0.935483873      0.935483873       1.0939858515138997E-008
  0.967741907      0.935483873       1.3002409313815092E-008
   1.00000000      0.935483873      -4.5131705656430958E-008
   0.00000000      0.967741907       1.0700622559991659E-007
   3.22580636E-02  0.967741907      -1.0100535892176673E-008
   6.45161271E-02  0.967741907       4.9908983446635899E-008
   9.67741907E-02  0.967741907      -1.3788298829968830E-007
  0.129032254      0.967741907       1.1185213588058223E-007
  0.161290318      0.967741907      -1.5327408506247095E-007
  0.193548381      0.967741907       1.7350621759248230E-007
  0.225806445      0.967741907      -2.0096789345647832E-007
  0.258064508      0.967741907       2.4269603090390985E-007
  0.290322572      0.967741907      -2.4519316626985812E-007
  0.322580636      0.967741907       2.6877767335093415E-007
  0.354838699      0.967741907      -2.8392131389097968E-007
  0.387096763      0.967741907       3.0762763823969737E-007
  0.419354826      0.967741907      -3.1378196022648905E-007
  0.451612890      0.967741907       3.4874897852748066E-007
  0.483870953      0.967741907      -3.3927950100126128E-007
  0.516129017      0.967741907       3.3715775098581689E-007
  0.548387110      0.967741907      -3.2474427808475336E-007
  0.580645144      0.967741907       3.1710904658355042E-007
  0.612903237      0.967741907      -3.2275534294463566E-007
  0.645161271      0.967741907       3.1022579832109012E-007
  0.677419364      0.967741907      -2.9825939332194864E-007
  0.709677398      0.967741907       2.7861617143699321E-007
  0.741935492      0.967741907      -2.7284321472473030E-007
  0.774193525      0.967741907       2.6431036767583210E-007
  0.806451619      0.967741907      -2.4977313732209142E-007
  0.838709652      0.967741907       2.0278695666795067E-007
  0.870967746      0.967741907      -1.5297871589104855E-007
  0.903225780      0.967741907       1.2442420617475948E-007
  0.935483873      0.967741907      -9.0471471803453305E-008
  0.967741907      0.967741907       3.9633734188949377E-008
   1.00000000      0.967741907       1.6011761190583652E-008
   0.00000000       1.00000000      -4.6947752414169331E-008
   3.22580636E-02   1.00000000       3.0473568807838715E-008
   6.45161271E-02   1.00000000      -6.2061651721218175E-008
   9.67741907E-02   1.00000000       1.1444274819347733E-007
  0.129032254       1.00000000      -1.2155043976433482E-007
  0.161290318       1.00000000       1.5456456419333746E-007
  0.193548381       1.00000000      -1.7482330085516876E-007
  0.225806445       1.00000000       2.0619913076952348E-007
  0.258064508       1.00000000      -2.3079881886401247E-007
  0.290322572       1.00000000       2.3768650442197181E-007
  0.322580636       1.00000000      -2.3729326361148040E-007
  0.354838699       1.00000000       2.3873414926129784E-007
  0.387096763       1.00000000      -2.3283506203137499E-007
  0.419354826       1.00000000       2.2697590410536947E-007
  0.451612890       1.00000000      -2.2312176614167336E-007
  0.483870953       1.00000000       2.1709808212941137E-007
  0.516129017       1.00000000      -2.1293120484515292E-007
  0.548387110       1.00000000       2.2216505710791441E-007
  0.580645144       1.00000000      -2.2095959344519620E-007
  0.612903237       1.00000000       2.3219948263610626E-007
  0.645161271       1.00000000      -2.2377109048888342E-007
  0.677419364       1.00000000       2.1976613938192169E-007
  0.709677398       1.00000000      -1.9773789218598993E-007
  0.741935492       1.00000000       1.8230489445434543E-007
  0.774193525       1.00000000      -1.5448989076532741E-007
  0.806451619       1.00000000       1.4236217006141640E-007
  0.838709652       1.00000000      -1.2224762061483861E-007
  0.870967746       1.00000000       1.0870648236750308E-007
  0.903225780       1.00000000      -9.3094610763627574E-008
  0.935483873       1.00000000       7.6315876419676139E-008
  0.967741907       1.00000000      -4.3156268296151589E-008
   1.00000000       1.00000000       7.9243429669111795E-009
