 # X Y F 
   0.00000000       0.00000000       3.9401352379232760E-008
   3.22580636E-02   0.00000000       3.0136561952607130E-007
   6.45161271E-02   0.00000000      -3.1318326302755979E-007
   9.67741907E-02   0.00000000       3.7634782339901334E-007
  0.129032254       0.00000000      -4.8867191536331970E-007
  0.161290318       0.00000000       5.7200118917146907E-007
  0.193548381       0.00000000      -6.1822118749048359E-007
  0.225806445       0.00000000       7.0464572717137452E-007
  0.258064508       0.00000000      -7.3937610568434365E-007
  0.290322572       0.00000000       8.1890287092843963E-007
  0.322580636       0.00000000      -8.2323911687673514E-007
  0.354838699       0.00000000       8.9643927399366987E-007
  0.387096763       0.00000000      -8.8469442955206250E-007
  0.419354826       0.00000000       9.4589016156746656E-007
  0.451612890       0.00000000      -9.5985615670323439E-007
  0.483870953       0.00000000       1.0244507748791728E-006
  0.516129017       0.00000000      -1.0245379569478074E-006
  0.548387110       0.00000000       1.0610105388533069E-006
  0.580645144       0.00000000      -1.0666322161870016E-006
  0.612903237       0.00000000       1.0974361879841940E-006
  0.645161271       0.00000000      -1.0909398819878945E-006
  0.677419364       0.00000000       1.1046203980496750E-006
  0.709677398       0.00000000      -1.0883429722559825E-006
  0.741935492       0.00000000       1.0706938806476954E-006
  0.774193525       0.00000000      -1.0365942475649110E-006
  0.806451619       0.00000000       9.6038712511321266E-007
  0.838709652       0.00000000      -8.5096975679917534E-007
  0.870967746       0.00000000       7.1352390044207445E-007
  0.903225780       0.00000000      -5.6276634141329153E-007
  0.935483873       0.00000000       4.2845220410156820E-007
  0.967741907       0.00000000      -2.9058352515575229E-007
   1.00000000       0.00000000       9.4677814489496750E-008
   0.00000000       3.22580636E-02  -3.7888491999706008E-007
   3.22580636E-02   3.22580636E-02   1.9354084842767753E-007
   6.45161271E-02   3.22580636E-02  -4.7680823240426044E-007
   9.67741907E-02   3.22580636E-02   8.5042866191544551E-007
  0.129032254       3.22580636E-02  -7.2932733891477749E-007
  0.161290318       3.22580636E-02   8.8799665630089369E-007
  0.193548381       3.22580636E-02  -8.5990840443413743E-007
  0.225806445       3.22580636E-02   9.0634234200678746E-007
  0.258064508       3.22580636E-02  -8.3661933536704903E-007
  0.290322572       3.22580636E-02   8.1570478646254466E-007
  0.322580636       3.22580636E-02  -7.4331910006947712E-007
  0.354838699       3.22580636E-02   6.7942106864210411E-007
  0.387096763       3.22580636E-02  -6.3304074441845239E-007
  0.419354826       3.22580636E-02   6.4750857739258509E-007
  0.451612890       3.22580636E-02  -5.7196870180029976E-007
  0.483870953       3.22580636E-02   6.2157771789635744E-007
  0.516129017       3.22580636E-02  -7.1594184928942753E-007
  0.548387110       3.22580636E-02   8.0409130307839254E-007
  0.580645144       3.22580636E-02  -9.2676536230467075E-007
  0.612903237       3.22580636E-02   1.0093147602560555E-006
  0.645161271       3.22580636E-02  -1.1622794263471374E-006
  0.677419364       3.22580636E-02   1.2787658649687437E-006
  0.709677398       3.22580636E-02  -1.3916933865247794E-006
  0.741935492       3.22580636E-02   1.4868530707996496E-006
  0.774193525       3.22580636E-02  -1.4637062410000764E-006
  0.806451619       3.22580636E-02   1.4805902789385459E-006
  0.838709652       3.22580636E-02  -1.3635856572740185E-006
  0.870967746       3.22580636E-02   1.2696942488480945E-006
  0.903225780       3.22580636E-02  -1.0349009707798683E-006
  0.935483873       3.22580636E-02   8.0497264182882903E-007
  0.967741907       3.22580636E-02  -4.4091390948902530E-007
   1.00000000       3.22580636E-02   2.2842228938789307E-007
   0.00000000       6.45161271E-02   3.6818698084670061E-007
   3.22580636E-02   6.45161271E-02   4.5569975090516051E-007
   6.45161271E-02   6.45161271E-02  -2.8369269959934417E-007
   9.67741907E-02   6.45161271E-02   9.3223649897768764E-008
  0.129032254       6.45161271E-02  -3.4372412678525544E-007
  0.161290318       6.45161271E-02   3.0377236747982308E-007
  0.193548381       6.45161271E-02  -2.8997741562156469E-007
  0.225806445       6.45161271E-02   2.5124633670741468E-007
  0.258064508       6.45161271E-02  -1.7444497982568052E-007
  0.290322572       6.45161271E-02   1.1763889675399544E-007
  0.322580636       6.45161271E-02   1.5372477077004199E-008
  0.354838699       6.45161271E-02  -2.3939696009802418E-008
  0.387096763       6.45161271E-02   1.7507447815705106E-007
  0.419354826       6.45161271E-02  -2.9976174976072577E-007
  0.451612890       6.45161271E-02   1.7364618345793639E-007
  0.483870953       6.45161271E-02  -2.7244571896646148E-007
  0.516129017       6.45161271E-02   3.4849373727154121E-007
  0.548387110       6.45161271E-02  -3.7110191427426306E-007
  0.580645144       6.45161271E-02   3.4287168636990228E-007
  0.612903237       6.45161271E-02  -2.2323552733567196E-007
  0.645161271       6.45161271E-02   2.1900672622049192E-007
  0.677419364       6.45161271E-02  -1.3434387191151398E-007
  0.709677398       6.45161271E-02   8.6848527659476590E-008
  0.741935492       6.45161271E-02  -4.6482273487540230E-008
  0.774193525       6.45161271E-02  -5.1851670315114654E-008
  0.806451619       6.45161271E-02   5.8463843724378645E-008
  0.838709652       6.45161271E-02  -8.4797485018854226E-008
  0.870967746       6.45161271E-02   4.9675073354836349E-008
  0.903225780       6.45161271E-02  -7.0444468775228398E-008
  0.935483873       6.45161271E-02   7.8119396509895378E-008
  0.967741907       6.45161271E-02  -1.8134567208157990E-007
   1.00000000       6.45161271E-02  -2.1673254888844012E-008
   0.00000000       9.67741907E-02  -4.9201145397536569E-007
   3.22580636E-02   9.67741907E-02  -3.4072434798900079E-007
   6.45161271E-02   9.67741907E-02   1.4279819591207388E-007
   9.67741907E-02   9.67741907E-02   2.6888481895551369E-007
  0.129032254       9.67741907E-02   6.5190299403414796E-008
  0.161290318       9.67741907E-02   6.0004911930282755E-008
  0.193548381       9.67741907E-02   4.4592337679741455E-009
  0.225806445       9.67741907E-02   7.2390731956234096E-008
  0.258064508       9.67741907E-02  -1.7236873785105700E-008
  0.290322572       9.67741907E-02   3.2227186938119093E-008
  0.322580636       9.67741907E-02  -3.6801942380131855E-009
  0.354838699       9.67741907E-02   8.9527887858375162E-008
  0.387096763       9.67741907E-02   7.4366058149998896E-007
  0.419354826       9.67741907E-02   2.0303821032364430E-006
  0.451612890       9.67741907E-02   2.8823429563729371E-006
  0.483870953       9.67741907E-02   2.4551469807913771E-006
  0.516129017       9.67741907E-02   1.3974711439867290E-006
  0.548387110       9.67741907E-02   4.4742554915861764E-007
  0.580645144       9.67741907E-02   9.2250419804318578E-008
  0.612903237       9.67741907E-02  -2.4376508871628169E-008
  0.645161271       9.67741907E-02  -1.7242197118663869E-008
  0.677419364       9.67741907E-02  -3.3215333403481557E-008
  0.709677398       9.67741907E-02   4.7617155209165775E-008
  0.741935492       9.67741907E-02  -2.1065109663328887E-008
  0.774193525       9.67741907E-02   1.0699620845283690E-007
  0.806451619       9.67741907E-02  -5.9232041651503895E-008
  0.838709652       9.67741907E-02   8.3531284597232217E-008
  0.870967746       9.67741907E-02   7.9110389798741213E-009
  0.903225780       9.67741907E-02   3.3683697975897911E-008
  0.935483873       9.67741907E-02  -1.7781717135256401E-008
  0.967741907       9.67741907E-02   2.1653799792910064E-007
   1.00000000       9.67741907E-02   7.5036549243331791E-008
   0.00000000      0.129032254       6.2316028329674015E-007
   3.22580636E-02  0.129032254       4.4159471277128779E-007
   6.45161271E-02  0.129032254      -1.3545896827727815E-007
   9.67741907E-02  0.129032254      -2.3401657164908032E-007
  0.129032254      0.129032254      -3.8207073837933880E-008
  0.161290318      0.129032254      -9.0671631033423840E-010
  0.193548381      0.129032254      -1.5708594915039348E-008
  0.225806445      0.129032254      -7.5535547306313795E-009
  0.258064508      0.129032254      -4.8659188908549204E-008
  0.290322572      0.129032254       9.9961633156481407E-008
  0.322580636      0.129032254       6.9971807958020549E-007
  0.354838699      0.129032254       2.7096842166735957E-006
  0.387096763      0.129032254       8.4467231843247535E-006
  0.419354826      0.129032254       2.0283833329462512E-005
  0.451612890      0.129032254       2.9728137565427807E-005
  0.483870953      0.129032254       2.6058997605665577E-005
  0.516129017      0.129032254       1.5385947750552459E-005
  0.548387110      0.129032254       7.0399415663111181E-006
  0.580645144      0.129032254       5.0756911873483235E-006
  0.612903237      0.129032254       1.4587828119546829E-006
  0.645161271      0.129032254      -1.3873494345413709E-007
  0.677419364      0.129032254       3.9533716659930288E-008
  0.709677398      0.129032254      -3.4160503689093028E-008
  0.741935492      0.129032254      -4.0774431738429498E-009
  0.774193525      0.129032254      -6.4095285930532391E-008
  0.806451619      0.129032254       3.5486923849772686E-008
  0.838709652      0.129032254      -4.4871817003843813E-008
  0.870967746      0.129032254      -2.9554620224962935E-008
  0.903225780      0.129032254       1.1575020346228073E-008
  0.935483873      0.129032254       1.0826542941738457E-008
  0.967741907      0.129032254      -2.4440190671534566E-007
   1.00000000      0.129032254      -8.0588935077642332E-008
   0.00000000      0.161290318      -6.6375879738980492E-007
   3.22580636E-02  0.161290318      -4.1259703596468600E-007
   6.45161271E-02  0.161290318       1.6844500390624977E-007
   9.67741907E-02  0.161290318       2.9476442584774121E-007
  0.129032254      0.161290318       5.9366648986290330E-008
  0.161290318      0.161290318       3.7080839480228199E-008
  0.193548381      0.161290318       3.2187700954476225E-008
  0.225806445      0.161290318       1.3037100157499797E-007
  0.258064508      0.161290318       6.2687867795543054E-007
  0.290322572      0.161290318       8.9428933825457176E-007
  0.322580636      0.161290318       4.3797692894938734E-006
  0.354838699      0.161290318       1.6726874934349508E-005
  0.387096763      0.161290318       6.0561148727980003E-005
  0.419354826      0.161290318       1.5215757882612580E-004
  0.451612890      0.161290318       2.2464185462462712E-004
  0.483870953      0.161290318       2.0110648357497650E-004
  0.516129017      0.161290318       1.2683991528746741E-004
  0.548387110      0.161290318       6.5526159282910465E-005
  0.580645144      0.161290318       2.1891332277386291E-005
  0.612903237      0.161290318       3.5609547764783459E-006
  0.645161271      0.161290318       1.1923070295029485E-006
  0.677419364      0.161290318       1.8711816978156579E-008
  0.709677398      0.161290318      -1.9689405125856028E-009
  0.741935492      0.161290318       7.1288325718443589E-008
  0.774193525      0.161290318       1.4942754694070084E-008
  0.806451619      0.161290318       4.5334464366115357E-008
  0.838709652      0.161290318       9.1635601073742926E-009
  0.870967746      0.161290318       9.8780848991692007E-008
  0.903225780      0.161290318      -2.2647897047771853E-008
  0.935483873      0.161290318       1.4535140368254147E-008
  0.967741907      0.161290318       3.0567440336148385E-007
   1.00000000      0.161290318       1.0932882551842669E-007
   0.00000000      0.193548381       7.6099163569142192E-007
   3.22580636E-02  0.193548381       4.8580728110651282E-007
   6.45161271E-02  0.193548381      -1.4833463858881516E-007
   9.67741907E-02  0.193548381      -2.3851238330735305E-007
  0.129032254      0.193548381      -3.9354349849920113E-011
  0.161290318      0.193548381      -3.0457790534155394E-008
  0.193548381      0.193548381       4.5517338973263718E-008
  0.225806445      0.193548381      -2.9566789506292654E-008
  0.258064508      0.193548381       4.8511201318461504E-007
  0.290322572      0.193548381       4.3245085557453548E-006
  0.322580636      0.193548381       2.0196031258035929E-005
  0.354838699      0.193548381       9.9278045303718520E-005
  0.387096763      0.193548381       3.7097293923745974E-004
  0.419354826      0.193548381       8.9526233451815230E-004
  0.451612890      0.193548381       1.3355962232633385E-003
  0.483870953      0.193548381       1.2635314426170708E-003
  0.516129017      0.193548381       7.9775896892575254E-004
  0.548387110      0.193548381       3.3605795636241711E-004
  0.580645144      0.193548381       9.6852362979522253E-005
  0.612903237      0.193548381       2.7627240505464494E-005
  0.645161271      0.193548381       7.1966615050174807E-006
  0.677419364      0.193548381       7.9010689601138252E-007
  0.709677398      0.193548381      -7.0322462614256813E-008
  0.741935492      0.193548381       1.1299303469349817E-008
  0.774193525      0.193548381      -5.0483286383899480E-008
  0.806451619      0.193548381       1.3949146894231195E-008
  0.838709652      0.193548381      -4.5613362637635367E-008
  0.870967746      0.193548381      -5.9817531679616997E-008
  0.903225780      0.193548381       1.1377833585152623E-008
  0.935483873      0.193548381       2.5839249405206428E-008
  0.967741907      0.193548381      -3.5764510424447335E-007
   1.00000000      0.193548381      -8.9078117572335252E-008
   0.00000000      0.225806445      -7.6728867265283491E-007
   3.22580636E-02  0.225806445      -4.8231333185756167E-007
   6.45161271E-02  0.225806445       2.3157334869525674E-007
   9.67741907E-02  0.225806445       2.0653116064204884E-007
  0.129032254      0.225806445       7.5536117018366516E-008
  0.161290318      0.225806445      -9.3634191896898393E-009
  0.193548381      0.225806445       4.3834855733626974E-008
  0.225806445      0.225806445       3.0449100920234907E-008
  0.258064508      0.225806445       2.9117695472583306E-006
  0.290322572      0.225806445       1.6098297392648902E-005
  0.322580636      0.225806445       9.9673393704258410E-005
  0.354838699      0.225806445       4.8541817379972683E-004
  0.387096763      0.225806445       1.6723743525384150E-003
  0.419354826      0.225806445       3.9716936846844056E-003
  0.451612890      0.225806445       6.1360826463360022E-003
  0.483870953      0.225806445       5.8135329195043431E-003
  0.516129017      0.225806445       3.4590244531408918E-003
  0.548387110      0.225806445       1.4214453181914644E-003
  0.580645144      0.225806445       4.6502956426143857E-004
  0.612903237      0.225806445       1.2315132568964461E-004
  0.645161271      0.225806445       2.0660980293744182E-005
  0.677419364      0.225806445       2.5303559376102670E-006
  0.709677398      0.225806445       9.6458614214253126E-008
  0.741935492      0.225806445       1.0757917405357815E-007
  0.774193525      0.225806445      -5.2331013839922564E-008
  0.806451619      0.225806445       1.0634870143683097E-007
  0.838709652      0.225806445      -1.5616079173388595E-008
  0.870967746      0.225806445       1.4477612105004553E-007
  0.903225780      0.225806445      -3.5058392013878391E-008
  0.935483873      0.225806445       1.4013948293256459E-008
  0.967741907      0.225806445       4.2366025193552145E-007
   1.00000000      0.225806445       9.9468551072824877E-008
   0.00000000      0.258064508       8.6892119286605377E-007
   3.22580636E-02  0.258064508       5.2129070653205871E-007
   6.45161271E-02  0.258064508      -1.7239755430491037E-007
   9.67741907E-02  0.258064508      -1.6949963830133476E-007
  0.129032254      0.258064508       2.1808802517529253E-008
  0.161290318      0.258064508       1.1221209573224197E-008
  0.193548381      0.258064508       2.7336756632264261E-007
  0.225806445      0.258064508       2.4954030106848820E-006
  0.258064508      0.258064508       1.5923190406547022E-005
  0.290322572      0.258064508       9.0731959590478823E-005
  0.322580636      0.258064508       4.4766566435270737E-004
  0.354838699      0.258064508       1.7727994723760723E-003
  0.387096763      0.258064508       5.4991318902716602E-003
  0.419354826      0.258064508       1.2355921224429576E-002
  0.451612890      0.258064508       1.7774795563763345E-002
  0.483870953      0.258064508       1.6040630400616488E-002
  0.516129017      0.258064508       9.7045025637395605E-003
  0.548387110      0.258064508       4.2922892116574411E-003
  0.580645144      0.258064508       1.4361632949712239E-003
  0.612903237      0.258064508       3.3983387845867467E-004
  0.645161271      0.258064508       5.9352058172930425E-005
  0.677419364      0.258064508       8.7461847853306499E-006
  0.709677398      0.258064508       1.4749135839349721E-007
  0.741935492      0.258064508       1.0208406341546963E-007
  0.774193525      0.258064508      -4.1833240613312038E-008
  0.806451619      0.258064508       2.8644873143720095E-009
  0.838709652      0.258064508      -3.5760215234873782E-008
  0.870967746      0.258064508      -6.4396170936680622E-008
  0.903225780      0.258064508       2.5975370351649847E-009
  0.935483873      0.258064508       5.4068636508804687E-008
  0.967741907      0.258064508      -4.8736400009604564E-007
   1.00000000      0.258064508      -5.3480828832073272E-008
   0.00000000      0.290322572      -8.9281684193351570E-007
   3.22580636E-02  0.290322572      -5.0771493977384518E-007
   6.45161271E-02  0.290322572       2.0898207187756500E-007
   9.67741907E-02  0.290322572       1.4821699200130947E-007
  0.129032254      0.290322572      -3.0974787483949051E-008
  0.161290318      0.290322572       1.6578226585190444E-008
  0.193548381      0.290322572       7.9508111957346156E-008
  0.225806445      0.290322572       3.0307371294668561E-006
  0.258064508      0.290322572       2.9421471180529999E-005
  0.290322572      0.290322572       1.9206578262421085E-004
  0.322580636      0.290322572       9.6292363139117163E-004
  0.354838699      0.290322572       3.8229664621515745E-003
  0.387096763      0.290322572       1.1684318334261201E-002
  0.419354826      0.290322572       2.4100387050000022E-002
  0.451612890      0.290322572       3.2049593840302364E-002
  0.483870953      0.290322572       2.9331734956776621E-002
  0.516129017      0.290322572       1.9409843623825702E-002
  0.548387110      0.290322572       9.1308364883757129E-003
  0.580645144      0.290322572       2.9263117255441456E-003
  0.612903237      0.290322572       6.7579604248410770E-004
  0.645161271      0.290322572       1.2476069329371681E-004
  0.677419364      0.290322572       1.7044874776438303E-005
  0.709677398      0.290322572       1.2930791923997272E-006
  0.741935492      0.290322572      -2.9061087274000917E-008
  0.774193525      0.290322572      -5.2522030666011394E-008
  0.806451619      0.290322572       1.0777272045471491E-007
  0.838709652      0.290322572      -1.6816738969515103E-008
  0.870967746      0.290322572       1.3351111931278798E-007
  0.903225780      0.290322572      -3.1051377628599875E-008
  0.935483873      0.290322572      -1.6706722680866880E-008
  0.967741907      0.290322572       5.4583226107274441E-007
   1.00000000      0.290322572       4.6882115917387156E-008
   0.00000000      0.322580636       1.0040495153240778E-006
   3.22580636E-02  0.322580636       5.6862030528169490E-007
   6.45161271E-02  0.322580636      -1.6453663747021503E-007
   9.67741907E-02  0.322580636      -5.0754860327507382E-008
  0.129032254      0.322580636       7.0930775561912081E-008
  0.161290318      0.322580636       7.1885674442459990E-008
  0.193548381      0.322580636      -7.1951486486408600E-008
  0.225806445      0.322580636       7.1145064717746367E-007
  0.258064508      0.322580636       6.8949266413951445E-006
  0.290322572      0.322580636       7.9183663262493028E-005
  0.322580636      0.322580636       6.2862747269826626E-004
  0.354838699      0.322580636       3.4660689290266456E-003
  0.387096763      0.322580636       1.1948232261031642E-002
  0.419354826      0.322580636       2.5634019095122626E-002
  0.451612890      0.322580636       3.6674002795806966E-002
  0.483870953      0.322580636       3.6793979929795911E-002
  0.516129017      0.322580636       2.5072605293643160E-002
  0.548387110      0.322580636       1.0652792086514772E-002
  0.580645144      0.322580636       2.9331949677509519E-003
  0.612903237      0.322580636       5.9276050506496469E-004
  0.645161271      0.322580636       8.0679870784692377E-005
  0.677419364      0.322580636       6.3447722924681937E-006
  0.709677398      0.322580636       1.7690762417915864E-007
  0.741935492      0.322580636       6.7842104221385957E-008
  0.774193525      0.322580636      -2.7360084395995144E-008
  0.806451619      0.322580636       3.1496335108975676E-008
  0.838709652      0.322580636      -4.3708504534856458E-008
  0.870967746      0.322580636      -4.5845324017370126E-008
  0.903225780      0.322580636       1.9743338266002857E-008
  0.935483873      0.322580636       7.5699696510933217E-008
  0.967741907      0.322580636      -6.0474024160785411E-007
   1.00000000      0.322580636       2.0337197105501364E-008
   0.00000000      0.354838699      -1.0318243465939285E-006
   3.22580636E-02  0.354838699      -5.7700781234357055E-007
   6.45161271E-02  0.354838699       2.1972497736558962E-007
   9.67741907E-02  0.354838699       1.5654244643221475E-008
  0.129032254      0.354838699      -8.3854029669093669E-008
  0.161290318      0.354838699      -1.2920599568798240E-008
  0.193548381      0.354838699       4.8672672881950600E-008
  0.225806445      0.354838699      -1.7352699519151701E-007
  0.258064508      0.354838699      -2.9958020861002461E-007
  0.290322572      0.354838699       8.4003238426951283E-006
  0.322580636      0.354838699       2.1843133593995944E-004
  0.354838699      0.354838699       1.3932172993105449E-003
  0.387096763      0.354838699       4.9701018332050980E-003
  0.419354826      0.354838699       1.2022847214694975E-002
  0.451612890      0.354838699       1.8297120419165359E-002
  0.483870953      0.354838699       1.6485778344272322E-002
  0.516129017      0.354838699       8.0248179851924520E-003
  0.548387110      0.354838699       1.9852821857329248E-003
  0.580645144      0.354838699       2.7374036534294759E-004
  0.612903237      0.354838699       6.6085661041049300E-006
  0.645161271      0.354838699      -1.4401634123818880E-006
  0.677419364      0.354838699       7.3674040877453044E-007
  0.709677398      0.354838699       8.5987966104343048E-008
  0.741935492      0.354838699      -9.3512966192796472E-008
  0.774193525      0.354838699       1.5743108088949215E-008
  0.806451619      0.354838699       2.2722549363336946E-008
  0.838709652      0.354838699       3.4649572403850723E-008
  0.870967746      0.354838699       6.5593805735281156E-008
  0.903225780      0.354838699      -3.6831383629137750E-009
  0.935483873      0.354838699      -5.7052588865056150E-008
  0.967741907      0.354838699       6.8527872345169814E-007
   1.00000000      0.354838699      -4.8072930146367406E-008
   0.00000000      0.387096763       1.1460924027793441E-006
   3.22580636E-02  0.387096763       6.6767915677672187E-007
   6.45161271E-02  0.387096763      -2.1353717284874708E-007
   9.67741907E-02  0.387096763       1.5218645257737549E-007
  0.129032254      0.387096763       3.6384418667432824E-008
  0.161290318      0.387096763       1.7862700742815811E-007
  0.193548381      0.387096763      -2.3976368519609961E-007
  0.225806445      0.387096763       3.7093118793099272E-007
  0.258064508      0.387096763       1.9880935396344332E-006
  0.290322572      0.387096763       4.7226991414063649E-005
  0.322580636      0.387096763       3.4375693906302295E-004
  0.354838699      0.387096763       1.1636528174314047E-003
  0.387096763      0.387096763       3.0552019566937511E-003
  0.419354826      0.387096763       6.3591323486610358E-003
  0.451612890      0.387096763       8.4531079091021040E-003
  0.483870953      0.387096763       5.6973738427888772E-003
  0.516129017      0.387096763       2.0018412389209003E-003
  0.548387110      0.387096763       6.1388348979220090E-004
  0.580645144      0.387096763       2.0914963261741462E-004
  0.612903237      0.387096763       6.1351398449671236E-005
  0.645161271      0.387096763       1.3470838852809907E-005
  0.677419364      0.387096763       1.9929197946987120E-006
  0.709677398      0.387096763       1.1996879047583975E-007
  0.741935492      0.387096763       4.8651039474701873E-008
  0.774193525      0.387096763       5.0965261413001361E-008
  0.806451619      0.387096763      -2.6424531144750181E-008
  0.838709652      0.387096763       2.9081739958169625E-009
  0.870967746      0.387096763      -5.3870839855436042E-008
  0.903225780      0.387096763       4.3849690642739638E-008
  0.935483873      0.387096763       5.9728789021733801E-008
  0.967741907      0.387096763      -7.0293021132061751E-007
   1.00000000      0.387096763       1.2834777488341797E-007
   0.00000000      0.419354826      -1.2093674486770450E-006
   3.22580636E-02  0.419354826      -5.6813791116899387E-007
   6.45161271E-02  0.419354826       1.2633951260288868E-007
   9.67741907E-02  0.419354826      -6.2380555380914518E-009
  0.129032254      0.419354826      -1.9575583763166470E-007
  0.161290318      0.419354826       4.0837116489576601E-008
  0.193548381      0.419354826       9.7218215763117158E-008
  0.225806445      0.419354826       3.3514208251756580E-006
  0.258064508      0.419354826       2.4543444254219250E-005
  0.290322572      0.419354826       1.7394678147509348E-004
  0.322580636      0.419354826       7.7560004313540582E-004
  0.354838699      0.419354826       2.6704020495139113E-003
  0.387096763      0.419354826       7.2790109503405431E-003
  0.419354826      0.419354826       1.4420576903548275E-002
  0.451612890      0.419354826       1.9234841901107028E-002
  0.483870953      0.419354826       1.7719706813118810E-002
  0.516129017      0.419354826       1.1232977894421171E-002
  0.548387110      0.419354826       4.7740903353601215E-003
  0.580645144      0.419354826       1.4441012443084948E-003
  0.612903237      0.419354826       3.3321421213927904E-004
  0.645161271      0.419354826       5.6316279425640775E-005
  0.677419364      0.419354826       5.9368208759764376E-006
  0.709677398      0.419354826       1.4170284261967455E-007
  0.741935492      0.419354826      -2.5786921738714830E-008
  0.774193525      0.419354826      -6.5617836251605909E-008
  0.806451619      0.419354826       4.8850662343034953E-008
  0.838709652      0.419354826       1.8941452007059324E-008
  0.870967746      0.419354826       6.8875761252712618E-008
  0.903225780      0.419354826      -1.5835864214884152E-008
  0.935483873      0.419354826      -4.7682912636612019E-008
  0.967741907      0.419354826       7.7461192838665723E-007
   1.00000000      0.419354826      -1.8544574976233338E-007
   0.00000000      0.451612890       1.2932056207266431E-006
   3.22580636E-02  0.451612890       6.6464543687948831E-007
   6.45161271E-02  0.451612890      -1.1492371495050912E-007
   9.67741907E-02  0.451612890       1.4783410688277322E-007
  0.129032254      0.451612890       2.8206625077869950E-007
  0.161290318      0.451612890      -1.9039723571733430E-008
  0.193548381      0.451612890       1.0387754589185675E-006
  0.225806445      0.451612890       7.0825555721648376E-006
  0.258064508      0.451612890       5.1784415147422154E-005
  0.290322572      0.451612890       2.7993357432332263E-004
  0.322580636      0.451612890       1.2265685518178307E-003
  0.354838699      0.451612890       4.4393066515843946E-003
  0.387096763      0.451612890       1.2193001072738107E-002
  0.419354826      0.451612890       2.3220788896056176E-002
  0.451612890      0.451612890       3.0327709038783797E-002
  0.483870953      0.451612890       2.8457336422552451E-002
  0.516129017      0.451612890       1.9303994298523214E-002
  0.548387110      0.451612890       9.1312918825054851E-003
  0.580645144      0.451612890       3.0236898684842931E-003
  0.612903237      0.451612890       7.3463534088683653E-004
  0.645161271      0.451612890       1.3393491326480687E-004
  0.677419364      0.451612890       1.7735504203596679E-005
  0.709677398      0.451612890       1.8682836658508396E-006
  0.741935492      0.451612890       1.1898262928456042E-010
  0.774193525      0.451612890       9.5268154551176997E-008
  0.806451619      0.451612890      -1.2315238813233224E-008
  0.838709652      0.451612890       5.9759999518242236E-009
  0.870967746      0.451612890      -5.1156376554479016E-008
  0.903225780      0.451612890       6.0129615720476632E-008
  0.935483873      0.451612890       5.2059190899974198E-008
  0.967741907      0.451612890      -7.5902380769873836E-007
   1.00000000      0.451612890       2.7373502789329077E-007
   0.00000000      0.483870953      -1.2635450535292538E-006
   3.22580636E-02  0.483870953      -6.2993205597632926E-007
   6.45161271E-02  0.483870953       1.3674211168751555E-007
   9.67741907E-02  0.483870953      -8.5147427812948277E-008
  0.129032254      0.483870953      -1.9484811422362870E-007
  0.161290318      0.483870953       1.8370634819369310E-007
  0.193548381      0.483870953       3.3659468849719829E-008
  0.225806445      0.483870953       6.0682433106495713E-006
  0.258064508      0.483870953       4.1737820068772211E-005
  0.290322572      0.483870953       2.3529180066335186E-004
  0.322580636      0.483870953       1.1707505047945732E-003
  0.354838699      0.483870953       4.5228862474150661E-003
  0.387096763      0.483870953       1.2692428996940414E-002
  0.419354826      0.483870953       2.4543413268865256E-002
  0.451612890      0.483870953       3.2755547048939557E-002
  0.483870953      0.483870953       3.1545753130227630E-002
  0.516129017      0.483870953       2.1666625059899379E-002
  0.548387110      0.483870953       1.0171221564269167E-002
  0.580645144      0.483870953       3.3722495732508855E-003
  0.612903237      0.483870953       8.5238514576447741E-004
  0.645161271      0.483870953       1.7397537630483616E-004
  0.677419364      0.483870953       3.0600492514414321E-005
  0.709677398      0.483870953       4.0447224793362970E-006
  0.741935492      0.483870953       6.5917435776734477E-008
  0.774193525      0.483870953      -3.7542513985889839E-008
  0.806451619      0.483870953       2.8549142847626422E-008
  0.838709652      0.483870953       2.0548688288484209E-008
  0.870967746      0.483870953       4.5804399374653064E-008
  0.903225780      0.483870953      -3.2122591913619220E-009
  0.935483873      0.483870953      -6.0486631019470074E-008
  0.967741907      0.483870953       8.3843032627783717E-007
   1.00000000      0.483870953      -3.2273410081453147E-007
   0.00000000      0.516129017       1.3334940160996220E-006
   3.22580636E-02  0.516129017       6.7633371482586082E-007
   6.45161271E-02  0.516129017      -1.0779122648347656E-007
   9.67741907E-02  0.516129017       1.5647408153265416E-007
  0.129032254      0.516129017       2.2177733880989036E-007
  0.161290318      0.516129017       5.8272114978565144E-008
  0.193548381      0.516129017       1.7295348258840174E-007
  0.225806445      0.516129017       2.1096868204084278E-006
  0.258064508      0.516129017       1.6971831549618223E-005
  0.290322572      0.516129017       1.2926832999197963E-004
  0.322580636      0.516129017       7.2660348359197423E-004
  0.354838699      0.516129017       2.9271647990105338E-003
  0.387096763      0.516129017       8.4585452019460446E-003
  0.419354826      0.516129017       1.7140099211396163E-002
  0.451612890      0.516129017       2.4107945525833369E-002
  0.483870953      0.516129017       2.3326413003460399E-002
  0.516129017      0.516129017       1.4986854199092917E-002
  0.548387110      0.516129017       6.4451616567199064E-003
  0.580645144      0.516129017       2.0235854233863811E-003
  0.612903237      0.516129017       5.0214749875135715E-004
  0.645161271      0.516129017       1.0520480784496535E-004
  0.677419364      0.516129017       2.0826733885545759E-005
  0.709677398      0.516129017       3.5174445818705235E-006
  0.741935492      0.516129017       2.4220854460895603E-007
  0.774193525      0.516129017       5.8974627175831666E-008
  0.806451619      0.516129017       3.2852020824800491E-008
  0.838709652      0.516129017      -1.9123178343021698E-008
  0.870967746      0.516129017       1.9976059490091055E-008
  0.903225780      0.516129017       2.3914365296177450E-008
  0.935483873      0.516129017       6.7902383431292866E-008
  0.967741907      0.516129017      -8.2825633279724474E-007
   1.00000000      0.516129017       4.0292533230792361E-007
   0.00000000      0.548387110      -1.1565813777113677E-006
   3.22580636E-02  0.548387110      -5.4879731657764137E-007
   6.45161271E-02  0.548387110       1.5063306288372621E-007
   9.67741907E-02  0.548387110      -2.6875857370868018E-008
  0.129032254      0.548387110      -1.3564384404012947E-007
  0.161290318      0.548387110       1.1235901824754850E-007
  0.193548381      0.548387110      -2.0101086795322168E-007
  0.225806445      0.548387110       5.0201019838776137E-007
  0.258064508      0.548387110       7.2684088842486027E-006
  0.290322572      0.548387110       6.1046644998353662E-005
  0.322580636      0.548387110       3.3868681771962258E-004
  0.354838699      0.548387110       1.3260056078648263E-003
  0.387096763      0.548387110       3.7993079116277208E-003
  0.419354826      0.548387110       7.8941856474711650E-003
  0.451612890      0.548387110       1.1320438668365964E-002
  0.483870953      0.548387110       1.0523262717297735E-002
  0.516129017      0.548387110       6.1961042178532754E-003
  0.548387110      0.548387110       2.4432605796985648E-003
  0.580645144      0.548387110       6.9560785796375819E-004
  0.612903237      0.548387110       1.5073158321954200E-004
  0.645161271      0.548387110       2.8235547976859923E-005
  0.677419364      0.548387110       5.6817102952945878E-006
  0.709677398      0.548387110       9.3962435974126778E-007
  0.741935492      0.548387110       6.2824478469197802E-008
  0.774193525      0.548387110      -7.6603761366469607E-008
  0.806451619      0.548387110       4.2145096528870195E-008
  0.838709652      0.548387110      -8.5905193280097397E-009
  0.870967746      0.548387110       2.7697783176233706E-008
  0.903225780      0.548387110      -5.7960358337940314E-009
  0.935483873      0.548387110      -2.4133472029286790E-008
  0.967741907      0.548387110       8.6361514690457239E-007
   1.00000000      0.548387110      -4.3124464229910162E-007
   0.00000000      0.580645144       1.1153601135211408E-006
   3.22580636E-02  0.580645144       5.0447051700711326E-007
   6.45161271E-02  0.580645144      -9.5441390774610213E-008
   9.67741907E-02  0.580645144       8.7827618683024391E-009
  0.129032254      0.580645144       1.6683064244900615E-007
  0.161290318      0.580645144      -1.0934446353416149E-007
  0.193548381      0.580645144       2.0006945613879654E-007
  0.225806445      0.580645144       1.1140301594136256E-007
  0.258064508      0.580645144       4.5041879571250198E-006
  0.290322572      0.580645144       2.9116252542700145E-005
  0.322580636      0.580645144       1.3441888089129860E-004
  0.354838699      0.580645144       4.6238190193867462E-004
  0.387096763      0.580645144       1.2373547266396299E-003
  0.419354826      0.580645144       2.4696940373624666E-003
  0.451612890      0.580645144       3.4436785071336896E-003
  0.483870953      0.580645144       3.1109721336087474E-003
  0.516129017      0.580645144       1.7661626428799343E-003
  0.548387110      0.580645144       6.4310617106784571E-004
  0.580645144      0.580645144       1.5528524863355126E-004
  0.612903237      0.580645144       2.6828088217772529E-005
  0.645161271      0.580645144       6.1422732466901321E-006
  0.677419364      0.580645144       2.0997881967212419E-006
  0.709677398      0.580645144       1.5073375954386845E-007
  0.741935492      0.580645144      -7.2148692796846034E-008
  0.774193525      0.580645144       1.3757458640688730E-007
  0.806451619      0.580645144      -4.0365052516780758E-008
  0.838709652      0.580645144       3.4179240413353595E-008
  0.870967746      0.580645144       1.1124283202252118E-008
  0.903225780      0.580645144       2.3025267483586801E-008
  0.935483873      0.580645144       5.0252010137495763E-008
  0.967741907      0.580645144      -8.3649234691263325E-007
   1.00000000      0.580645144       5.1747644066104897E-007
   0.00000000      0.612903237      -9.9193096110080259E-007
   3.22580636E-02  0.612903237      -4.4732549445197364E-007
   6.45161271E-02  0.612903237       1.5145787649333500E-007
   9.67741907E-02  0.612903237       1.6512704892814968E-008
  0.129032254      0.612903237      -6.8591678046394079E-008
  0.161290318      0.612903237       4.1500453693369130E-008
  0.193548381      0.612903237      -7.0811681688557404E-008
  0.225806445      0.612903237       1.4327508919681689E-007
  0.258064508      0.612903237       2.7936489607802685E-006
  0.290322572      0.612903237       1.4041403739112223E-005
  0.322580636      0.612903237       4.6935519428091919E-005
  0.354838699      0.612903237       1.3089321649419275E-004
  0.387096763      0.612903237       2.9237507456560938E-004
  0.419354826      0.612903237       5.3532990526972450E-004
  0.451612890      0.612903237       7.5682028922230209E-004
  0.483870953      0.612903237       7.2078798672544524E-004
  0.516129017      0.612903237       4.1175479129970498E-004
  0.548387110      0.612903237       1.3638757415537753E-004
  0.580645144      0.612903237       2.8074217482336067E-005
  0.612903237      0.612903237       6.1900813076188070E-006
  0.645161271      0.612903237       2.8077511245350578E-006
  0.677419364      0.612903237       4.8474430037396787E-007
  0.709677398      0.612903237      -3.0445759641951361E-008
  0.741935492      0.612903237       3.9832027171638105E-008
  0.774193525      0.612903237      -1.4227646855870367E-007
  0.806451619      0.612903237       9.8596620533655960E-008
  0.838709652      0.612903237      -6.0705803664323137E-008
  0.870967746      0.612903237       5.6667127604861395E-008
  0.903225780      0.612903237      -2.6319434139349260E-008
  0.935483873      0.612903237       6.6980889229427617E-009
  0.967741907      0.612903237       8.1869310804840241E-007
   1.00000000      0.612903237      -5.3252757408111395E-007
   0.00000000      0.645161271       9.0918602947248392E-007
   3.22580636E-02  0.645161271       4.0100444096620293E-007
   6.45161271E-02  0.645161271      -1.2323471796285344E-007
   9.67741907E-02  0.645161271      -5.2047110420781349E-008
  0.129032254      0.645161271       6.2405689648855024E-008
  0.161290318      0.645161271      -3.8188726082408064E-008
  0.193548381      0.645161271       9.9424167839873813E-008
  0.225806445      0.645161271      -4.4025826762097828E-008
  0.258064508      0.645161271       1.3890111063150791E-006
  0.290322572      0.645161271       5.3323536228098013E-006
  0.322580636      0.645161271       1.3968231274242544E-005
  0.354838699      0.645161271       2.5990861250749469E-005
  0.387096763      0.645161271       4.5433534459152692E-005
  0.419354826      0.645161271       8.2968404924693869E-005
  0.451612890      0.645161271       1.3335930609590841E-004
  0.483870953      0.645161271       1.4359771647422565E-004
  0.516129017      0.645161271       8.4063277923211230E-005
  0.548387110      0.645161271       2.6972289546294556E-005
  0.580645144      0.645161271       6.8391551311864875E-006
  0.612903237      0.645161271       2.1143759089246062E-006
  0.645161271      0.645161271       2.6649805289096290E-008
  0.677419364      0.645161271       3.0108259102680736E-008
  0.709677398      0.645161271       7.3971217123997604E-008
  0.741935492      0.645161271      -1.0816730420471483E-008
  0.774193525      0.645161271       1.0040803615739399E-007
  0.806451619      0.645161271      -3.7141713101650889E-008
  0.838709652      0.645161271       1.9819246609996606E-008
  0.870967746      0.645161271       2.3036968715115728E-008
  0.903225780      0.645161271      -1.0482976748659253E-008
  0.935483873      0.645161271       5.2296490648553115E-008
  0.967741907      0.645161271      -7.8579737316533983E-007
   1.00000000      0.645161271       6.0305269637502567E-007
   0.00000000      0.677419364      -7.9555045579680909E-007
   3.22580636E-02  0.677419364      -3.3627316087878038E-007
   6.45161271E-02  0.677419364       1.4502763602965446E-007
   9.67741907E-02  0.677419364       9.8915514686550281E-008
  0.129032254      0.677419364      -5.2530216997305445E-009
  0.161290318      0.677419364       2.3543839956716406E-008
  0.193548381      0.677419364      -4.3819755526563705E-008
  0.225806445      0.677419364      -4.4761273888200493E-008
  0.258064508      0.677419364      -8.0410249541435748E-008
  0.290322572      0.677419364       1.3546660751604547E-006
  0.322580636      0.677419364       2.2454666056269482E-006
  0.354838699      0.677419364       2.5470856436084278E-006
  0.387096763      0.677419364       4.8541856510699012E-006
  0.419354826      0.677419364       9.9355666478530046E-006
  0.451612890      0.677419364       1.9530340526176790E-005
  0.483870953      0.677419364       2.4607692600600735E-005
  0.516129017      0.677419364       1.6572030630931436E-005
  0.548387110      0.677419364       5.9670609353341531E-006
  0.580645144      0.677419364       1.6886291564401055E-006
  0.612903237      0.677419364       2.5117764982224383E-008
  0.645161271      0.677419364       4.2523511877537863E-008
  0.677419364      0.677419364      -1.8254017091141349E-008
  0.709677398      0.677419364      -1.8104766585816239E-008
  0.741935492      0.677419364      -2.6551063055074007E-008
  0.774193525      0.677419364      -5.0560286300319756E-008
  0.806451619      0.677419364       3.0075269197028598E-008
  0.838709652      0.677419364       1.0382141432625701E-008
  0.870967746      0.677419364      -1.1788782831633017E-008
  0.903225780      0.677419364       4.6368651672625609E-008
  0.935483873      0.677419364      -1.5812051561131388E-008
  0.967741907      0.677419364       7.6185684876974354E-007
   1.00000000      0.677419364      -5.9196965194722268E-007
   0.00000000      0.709677398       7.2840989200574572E-007
   3.22580636E-02  0.709677398       3.1322551767396225E-007
   6.45161271E-02  0.709677398      -1.4078081132682327E-007
   9.67741907E-02  0.709677398      -1.2894866452576939E-007
  0.129032254      0.709677398      -2.9794140303561154E-008
  0.161290318      0.709677398       3.1913109559373491E-009
  0.193548381      0.709677398      -2.4513204128627693E-009
  0.225806445      0.709677398       5.4894538655750092E-008
  0.258064508      0.709677398      -7.0859174157576962E-008
  0.290322572      0.709677398       1.5280758673681860E-008
  0.322580636      0.709677398      -3.9951222149213102E-008
  0.354838699      0.709677398       2.1068770192020017E-007
  0.387096763      0.709677398       4.5341540471148029E-009
  0.419354826      0.709677398       9.4632506086075891E-007
  0.451612890      0.709677398       2.0695973989342707E-006
  0.483870953      0.709677398       3.6582300046850485E-006
  0.516129017      0.709677398       2.9308068658461366E-006
  0.548387110      0.709677398       9.3208222538719214E-007
  0.580645144      0.709677398      -9.4754767404966855E-008
  0.612903237      0.709677398      -3.7308016067954579E-008
  0.645161271      0.709677398      -2.1240857289322899E-008
  0.677419364      0.709677398       7.9682348115357593E-009
  0.709677398      0.709677398       1.7436100923486912E-008
  0.741935492      0.709677398       3.2764067306226127E-008
  0.774193525      0.709677398       1.5641459687308072E-008
  0.806451619      0.709677398       1.0127076047403403E-008
  0.838709652      0.709677398      -2.4986374760032204E-008
  0.870967746      0.709677398       5.9972982026060389E-008
  0.903225780      0.709677398      -4.9574963740213626E-008
  0.935483873      0.709677398       3.2369812647708325E-008
  0.967741907      0.709677398      -7.0286551838381216E-007
   1.00000000      0.709677398       6.0709503216031312E-007
   0.00000000      0.741935492      -6.5112634699430896E-007
   3.22580636E-02  0.741935492      -2.9242989998802771E-007
   6.45161271E-02  0.741935492       1.7282110845495315E-007
   9.67741907E-02  0.741935492       1.6118698210942415E-007
  0.129032254      0.741935492       6.8923356489048377E-008
  0.161290318      0.741935492      -7.6824062051852552E-012
  0.193548381      0.741935492      -3.0814472375559593E-009
  0.225806445      0.741935492      -4.2456887757603369E-008
  0.258064508      0.741935492       3.4644868782575839E-008
  0.290322572      0.741935492      -8.2847680454992415E-009
  0.322580636      0.741935492       6.5993082434384085E-008
  0.354838699      0.741935492      -6.4977710116878061E-008
  0.387096763      0.741935492       9.3068647174504617E-008
  0.419354826      0.741935492      -5.0977098707972821E-008
  0.451612890      0.741935492      -6.0521745778686036E-008
  0.483870953      0.741935492       8.4125490748399902E-008
  0.516129017      0.741935492       1.4218307703647680E-007
  0.548387110      0.741935492      -1.3764235921132245E-007
  0.580645144      0.741935492       6.5515047235335002E-008
  0.612903237      0.741935492       2.9759606269642437E-008
  0.645161271      0.741935492       2.0159499591080078E-009
  0.677419364      0.741935492       1.2364645277726450E-009
  0.709677398      0.741935492      -2.1227363555166155E-008
  0.741935492      0.741935492      -6.4252718059009471E-009
  0.774193525      0.741935492      -2.1833243740607803E-009
  0.806451619      0.741935492      -1.0306133147382804E-008
  0.838709652      0.741935492       5.2559057110066852E-008
  0.870967746      0.741935492      -7.6928987770352966E-008
  0.903225780      0.741935492       8.8507867450016622E-008
  0.935483873      0.741935492      -1.6395480028507942E-008
  0.967741907      0.741935492       6.9272549225097447E-007
   1.00000000      0.741935492      -5.5637224477920222E-007
   0.00000000      0.774193525       6.1176242505114435E-007
   3.22580636E-02  0.774193525       2.8371104283527768E-007
   6.45161271E-02  0.774193525      -1.6111707300304995E-007
   9.67741907E-02  0.774193525      -1.7739199944834314E-007
  0.129032254      0.774193525      -8.2963377458301553E-008
  0.161290318      0.774193525       8.7217936488693449E-009
  0.193548381      0.774193525       3.7972221535682886E-010
  0.225806445      0.774193525       3.6616439960714900E-008
  0.258064508      0.774193525      -3.6302142840500294E-008
  0.290322572      0.774193525       1.4361356485669369E-008
  0.322580636      0.774193525      -1.3526405158960319E-008
  0.354838699      0.774193525       3.5742518084712920E-008
  0.387096763      0.774193525      -1.7271448006379399E-008
  0.419354826      0.774193525       2.0798252133564152E-008
  0.451612890      0.774193525       2.9516412964593888E-008
  0.483870953      0.774193525       1.1876403722487214E-007
  0.516129017      0.774193525       5.5084250160474572E-009
  0.548387110      0.774193525       1.3606929189241369E-007
  0.580645144      0.774193525      -5.0499552327646596E-008
  0.612903237      0.774193525      -5.1051072032689154E-008
  0.645161271      0.774193525       5.2515582224921550E-008
  0.677419364      0.774193525      -2.6917923395241897E-008
  0.709677398      0.774193525       3.3165824168059130E-008
  0.741935492      0.774193525       4.8490877541939091E-009
  0.774193525      0.774193525      -7.3304442473193040E-009
  0.806451619      0.774193525       2.8981008558401844E-008
  0.838709652      0.774193525      -4.0339863498365422E-008
  0.870967746      0.774193525       8.8753538320051975E-008
  0.903225780      0.774193525      -5.9765215563104028E-008
  0.935483873      0.774193525       1.5587037892487827E-008
  0.967741907      0.774193525      -6.2968529762936624E-007
   1.00000000      0.774193525       5.3173149630547252E-007
   0.00000000      0.806451619      -5.6678589850448468E-007
   3.22580636E-02  0.806451619      -2.5367048321693385E-007
   6.45161271E-02  0.806451619       1.5169054981927352E-007
   9.67741907E-02  0.806451619       2.0891692266261352E-007
  0.129032254      0.806451619       9.4410534017630529E-008
  0.161290318      0.806451619      -5.1980632871899253E-009
  0.193548381      0.806451619       1.0882879060709088E-008
  0.225806445      0.806451619      -2.2920655146185757E-008
  0.258064508      0.806451619       3.5669566605618831E-008
  0.290322572      0.806451619       5.1779250024989261E-009
  0.322580636      0.806451619       1.0789456292180307E-008
  0.354838699      0.806451619      -7.9835133539244725E-009
  0.387096763      0.806451619       1.1803047153078340E-008
  0.419354826      0.806451619       2.1814500202403883E-008
  0.451612890      0.806451619       3.7282271618269117E-009
  0.483870953      0.806451619      -5.0370250287082482E-008
  0.516129017      0.806451619       1.4671105211942898E-008
  0.548387110      0.806451619      -1.0904946243626228E-007
  0.580645144      0.806451619       9.1637047126092117E-008
  0.612903237      0.806451619       8.4396754327173000E-009
  0.645161271      0.806451619      -9.9930340031178305E-009
  0.677419364      0.806451619      -1.7764320662821081E-008
  0.709677398      0.806451619       3.6015271245876160E-008
  0.741935492      0.806451619      -4.6521763697493739E-008
  0.774193525      0.806451619       7.6993280272862972E-008
  0.806451619      0.806451619      -5.5685580538718597E-008
  0.838709652      0.806451619       8.7963919265887973E-008
  0.870967746      0.806451619      -1.0069751620607893E-007
  0.903225780      0.806451619       1.0204947881889031E-007
  0.935483873      0.806451619      -5.0350707547861658E-009
  0.967741907      0.806451619       6.0147554660774063E-007
   1.00000000      0.806451619      -4.6627356401317927E-007
   0.00000000      0.838709652       5.4329843867184356E-007
   3.22580636E-02  0.838709652       2.5432310794805334E-007
   6.45161271E-02  0.838709652      -1.2966358912402522E-007
   9.67741907E-02  0.838709652      -2.0982727580784921E-007
  0.129032254      0.838709652      -8.2807499047033111E-008
  0.161290318      0.838709652       1.1055120245823648E-008
  0.193548381      0.838709652      -2.6480783148922412E-008
  0.225806445      0.838709652       6.1304381376387451E-008
  0.258064508      0.838709652      -8.1627133847949516E-008
  0.290322572      0.838709652       7.6550073998241081E-008
  0.322580636      0.838709652      -6.8498348737534577E-008
  0.354838699      0.838709652       1.2196756054327157E-007
  0.387096763      0.838709652      -9.2327122529304823E-008
  0.419354826      0.838709652       1.1077086670269717E-007
  0.451612890      0.838709652      -7.8347110862270536E-008
  0.483870953      0.838709652       1.6279879684088026E-007
  0.516129017      0.838709652      -6.7044429518645178E-008
  0.548387110      0.838709652       1.6942994757669253E-007
  0.580645144      0.838709652      -1.1782051216409949E-007
  0.612903237      0.838709652       4.1096411736553091E-008
  0.645161271      0.838709652       2.3806786587072693E-008
  0.677419364      0.838709652      -9.5776253034672321E-010
  0.709677398      0.838709652       2.4639175005989670E-008
  0.741935492      0.838709652      -2.3153025889560579E-008
  0.774193525      0.838709652       1.3761989534191934E-008
  0.806451619      0.838709652      -2.2307582452279356E-008
  0.838709652      0.838709652       9.0999057396048454E-009
  0.870967746      0.838709652       2.3807700486961919E-008
  0.903225780      0.838709652      -1.5366243577399892E-008
  0.935483873      0.838709652      -3.0841517801062902E-008
  0.967741907      0.838709652      -4.8666620165212753E-007
   1.00000000      0.838709652       4.1560900811564769E-007
   0.00000000      0.870967746      -4.8928458441807090E-007
   3.22580636E-02  0.870967746      -2.6472244449218049E-007
   6.45161271E-02  0.870967746       1.6094472357028785E-007
   9.67741907E-02  0.870967746       1.5598757843555828E-007
  0.129032254      0.870967746       1.4470873254749439E-007
  0.161290318      0.870967746      -4.4687518450601505E-008
  0.193548381      0.870967746       7.2921507189238616E-008
  0.225806445      0.870967746      -6.5066114327758431E-008
  0.258064508      0.870967746       1.0373326076169572E-007
  0.290322572      0.870967746      -8.4587026066530233E-008
  0.322580636      0.870967746       1.0167525658358546E-007
  0.354838699      0.870967746      -1.1117039384082803E-007
  0.387096763      0.870967746       1.2596803812941219E-007
  0.419354826      0.870967746      -5.0459034566031209E-008
  0.451612890      0.870967746       8.5713874240187285E-008
  0.483870953      0.870967746      -9.8683339169713728E-008
  0.516129017      0.870967746       6.7730048892670315E-008
  0.548387110      0.870967746      -1.0409997550105727E-007
  0.580645144      0.870967746       1.1776129543528485E-007
  0.612903237      0.870967746      -3.3720157254247045E-008
  0.645161271      0.870967746       1.7500501763905053E-008
  0.677419364      0.870967746      -3.9496325367773612E-008
  0.709677398      0.870967746       6.3420106732139925E-008
  0.741935492      0.870967746      -4.2584852095567187E-008
  0.774193525      0.870967746       7.7075137734385997E-008
  0.806451619      0.870967746      -2.9102037893469570E-008
  0.838709652      0.870967746       6.2530045211187068E-008
  0.870967746      0.870967746      -3.7362094522803456E-008
  0.903225780      0.870967746       5.4309394335007480E-008
  0.935483873      0.870967746       3.2662382353711576E-008
  0.967741907      0.870967746       4.4453791382373439E-007
   1.00000000      0.870967746      -3.3372361485296751E-007
   0.00000000      0.903225780       4.3016754028797015E-007
   3.22580636E-02  0.903225780       2.8341131662195700E-007
   6.45161271E-02  0.903225780      -1.7408714439519808E-007
   9.67741907E-02  0.903225780      -6.3828872835195431E-008
  0.129032254      0.903225780      -2.0091968207992009E-007
  0.161290318      0.903225780       1.1920454169754716E-007
  0.193548381      0.903225780      -1.2522702338287739E-007
  0.225806445      0.903225780       1.1503637477083345E-007
  0.258064508      0.903225780      -1.0998749901616520E-007
  0.290322572      0.903225780       1.1361279236046489E-007
  0.322580636      0.903225780      -7.1083627399370714E-008
  0.354838699      0.903225780       1.0837308224347969E-007
  0.387096763      0.903225780      -6.1126058878630981E-008
  0.419354826      0.903225780       5.2008274015236164E-008
  0.451612890      0.903225780       1.3763208868496156E-008
  0.483870953      0.903225780       6.4910449043402846E-008
  0.516129017      0.903225780       1.5163889382959167E-008
  0.548387110      0.903225780       8.9000846094397509E-008
  0.580645144      0.903225780      -6.6714063909405424E-008
  0.612903237      0.903225780       4.6912013679864786E-008
  0.645161271      0.903225780       9.9882247776709661E-009
  0.677419364      0.903225780       4.2236625569258914E-008
  0.709677398      0.903225780      -3.8839227581017821E-008
  0.741935492      0.903225780       6.7101762357120603E-008
  0.774193525      0.903225780      -1.0345347437448850E-007
  0.806451619      0.903225780       1.2152683067369291E-007
  0.838709652      0.903225780      -1.4170794357779253E-007
  0.870967746      0.903225780       1.5134587030650688E-007
  0.903225780      0.903225780      -1.2639697928699945E-007
  0.935483873      0.903225780       6.0776984247275106E-008
  0.967741907      0.903225780      -3.9358431178448362E-007
   1.00000000      0.903225780       2.9896683221025775E-007
   0.00000000      0.935483873      -3.4343405598385195E-007
   3.22580636E-02  0.935483873      -2.1427596217802891E-007
   6.45161271E-02  0.935483873       1.3792284451615244E-007
   9.67741907E-02  0.935483873       3.8464973997133328E-008
  0.129032254      0.935483873       2.1985404734566376E-007
  0.161290318      0.935483873      -1.5781919236558013E-007
  0.193548381      0.935483873       2.2519735844244671E-007
  0.225806445      0.935483873      -2.3636839752200459E-007
  0.258064508      0.935483873       2.8286452662868589E-007
  0.290322572      0.935483873      -3.0338824223920125E-007
  0.322580636      0.935483873       3.3509862770064726E-007
  0.354838699      0.935483873      -3.3158230016660322E-007
  0.387096763      0.935483873       3.6540397223582894E-007
  0.419354826      0.935483873      -3.2045990724429603E-007
  0.451612890      0.935483873       3.7250778966629472E-007
  0.483870953      0.935483873      -3.7228854140612351E-007
  0.516129017      0.935483873       3.7832467146456366E-007
  0.548387110      0.935483873      -3.6795281870432411E-007
  0.580645144      0.935483873       3.7038273336383170E-007
  0.612903237      0.935483873      -2.6988837807952325E-007
  0.645161271      0.935483873       2.3428127238499303E-007
  0.677419364      0.935483873      -2.1571175140500212E-007
  0.709677398      0.935483873       2.2893777625065234E-007
  0.741935492      0.935483873      -1.9416988414295928E-007
  0.774193525      0.935483873       2.2067661750635341E-007
  0.806451619      0.935483873      -1.6596860452016972E-007
  0.838709652      0.935483873       1.7562840098629232E-007
  0.870967746      0.935483873      -1.2857452120634017E-007
  0.903225780      0.935483873       1.3168052336253724E-007
  0.935483873      0.935483873      -3.8675086077843434E-008
  0.967741907      0.935483873       3.1124991017335242E-007
   1.00000000      0.935483873      -2.0225814191279343E-007
   0.00000000      0.967741907       3.2217988872821832E-007
   3.22580636E-02  0.967741907      -8.3750140708342046E-008
   6.45161271E-02  0.967741907       2.8346382790917047E-007
   9.67741907E-02  0.967741907      -5.0405808091538125E-007
  0.129032254      0.967741907       4.6955779152004515E-007
  0.161290318      0.967741907      -6.3572875425779524E-007
  0.193548381      0.967741907       7.3309139861790084E-007
  0.225806445      0.967741907      -8.1923346000844753E-007
  0.258064508      0.967741907       9.1946733985944108E-007
  0.290322572      0.967741907      -9.5546584472525373E-007
  0.322580636      0.967741907       1.0439720831452987E-006
  0.354838699      0.967741907      -1.0832560353489015E-006
  0.387096763      0.967741907       1.2135317346471186E-006
  0.419354826      0.967741907      -1.2614987906063366E-006
  0.451612890      0.967741907       1.4022324608910229E-006
  0.483870953      0.967741907      -1.3704886588310164E-006
  0.516129017      0.967741907       1.4855242954664735E-006
  0.548387110      0.967741907      -1.4401086547339854E-006
  0.580645144      0.967741907       1.4938098319290983E-006
  0.612903237      0.967741907      -1.4861710628489209E-006
  0.645161271      0.967741907       1.5129028090854388E-006
  0.677419364      0.967741907      -1.4378698898165461E-006
  0.709677398      0.967741907       1.4071938237771980E-006
  0.741935492      0.967741907      -1.3300261725235251E-006
  0.774193525      0.967741907       1.2475230945244936E-006
  0.806451619      0.967741907      -1.1269254246258227E-006
  0.838709652      0.967741907       9.9071203893285447E-007
  0.870967746      0.967741907      -8.3123728290376828E-007
  0.903225780      0.967741907       6.7302805514175686E-007
  0.935483873      0.967741907      -5.0852884490682490E-007
  0.967741907      0.967741907       1.6348644947386845E-007
   1.00000000      0.967741907       2.0186660832997173E-008
   0.00000000       1.00000000      -1.6314236112331371E-007
   3.22580636E-02   1.00000000       1.8428571907254546E-007
   6.45161271E-02   1.00000000      -3.4362048076806216E-007
   9.67741907E-02   1.00000000       5.3241386422151243E-007
  0.129032254       1.00000000      -5.9176028955058427E-007
  0.161290318       1.00000000       7.3674683325841581E-007
  0.193548381       1.00000000      -8.1645515729068329E-007
  0.225806445       1.00000000       9.1914999922874487E-007
  0.258064508       1.00000000      -9.9234337798410630E-007
  0.290322572       1.00000000       1.0773805284965592E-006
  0.322580636       1.00000000      -1.1175415017060985E-006
  0.354838699       1.00000000       1.1922680579315819E-006
  0.387096763       1.00000000      -1.1808239110081178E-006
  0.419354826       1.00000000       1.2379922685379783E-006
  0.451612890       1.00000000      -1.1476025696215203E-006
  0.483870953       1.00000000       1.1630648681329016E-006
  0.516129017       1.00000000      -1.0845750207176050E-006
  0.548387110       1.00000000       1.0803785336590139E-006
  0.580645144       1.00000000      -1.0029945511349207E-006
  0.612903237       1.00000000       1.0011890106534239E-006
  0.645161271       1.00000000      -9.3505204527874166E-007
  0.677419364       1.00000000       9.0532796694815550E-007
  0.709677398       1.00000000      -8.3179658751619197E-007
  0.741935492       1.00000000       7.9452132392537675E-007
  0.774193525       1.00000000      -6.9939241121305973E-007
  0.806451619       1.00000000       6.4251638903936399E-007
  0.838709652       1.00000000      -5.2951892033574649E-007
  0.870967746       1.00000000       4.6075189339313952E-007
  0.903225780       1.00000000      -3.4008601567206873E-007
  0.935483873       1.00000000       2.7573888804762114E-007
  0.967741907       1.00000000      -9.6633854652456076E-008
   1.00000000       1.00000000       2.4757158438211670E-008
