 # X Y F 
   0.00000000       0.00000000       2.9209260276180913E-008
   3.22580636E-02   0.00000000      -2.2691243504283750E-007
   6.45161271E-02   0.00000000       3.2234215403405315E-007
   9.67741907E-02   0.00000000      -3.3872162203435530E-007
  0.129032254       0.00000000       4.5295446050689646E-007
  0.161290318       0.00000000      -4.9529021951271215E-007
  0.193548381       0.00000000       5.7400641727122727E-007
  0.225806445       0.00000000      -5.8028649009815194E-007
  0.258064508       0.00000000       6.4381801527545162E-007
  0.290322572       0.00000000      -6.3890319749819946E-007
  0.322580636       0.00000000       6.8526637827229773E-007
  0.354838699       0.00000000      -6.8055090988340719E-007
  0.387096763       0.00000000       7.3114245453971005E-007
  0.419354826       0.00000000      -7.2886254764026289E-007
  0.451612890       0.00000000       7.8019747624265018E-007
  0.483870953       0.00000000      -7.5846974274856077E-007
  0.516129017       0.00000000       8.0637115562295938E-007
  0.548387110       0.00000000      -7.6660518287854887E-007
  0.580645144       0.00000000       7.9622911529824808E-007
  0.612903237       0.00000000      -7.3653140074559846E-007
  0.645161271       0.00000000       7.4900687820859013E-007
  0.677419364       0.00000000      -6.7806831096783863E-007
  0.709677398       0.00000000       6.4704839049421693E-007
  0.741935492       0.00000000      -5.6396636280608639E-007
  0.774193525       0.00000000       5.4755470612527001E-007
  0.806451619       0.00000000      -4.6499688953802901E-007
  0.838709652       0.00000000       4.2120233427961202E-007
  0.870967746       0.00000000      -3.4354549902873110E-007
  0.903225780       0.00000000       2.9668158503444752E-007
  0.935483873       0.00000000      -2.2188492005334601E-007
  0.967741907       0.00000000       1.7022059437383644E-007
   1.00000000       0.00000000      -2.4432458386532733E-008
   0.00000000       3.22580636E-02   2.8107822707111133E-007
   3.22580636E-02   3.22580636E-02  -2.2133382662575898E-007
   6.45161271E-02   3.22580636E-02   4.6624925299502275E-007
   9.67741907E-02   3.22580636E-02  -7.2615832219827065E-007
  0.129032254       3.22580636E-02   8.0578057644505888E-007
  0.161290318       3.22580636E-02  -8.8586385476236133E-007
  0.193548381       3.22580636E-02   9.6803313143423895E-007
  0.225806445       3.22580636E-02  -1.0036379903883449E-006
  0.258064508       3.22580636E-02   9.8396612994796717E-007
  0.290322572       3.22580636E-02  -9.4354402762901904E-007
  0.322580636       3.22580636E-02   9.3519175301236213E-007
  0.354838699       3.22580636E-02  -8.6955097496328762E-007
  0.387096763       3.22580636E-02   8.6595865479086026E-007
  0.419354826       3.22580636E-02  -7.7800874341165850E-007
  0.451612890       3.22580636E-02   7.9229364858504000E-007
  0.483870953       3.22580636E-02  -7.5591640338785251E-007
  0.516129017       3.22580636E-02   7.8722024600563353E-007
  0.548387110       3.22580636E-02  -7.6480942099747144E-007
  0.580645144       3.22580636E-02   7.9686632204003233E-007
  0.612903237       3.22580636E-02  -7.8724664661235608E-007
  0.645161271       3.22580636E-02   8.2215536331261023E-007
  0.677419364       3.22580636E-02  -8.2791031066793076E-007
  0.709677398       3.22580636E-02   9.0010099397784371E-007
  0.741935492       3.22580636E-02  -9.0135727190400647E-007
  0.774193525       3.22580636E-02   8.6940550796260822E-007
  0.806451619       3.22580636E-02  -8.4858286528788120E-007
  0.838709652       3.22580636E-02   8.1299675755665552E-007
  0.870967746       3.22580636E-02  -7.1420963403948294E-007
  0.903225780       3.22580636E-02   5.9064821987377516E-007
  0.935483873       3.22580636E-02  -4.0292261816281829E-007
  0.967741907       3.22580636E-02   2.0672865359716726E-007
   1.00000000       3.22580636E-02  -1.4197671554688958E-007
   0.00000000       6.45161271E-02  -1.8385547706718651E-007
   3.22580636E-02   6.45161271E-02  -2.4604864792843019E-007
   6.45161271E-02   6.45161271E-02   2.4347266413198840E-007
   9.67741907E-02   6.45161271E-02  -7.9538657111820560E-008
  0.129032254       6.45161271E-02   2.3325697475623964E-007
  0.161290318       6.45161271E-02  -2.4039258200636100E-007
  0.193548381       6.45161271E-02   2.7879700165568218E-007
  0.225806445       6.45161271E-02  -2.3254440933109866E-007
  0.258064508       6.45161271E-02   2.8208731738726210E-007
  0.290322572       6.45161271E-02  -2.1622634967398485E-007
  0.322580636       6.45161271E-02   2.1099151406232810E-007
  0.354838699       6.45161271E-02  -1.5540025982597125E-007
  0.387096763       6.45161271E-02   1.4636666687792126E-007
  0.419354826       6.45161271E-02  -1.1127641047791733E-007
  0.451612890       6.45161271E-02   1.2647336151063848E-007
  0.483870953       6.45161271E-02  -4.4336101834851028E-008
  0.516129017       6.45161271E-02   7.7201172236266281E-008
  0.548387110       6.45161271E-02   9.7498987337464978E-010
  0.580645144       6.45161271E-02   6.6571104249763719E-008
  0.612903237       6.45161271E-02  -3.8621089730114082E-008
  0.645161271       6.45161271E-02   1.2643790468472662E-007
  0.677419364       6.45161271E-02  -1.0478435113974024E-007
  0.709677398       6.45161271E-02   1.1267654762269390E-007
  0.741935492       6.45161271E-02  -7.7578464156517207E-008
  0.774193525       6.45161271E-02   1.8182883391601738E-007
  0.806451619       6.45161271E-02  -1.3247273101149855E-007
  0.838709652       6.45161271E-02   1.5892671367597541E-007
  0.870967746       6.45161271E-02  -1.3916901746985082E-007
  0.903225780       6.45161271E-02   1.6653423258855777E-007
  0.935483873       6.45161271E-02  -1.5330427242543033E-007
  0.967741907       6.45161271E-02   2.2774042413212687E-007
   1.00000000       6.45161271E-02   4.3727892989232823E-008
   0.00000000       9.67741907E-02   3.1461044287704380E-007
   3.22580636E-02   9.67741907E-02   1.9178482957626196E-007
   6.45161271E-02   9.67741907E-02  -8.4757250054463996E-008
   9.67741907E-02   9.67741907E-02  -1.3921242737216574E-007
  0.129032254       9.67741907E-02   3.0952137534589570E-008
  0.161290318       9.67741907E-02  -1.3386986616949831E-008
  0.193548381       9.67741907E-02   2.7776706417326019E-008
  0.225806445       9.67741907E-02  -3.0748357654558881E-008
  0.258064508       9.67741907E-02  -4.1499925431916212E-009
  0.290322572       9.67741907E-02   2.3333499683247621E-009
  0.322580636       9.67741907E-02   2.2991700030115064E-008
  0.354838699       9.67741907E-02   1.4252008095410747E-009
  0.387096763       9.67741907E-02   5.2880666586568346E-008
  0.419354826       9.67741907E-02   2.7073020854335682E-008
  0.451612890       9.67741907E-02   3.4681759683592140E-009
  0.483870953       9.67741907E-02   9.1093183581556621E-009
  0.516129017       9.67741907E-02   1.8830326191762567E-008
  0.548387110       9.67741907E-02   5.3743683881005600E-009
  0.580645144       9.67741907E-02  -3.6185430297803748E-010
  0.612903237       9.67741907E-02   5.9184643090383040E-008
  0.645161271       9.67741907E-02  -6.1474889128966570E-008
  0.677419364       9.67741907E-02   8.1267924624562893E-008
  0.709677398       9.67741907E-02   5.5626811829391501E-009
  0.741935492       9.67741907E-02  -1.0955447583118749E-008
  0.774193525       9.67741907E-02  -6.3876651117773474E-008
  0.806451619       9.67741907E-02   1.1299724570402955E-008
  0.838709652       9.67741907E-02   2.5736170128945330E-009
  0.870967746       9.67741907E-02   6.9576715270527993E-009
  0.903225780       9.67741907E-02  -3.5799752118680820E-008
  0.935483873       9.67741907E-02   7.9557442140421920E-008
  0.967741907       9.67741907E-02  -2.0694609077689498E-007
   1.00000000       9.67741907E-02  -5.5744304508865780E-008
   0.00000000      0.129032254      -3.4520801123510171E-007
   3.22580636E-02  0.129032254      -2.2953112637156665E-007
   6.45161271E-02  0.129032254       1.6712655539014633E-007
   9.67741907E-02  0.129032254       1.3204375869909823E-007
  0.129032254      0.129032254       3.4156057274395139E-008
  0.161290318      0.129032254      -3.2464897279818541E-009
  0.193548381      0.129032254       2.4952513911772809E-008
  0.225806445      0.129032254       1.4286999021351329E-008
  0.258064508      0.129032254       4.9009647622923908E-008
  0.290322572      0.129032254      -5.7358433843153714E-010
  0.322580636      0.129032254       2.5092709170433728E-008
  0.354838699      0.129032254       4.3787531711018652E-009
  0.387096763      0.129032254      -1.2907590385032760E-008
  0.419354826      0.129032254       1.0205071868190595E-008
  0.451612890      0.129032254       5.4934591135642513E-008
  0.483870953      0.129032254       5.7362584365192004E-008
  0.516129017      0.129032254       2.6159317307949172E-008
  0.548387110      0.129032254       7.5993563436608031E-008
  0.580645144      0.129032254       2.7743499321100121E-008
  0.612903237      0.129032254      -7.3313282051179972E-009
  0.645161271      0.129032254       1.1361833637527871E-007
  0.677419364      0.129032254      -3.3349362124499635E-008
  0.709677398      0.129032254      -7.9611136769290104E-009
  0.741935492      0.129032254       6.7717193783284661E-008
  0.774193525      0.129032254       6.8588412808328747E-008
  0.806451619      0.129032254       2.9920636713659394E-008
  0.838709652      0.129032254      -1.3614019189229516E-008
  0.870967746      0.129032254       2.2657652458660885E-008
  0.903225780      0.129032254       5.2104692377869719E-008
  0.935483873      0.129032254      -6.8433083486360255E-008
  0.967741907      0.129032254       2.7413145475902608E-007
   1.00000000      0.129032254       6.2843594569582038E-008
   0.00000000      0.161290318       4.1709714149386261E-007
   3.22580636E-02  0.161290318       2.5798926709914662E-007
   6.45161271E-02  0.161290318      -1.5106871212578207E-007
   9.67741907E-02  0.161290318      -1.4417429884474601E-007
  0.129032254      0.161290318       6.9982285351712433E-009
  0.161290318      0.161290318      -1.5865230909124410E-008
  0.193548381      0.161290318       1.9584784596929721E-008
  0.225806445      0.161290318      -1.2342572692141875E-008
  0.258064508      0.161290318      -2.7450430124469598E-008
  0.290322572      0.161290318      -1.2427646804199747E-008
  0.322580636      0.161290318       3.9434400598458289E-009
  0.354838699      0.161290318      -2.0546711907949487E-009
  0.387096763      0.161290318       8.7443422586836542E-008
  0.419354826      0.161290318       3.7531344210189751E-010
  0.451612890      0.161290318       1.4078407475726921E-008
  0.483870953      0.161290318      -5.2034713043994402E-008
  0.516129017      0.161290318       7.4706701386242891E-008
  0.548387110      0.161290318      -9.1229787522451562E-008
  0.580645144      0.161290318       1.3650767750559779E-007
  0.612903237      0.161290318       1.3937700833576859E-007
  0.645161271      0.161290318      -1.0853655428570690E-007
  0.677419364      0.161290318       7.0679435662152585E-008
  0.709677398      0.161290318       2.5078840819885380E-008
  0.741935492      0.161290318      -5.3260729172704465E-008
  0.774193525      0.161290318      -5.9341069922205911E-008
  0.806451619      0.161290318      -2.6576349304831221E-008
  0.838709652      0.161290318       4.2685739145744402E-008
  0.870967746      0.161290318      -3.0932609486460353E-008
  0.903225780      0.161290318      -3.6428343064979048E-008
  0.935483873      0.161290318       9.1061537998189192E-008
  0.967741907      0.161290318      -3.2107617610524613E-007
   1.00000000      0.161290318      -2.7672693294568489E-008
   0.00000000      0.193548381      -4.4470607709048692E-007
   3.22580636E-02  0.193548381      -2.3164023858953103E-007
   6.45161271E-02  0.193548381       1.4643952329036196E-007
   9.67741907E-02  0.193548381       2.0811144923194673E-007
  0.129032254      0.193548381      -4.6407968050064317E-008
  0.161290318      0.193548381       1.0447429809440564E-007
  0.193548381      0.193548381      -8.6872606281340498E-008
  0.225806445      0.193548381       1.0328812499547098E-007
  0.258064508      0.193548381      -6.3238498869403240E-008
  0.290322572      0.193548381       1.0350589206673867E-007
  0.322580636      0.193548381      -1.2164784380676293E-007
  0.354838699      0.193548381       1.3542349402710985E-007
  0.387096763      0.193548381      -1.5445129784604277E-007
  0.419354826      0.193548381       1.6228076134106269E-007
  0.451612890      0.193548381       1.2176146591083289E-007
  0.483870953      0.193548381       4.7388504591758522E-007
  0.516129017      0.193548381       3.5096639868827201E-007
  0.548387110      0.193548381       3.8219911885465815E-007
  0.580645144      0.193548381       3.9411922355012511E-007
  0.612903237      0.193548381      -3.6372044728779999E-007
  0.645161271      0.193548381       6.3641369685588177E-007
  0.677419364      0.193548381       6.0957034552084358E-007
  0.709677398      0.193548381       4.2134385434931897E-007
  0.741935492      0.193548381       6.4842162414203993E-008
  0.774193525      0.193548381       2.0726901350236409E-007
  0.806451619      0.193548381      -1.9575540103014011E-008
  0.838709652      0.193548381      -9.3047216964238133E-010
  0.870967746      0.193548381       9.6043694130781074E-009
  0.903225780      0.193548381       7.8252684403281318E-008
  0.935483873      0.193548381      -9.1041346321274130E-008
  0.967741907      0.193548381       4.0116875540119416E-007
   1.00000000      0.193548381       2.8421344260319027E-008
   0.00000000      0.225806445       4.8887856938132573E-007
   3.22580636E-02  0.225806445       2.7547682109606199E-007
   6.45161271E-02  0.225806445      -1.4986965856584602E-007
   9.67741907E-02  0.225806445      -1.4607304116370651E-007
  0.129032254      0.225806445       3.1725020080859295E-008
  0.161290318      0.225806445      -4.8290231788755302E-008
  0.193548381      0.225806445       5.8508266037524958E-008
  0.225806445      0.225806445      -6.6512461768568962E-008
  0.258064508      0.225806445       4.1615104739195587E-008
  0.290322572      0.225806445      -1.0056939180086916E-007
  0.322580636      0.225806445       2.3014070457526755E-008
  0.354838699      0.225806445       5.9412272279588900E-007
  0.387096763      0.225806445       7.9566549195586433E-007
  0.419354826      0.225806445       7.8854841723701023E-007
  0.451612890      0.225806445       5.4562148654233648E-007
  0.483870953      0.225806445       3.7315768276956432E-007
  0.516129017      0.225806445       5.2347575292710898E-007
  0.548387110      0.225806445       2.6216059862186476E-007
  0.580645144      0.225806445       4.4032679498498374E-007
  0.612903237      0.225806445       5.4072701588896280E-006
  0.645161271      0.225806445       1.0324068990478515E-005
  0.677419364      0.225806445       1.1958312148912254E-005
  0.709677398      0.225806445       7.9817571840027758E-006
  0.741935492      0.225806445       3.1833894419589307E-006
  0.774193525      0.225806445       1.3769036715873309E-006
  0.806451619      0.225806445       8.6213716980835966E-007
  0.838709652      0.225806445       4.4822443485965878E-008
  0.870967746      0.225806445      -4.6027915646915831E-008
  0.903225780      0.225806445      -4.5493561664295759E-008
  0.935483873      0.225806445       1.0908689328446557E-007
  0.967741907      0.225806445      -4.4416312781618304E-007
   1.00000000      0.225806445       4.0020545875734906E-008
   0.00000000      0.258064508      -4.9484784724734869E-007
   3.22580636E-02  0.258064508      -2.7305792738369696E-007
   6.45161271E-02  0.258064508       1.7879739350324827E-007
   9.67741907E-02  0.258064508       1.1810560902151728E-007
  0.129032254      0.258064508       1.1506383228078388E-008
  0.161290318      0.258064508       1.2884867057819802E-008
  0.193548381      0.258064508       2.7019191236010425E-008
  0.225806445      0.258064508      -3.6972656846927729E-008
  0.258064508      0.258064508       9.0159204690193487E-008
  0.290322572      0.258064508      -1.7504153134982194E-007
  0.322580636      0.258064508       1.5124099345044471E-007
  0.354838699      0.258064508       1.3110700472872017E-006
  0.387096763      0.258064508       1.1114288719971199E-006
  0.419354826      0.258064508       6.8349428375832500E-007
  0.451612890      0.258064508       3.1919720289384651E-007
  0.483870953      0.258064508       5.8655055174680905E-007
  0.516129017      0.258064508       1.1503609929300479E-006
  0.548387110      0.258064508       4.1810146685511115E-006
  0.580645144      0.258064508       1.9617816154531533E-005
  0.612903237      0.258064508       5.4411369837933937E-005
  0.645161271      0.258064508       1.0053371317921498E-004
  0.677419364      0.258064508       1.1200640902362962E-004
  0.709677398      0.258064508       7.6729000769848327E-005
  0.741935492      0.258064508       3.8836332789042240E-005
  0.774193525      0.258064508       1.6216374388787996E-005
  0.806451619      0.258064508       4.7315388631420961E-006
  0.838709652      0.258064508       8.8453028083702695E-007
  0.870967746      0.258064508      -6.9487588981470464E-008
  0.903225780      0.258064508       9.2893233152499410E-008
  0.935483873      0.258064508      -1.2822732822270706E-007
  0.967741907      0.258064508       5.8389041397690362E-007
   1.00000000      0.258064508      -4.7819564213966532E-008
   0.00000000      0.290322572       5.4467675812818078E-007
   3.22580636E-02  0.290322572       2.9361013103435983E-007
   6.45161271E-02  0.290322572      -1.2915861423244461E-007
   9.67741907E-02  0.290322572      -1.0376611013288739E-007
  0.129032254      0.290322572       5.3429542976361268E-008
  0.161290318      0.290322572      -3.1447424216174005E-008
  0.193548381      0.290322572       2.8587767152512424E-008
  0.225806445      0.290322572      -4.3919523563037832E-009
  0.258064508      0.290322572      -7.7343749276511600E-008
  0.290322572      0.290322572       1.7456596815218799E-007
  0.322580636      0.290322572       8.2907926821420892E-007
  0.354838699      0.290322572       5.6406457922201652E-007
  0.387096763      0.290322572       1.0352527722978357E-006
  0.419354826      0.290322572      -1.2293321318454018E-008
  0.451612890      0.290322572       5.3748100211955463E-007
  0.483870953      0.290322572       1.3401994695762716E-006
  0.516129017      0.290322572       7.0075643060039171E-006
  0.548387110      0.290322572       3.4747288284550743E-005
  0.580645144      0.290322572       1.3256602631507754E-004
  0.612903237      0.290322572       3.6910420565218678E-004
  0.645161271      0.290322572       6.5898914559327519E-004
  0.677419364      0.290322572       7.3350675409090157E-004
  0.709677398      0.290322572       5.3601100286645065E-004
  0.741935492      0.290322572       2.6946516929549671E-004
  0.774193525      0.290322572       9.1058191262146482E-005
  0.806451619      0.290322572       2.1885814936568014E-005
  0.838709652      0.290322572       5.5785358700503349E-006
  0.870967746      0.290322572       1.1606035982593055E-006
  0.903225780      0.290322572      -1.8680388106151574E-007
  0.935483873      0.290322572       6.5561567106153018E-007
  0.967741907      0.290322572      -6.6248035641535500E-007
   1.00000000      0.290322572       1.7699539782331064E-007
   0.00000000      0.322580636      -5.5171306865208145E-007
   3.22580636E-02  0.322580636      -3.1166765894602972E-007
   6.45161271E-02  0.322580636       1.7248414092869090E-007
   9.67741907E-02  0.322580636       6.6039520488511489E-008
  0.129032254      0.322580636      -1.2804781778515199E-008
  0.161290318      0.322580636       2.1444943511894680E-008
  0.193548381      0.322580636       2.0312916839888321E-008
  0.225806445      0.322580636      -2.4209182828837793E-008
  0.258064508      0.322580636       9.7011738470358955E-008
  0.290322572      0.322580636      -8.5382895927665634E-008
  0.322580636      0.322580636       9.4647947148283750E-007
  0.354838699      0.322580636       5.1582840520413528E-007
  0.387096763      0.322580636      -2.3821697183321304E-007
  0.419354826      0.322580636       9.6643442435154103E-007
  0.451612890      0.322580636       6.4759286439537503E-008
  0.483870953      0.322580636       4.3543394822323977E-006
  0.516129017      0.322580636       3.2822074777627590E-005
  0.548387110      0.322580636       1.6817072977070251E-004
  0.580645144      0.322580636       6.6029691468409680E-004
  0.612903237      0.322580636       1.7580403982399458E-003
  0.645161271      0.322580636       3.0882432339343325E-003
  0.677419364      0.322580636       3.5032651486489414E-003
  0.709677398      0.322580636       2.5357172780292770E-003
  0.741935492      0.322580636       1.2047416727856651E-003
  0.774193525      0.322580636       4.0859641248324412E-004
  0.806451619      0.322580636       1.1128121020535339E-004
  0.838709652      0.322580636       2.4986810234831543E-005
  0.870967746      0.322580636       3.8044478104025464E-006
  0.903225780      0.322580636       9.8462653307086724E-008
  0.935483873      0.322580636       2.6490239904204504E-007
  0.967741907      0.322580636       1.0224715631693569E-006
   1.00000000      0.322580636      -7.1313421884646626E-008
   0.00000000      0.354838699       6.1256308576862257E-007
   3.22580636E-02  0.354838699       3.5688254218271799E-007
   6.45161271E-02  0.354838699      -1.6067539011473536E-007
   9.67741907E-02  0.354838699       8.5437863643325345E-009
  0.129032254      0.354838699      -5.5112776817933971E-009
  0.161290318      0.354838699       3.3365437683099737E-008
  0.193548381      0.354838699      -3.1867602894434516E-008
  0.225806445      0.354838699       5.3360034317241520E-008
  0.258064508      0.354838699      -5.0954046460933713E-008
  0.290322572      0.354838699      -6.4403451635070935E-009
  0.322580636      0.354838699       2.3984322000019618E-007
  0.354838699      0.354838699       1.2850145944328063E-006
  0.387096763      0.354838699      -1.9206723798964781E-007
  0.419354826      0.354838699       8.2681552917643090E-007
  0.451612890      0.354838699      -5.8744365373489663E-007
  0.483870953      0.354838699       1.6497365852259683E-005
  0.516129017      0.354838699       1.1512881795873809E-004
  0.548387110      0.354838699       6.1186947223907675E-004
  0.580645144      0.354838699       2.2620379427620747E-003
  0.612903237      0.354838699       5.8330036035104263E-003
  0.645161271      0.354838699       1.0218011813412796E-002
  0.677419364      0.354838699       1.1422406451783924E-002
  0.709677398      0.354838699       8.0705466821229602E-003
  0.741935492      0.354838699       3.8715846854522982E-003
  0.774193525      0.354838699       1.3617402371137006E-003
  0.806451619      0.354838699       3.5613429088328645E-004
  0.838709652      0.354838699       6.4841834534413293E-005
  0.870967746      0.354838699       8.7102837693819849E-006
  0.903225780      0.354838699       7.9956624272679745E-007
  0.935483873      0.354838699       3.9738007379022488E-008
  0.967741907      0.354838699      -5.0173338288295696E-007
   1.00000000      0.354838699       6.2369647600771306E-007
   0.00000000      0.387096763      -6.4161745334076477E-007
   3.22580636E-02  0.387096763      -3.5257873073034537E-007
   6.45161271E-02  0.387096763       1.6021625231354700E-007
   9.67741907E-02  0.387096763      -8.7722613464903195E-009
  0.129032254      0.387096763       3.1053976788288506E-008
  0.161290318      0.387096763      -3.3282567738198735E-008
  0.193548381      0.387096763       9.6479698978312285E-008
  0.225806445      0.387096763      -8.3022504571123164E-008
  0.258064508      0.387096763       1.3690967882112078E-007
  0.290322572      0.387096763      -6.6740061166878749E-008
  0.322580636      0.387096763       1.2668371928037046E-007
  0.354838699      0.387096763       3.6807593289837184E-007
  0.387096763      0.387096763       2.1332950147006973E-006
  0.419354826      0.387096763      -1.8964188151193365E-006
  0.451612890      0.387096763       6.5086498660372204E-006
  0.483870953      0.387096763       4.4559606195602285E-005
  0.516129017      0.387096763       2.9934734299878795E-004
  0.548387110      0.387096763       1.4626478846900169E-003
  0.580645144      0.387096763       5.1968471904723437E-003
  0.612903237      0.387096763       1.3162665092573802E-002
  0.645161271      0.387096763       2.2184739493591867E-002
  0.677419364      0.387096763       2.3871150268997395E-002
  0.709677398      0.387096763       1.7112996294281254E-002
  0.741935492      0.387096763       8.5839880603867640E-003
  0.774193525      0.387096763       3.0493528378503568E-003
  0.806451619      0.387096763       7.5520603631884769E-004
  0.838709652      0.387096763       1.3382432409503604E-004
  0.870967746      0.387096763       1.8963035876861640E-005
  0.903225780      0.387096763       1.9346923055767191E-006
  0.935483873      0.387096763       7.0973218530368442E-008
  0.967741907      0.387096763       1.2588746966998093E-006
   1.00000000      0.387096763      -4.6571141444554388E-007
   0.00000000      0.419354826       7.1549234122464524E-007
   3.22580636E-02  0.419354826       3.5601193074263908E-007
   6.45161271E-02  0.419354826      -7.2202078225693575E-008
   9.67741907E-02  0.419354826      -8.8838344313500051E-009
  0.129032254      0.419354826       8.3787512076869059E-008
  0.161290318      0.419354826      -5.6873967140198058E-008
  0.193548381      0.419354826       6.1604076431637241E-008
  0.225806445      0.419354826      -4.5510782630214224E-008
  0.258064508      0.419354826       8.1990566606077905E-008
  0.290322572      0.419354826      -9.1562396877015191E-008
  0.322580636      0.419354826       1.6596641134948254E-007
  0.354838699      0.419354826       1.1289598444527365E-009
  0.387096763      0.419354826       6.0691117446428750E-007
  0.419354826      0.419354826      -2.7280365398854999E-007
  0.451612890      0.419354826       1.0202873621883441E-005
  0.483870953      0.419354826       7.9980412040484526E-005
  0.516129017      0.419354826       4.6885958406233980E-004
  0.548387110      0.419354826       2.1559473085513109E-003
  0.580645144      0.419354826       7.5459989593946774E-003
  0.612903237      0.419354826       1.8555921377797192E-002
  0.645161271      0.419354826       3.0003370207621571E-002
  0.677419364      0.419354826       3.2475325293191123E-002
  0.709677398      0.419354826       2.4419700495614826E-002
  0.741935492      0.419354826       1.2563367359852879E-002
  0.774193525      0.419354826       4.2802942918446071E-003
  0.806451619      0.419354826       9.9091571883122066E-004
  0.838709652      0.419354826       1.7237146356963333E-004
  0.870967746      0.419354826       2.3539300373400407E-005
  0.903225780      0.419354826       2.2343527947728060E-006
  0.935483873      0.419354826      -3.1195331359341507E-007
  0.967741907      0.419354826      -8.8721036466685449E-007
   1.00000000      0.419354826       6.1926289868728225E-007
   0.00000000      0.451612890      -7.2975863399746077E-007
   3.22580636E-02  0.451612890      -3.4290007178130698E-007
   6.45161271E-02  0.451612890       7.1851334294674616E-008
   9.67741907E-02  0.451612890       2.5395994150813021E-009
  0.129032254      0.451612890      -5.5883697915870089E-008
  0.161290318      0.451612890       7.3211190011586266E-008
  0.193548381      0.451612890      -1.8264827789590024E-008
  0.225806445      0.451612890       5.9665209440405003E-008
  0.258064508      0.451612890      -4.9716923666997729E-008
  0.290322572      0.451612890       1.4365189562531938E-007
  0.322580636      0.451612890      -1.1708657258817970E-007
  0.354838699      0.451612890       1.4507660287328724E-007
  0.387096763      0.451612890      -2.0681301172760044E-008
  0.419354826      0.451612890       2.6449853265902254E-007
  0.451612890      0.451612890       3.5178774146112192E-006
  0.483870953      0.451612890       4.7218739348739452E-005
  0.516129017      0.451612890       3.5006247994899558E-004
  0.548387110      0.451612890       1.8189657656192597E-003
  0.580645144      0.451612890       6.5532964273094596E-003
  0.612903237      0.451612890       1.5911955423939975E-002
  0.645161271      0.451612890       2.6066118797608593E-002
  0.677419364      0.451612890       2.8856076875363009E-002
  0.709677398      0.451612890       2.1376821875216039E-002
  0.741935492      0.451612890       1.0341258067227200E-002
  0.774193525      0.451612890       3.3040690268362986E-003
  0.806451619      0.451612890       7.7350021040864265E-004
  0.838709652      0.451612890       1.3932467371148184E-004
  0.870967746      0.451612890       1.9511160243792661E-005
  0.903225780      0.451612890       2.3593399592902310E-006
  0.935483873      0.451612890      -1.0992628396227952E-007
  0.967741907      0.451612890       1.3145185370498302E-006
   1.00000000      0.451612890      -5.9949890899328737E-007
   0.00000000      0.483870953       7.5270324074427314E-007
   3.22580636E-02  0.483870953       3.8359720846414992E-007
   6.45161271E-02  0.483870953      -7.4621006083675591E-008
   9.67741907E-02  0.483870953       7.2652055274052159E-008
  0.129032254      0.483870953       1.7566462836420063E-008
  0.161290318      0.483870953       2.4240497855720991E-008
  0.193548381      0.483870953      -6.3072241730536494E-008
  0.225806445      0.483870953       1.1065602384622197E-007
  0.258064508      0.483870953      -8.2972492839573520E-008
  0.290322572      0.483870953       1.0034002312677611E-007
  0.322580636      0.483870953      -7.9655329873185007E-008
  0.354838699      0.483870953       2.2623471440740806E-007
  0.387096763      0.483870953      -2.2801502113079382E-007
  0.419354826      0.483870953       1.9780647443500355E-007
  0.451612890      0.483870953      -5.6284266370856921E-007
  0.483870953      0.483870953       4.8521387126556597E-006
  0.516129017      0.483870953       9.6887693136646233E-005
  0.548387110      0.483870953       7.8731792988898466E-004
  0.580645144      0.483870953       3.3174143849375752E-003
  0.612903237      0.483870953       8.7727412948133427E-003
  0.645161271      0.483870953       1.5540706097845872E-002
  0.677419364      0.483870953       1.7773911923609501E-002
  0.709677398      0.483870953       1.2699937796930105E-002
  0.741935492      0.483870953       5.7315362487232180E-003
  0.774193525      0.483870953       1.7835733223899928E-003
  0.806451619      0.483870953       3.9849784051948441E-004
  0.838709652      0.483870953       5.8816718808773158E-005
  0.870967746      0.483870953       6.5960890945300096E-006
  0.903225780      0.483870953       1.4728464058905864E-007
  0.935483873      0.483870953      -1.0672480739541244E-007
  0.967741907      0.483870953      -1.1342659856679825E-006
   1.00000000      0.483870953       7.5706031901962212E-007
   0.00000000      0.516129017      -7.3590395275510357E-007
   3.22580636E-02  0.516129017      -3.2343674806688426E-007
   6.45161271E-02  0.516129017       4.2016707023307356E-008
   9.67741907E-02  0.516129017       8.3914787643535888E-009
  0.129032254      0.516129017      -5.9208413765597571E-008
  0.161290318      0.516129017       8.8820159516571095E-008
  0.193548381      0.516129017      -3.7199644543406054E-008
  0.225806445      0.516129017       8.1403656144804797E-008
  0.258064508      0.516129017      -8.4966648093187219E-008
  0.290322572      0.516129017       1.5448854782688621E-007
  0.322580636      0.516129017      -1.4025798873748352E-007
  0.354838699      0.516129017       1.3222967532312044E-007
  0.387096763      0.516129017      -1.0688596565652084E-007
  0.419354826      0.516129017       2.3034519681691379E-007
  0.451612890      0.516129017       9.4249162103532590E-008
  0.483870953      0.516129017       2.7619770773628772E-007
  0.516129017      0.516129017       2.8477524987189539E-005
  0.548387110      0.516129017       2.0449142118150127E-004
  0.580645144      0.516129017       8.3182350217388373E-004
  0.612903237      0.516129017       2.7526912865333945E-003
  0.645161271      0.516129017       5.5758307686119028E-003
  0.677419364      0.516129017       6.3834802543649366E-003
  0.709677398      0.516129017       3.9708487652188691E-003
  0.741935492      0.516129017       1.3792895635024339E-003
  0.774193525      0.516129017       2.6544400345694620E-004
  0.806451619      0.516129017       2.0037060652832435E-005
  0.838709652      0.516129017      -1.3665536330261960E-006
  0.870967746      0.516129017      -2.7838488793480189E-007
  0.903225780      0.516129017      -4.3995401074216567E-008
  0.935483873      0.516129017       1.4672924470469017E-007
  0.967741907      0.516129017       1.0648915586422213E-006
   1.00000000      0.516129017      -7.7351056652567107E-007
   0.00000000      0.548387110       7.1836405346519358E-007
   3.22580636E-02  0.548387110       3.3390850674108081E-007
   6.45161271E-02  0.548387110      -3.7444668205517519E-008
   9.67741907E-02  0.548387110       2.7838968662861811E-008
  0.129032254      0.548387110       2.2902816242084992E-008
  0.161290318      0.548387110      -3.7991504566949176E-009
  0.193548381      0.548387110      -9.6423713638624813E-010
  0.225806445      0.548387110       1.7484577957369393E-008
  0.258064508      0.548387110       2.5782409102870924E-008
  0.290322572      0.548387110       8.2394631464241278E-009
  0.322580636      0.548387110       4.3815845631495005E-008
  0.354838699      0.548387110       5.8130957157168369E-008
  0.387096763      0.548387110      -9.5976995314917928E-009
  0.419354826      0.548387110       1.9985474648061175E-008
  0.451612890      0.548387110      -2.9407537264777850E-007
  0.483870953      0.548387110       3.8761150129828520E-006
  0.516129017      0.548387110       4.7925529683260902E-005
  0.548387110      0.548387110       1.5389917091236291E-004
  0.580645144      0.548387110       3.2921839993067185E-004
  0.612903237      0.548387110       3.0263613829310067E-004
  0.645161271      0.548387110      -2.3600801908808231E-004
  0.677419364      0.548387110      -7.7759843531058663E-004
  0.709677398      0.548387110      -6.3559038638744635E-004
  0.741935492      0.548387110      -1.5457557960935737E-004
  0.774193525      0.548387110       3.0987772440725810E-005
  0.806451619      0.548387110       2.3160689617176354E-005
  0.838709652      0.548387110       7.9283337721449672E-006
  0.870967746      0.548387110       2.4058977272532383E-006
  0.903225780      0.548387110      -2.3981201913809807E-007
  0.935483873      0.548387110       1.3772872565699149E-008
  0.967741907      0.548387110      -1.0688002431598624E-006
   1.00000000      0.548387110       8.2777716833492595E-007
   0.00000000      0.580645144      -6.5497898629120694E-007
   3.22580636E-02  0.580645144      -2.9628464943576291E-007
   6.45161271E-02  0.580645144       5.1105665230769710E-008
   9.67741907E-02  0.580645144       4.6545335761371458E-009
  0.129032254      0.580645144       1.3710125781433958E-008
  0.161290318      0.580645144       8.5462859303565187E-009
  0.193548381      0.580645144       3.1789135778242471E-008
  0.225806445      0.580645144      -4.0209834558079682E-009
  0.258064508      0.580645144       2.4172159369665303E-008
  0.290322572      0.580645144      -7.6432517573619962E-009
  0.322580636      0.580645144       1.0001048207698396E-008
  0.354838699      0.580645144      -1.6911472526082975E-008
  0.387096763      0.580645144       1.0076394194089811E-008
  0.419354826      0.580645144       9.3801675212461665E-008
  0.451612890      0.580645144       1.2077012801922482E-007
  0.483870953      0.580645144       1.6564050056308825E-005
  0.516129017      0.580645144       9.7393736115941661E-005
  0.548387110      0.580645144       4.4152969240266262E-004
  0.580645144      0.580645144       1.3734204800713683E-003
  0.612903237      0.580645144       2.9223870007632148E-003
  0.645161271      0.580645144       4.4620135841141467E-003
  0.677419364      0.580645144       4.8502272400194500E-003
  0.709677398      0.580645144       3.4719222416930711E-003
  0.741935492      0.580645144       1.6283653938809230E-003
  0.774193525      0.580645144       5.6628645756604120E-004
  0.806451619      0.580645144       1.6010903109732751E-004
  0.838709652      0.580645144       3.4448600771260179E-005
  0.870967746      0.580645144       4.6222531528467772E-006
  0.903225780      0.580645144       6.1228374994765778E-007
  0.935483873      0.580645144       6.5665731484913304E-008
  0.967741907      0.580645144       1.0936760162460294E-006
   1.00000000      0.580645144      -8.6780791782539189E-007
   0.00000000      0.612903237       6.2414106355045449E-007
   3.22580636E-02  0.612903237       2.7180578397029863E-007
   6.45161271E-02  0.612903237      -2.2823642487310282E-008
   9.67741907E-02  0.612903237      -1.9085772151931360E-008
  0.129032254      0.612903237      -6.2274440251564660E-009
  0.161290318      0.612903237       8.3029960520574359E-009
  0.193548381      0.612903237       1.3830013095897349E-008
  0.225806445      0.612903237      -1.0522330433308474E-009
  0.258064508      0.612903237       3.5337211495387324E-008
  0.290322572      0.612903237       1.7605805695162110E-008
  0.322580636      0.612903237       5.7652111368007901E-008
  0.354838699      0.612903237       5.1596938476849885E-008
  0.387096763      0.612903237       4.2160051918611091E-008
  0.419354826      0.612903237      -1.0210712282299224E-007
  0.451612890      0.612903237       6.2035440851117547E-006
  0.483870953      0.612903237       4.4406241901346123E-005
  0.516129017      0.612903237       2.5698365656483588E-004
  0.548387110      0.612903237       1.1496604185365640E-003
  0.580645144      0.612903237       3.8830662007661885E-003
  0.612903237      0.612903237       9.5258081063622577E-003
  0.645161271      0.612903237       1.5486655518887048E-002
  0.677419364      0.612903237       1.6025532818220146E-002
  0.709677398      0.612903237       1.1101652566331832E-002
  0.741935492      0.612903237       5.4404784558229500E-003
  0.774193525      0.612903237       1.8706336552580265E-003
  0.806451619      0.612903237       4.5925155912529558E-004
  0.838709652      0.612903237       8.3620402825748400E-005
  0.870967746      0.612903237       1.3030028705048020E-005
  0.903225780      0.612903237       1.2357724188641468E-007
  0.935483873      0.612903237       3.9775583286513018E-007
  0.967741907      0.612903237      -5.6123981788744165E-007
   1.00000000      0.612903237       9.1678320688239066E-007
   0.00000000      0.645161271      -5.4741847745254307E-007
   3.22580636E-02  0.645161271      -2.5528860323081994E-007
   6.45161271E-02  0.645161271       7.8561860941726831E-008
   9.67741907E-02  0.645161271       1.3828629071211236E-008
  0.129032254      0.645161271       1.0166789257312066E-007
  0.161290318      0.645161271      -6.5578663753538592E-008
  0.193548381      0.645161271       8.3748332437403661E-008
  0.225806445      0.645161271      -6.8783112906158796E-008
  0.258064508      0.645161271       1.0881617974756751E-007
  0.290322572      0.645161271      -1.3542638705389005E-007
  0.322580636      0.645161271       1.3781984992291745E-007
  0.354838699      0.645161271      -1.4252331652554423E-007
  0.387096763      0.645161271       9.7720878628979085E-008
  0.419354826      0.645161271       1.2098643904280994E-006
  0.451612890      0.645161271       1.3624007232034374E-005
  0.483870953      0.645161271       8.3914913183525471E-005
  0.516129017      0.645161271       4.6461287902765859E-004
  0.548387110      0.645161271       2.0456807613677668E-003
  0.580645144      0.645161271       6.7731272018223968E-003
  0.612903237      0.645161271       1.5819847927937520E-002
  0.645161271      0.645161271       2.5092716986647008E-002
  0.677419364      0.645161271       2.7145172010841750E-002
  0.709677398      0.645161271       2.0434361046220713E-002
  0.741935492      0.645161271       1.0583412881246548E-002
  0.774193525      0.645161271       3.7425205075331956E-003
  0.806451619      0.645161271       9.2256808184466095E-004
  0.838709652      0.645161271       1.6766128511058433E-004
  0.870967746      0.645161271       2.3562863935430230E-005
  0.903225780      0.645161271       3.0252496846607629E-006
  0.935483873      0.645161271      -2.2466966228793599E-007
  0.967741907      0.645161271       2.0603072877496930E-006
   1.00000000      0.645161271      -1.0201670628891884E-006
   0.00000000      0.677419364       5.1898587295897886E-007
   3.22580636E-02  0.677419364       2.2910556870959834E-007
   6.45161271E-02  0.677419364      -5.5988764318459934E-008
   9.67741907E-02  0.677419364      -4.7929217748976712E-008
  0.129032254      0.677419364      -6.8246948766241329E-008
  0.161290318      0.677419364       3.7924788083353881E-008
  0.193548381      0.677419364      -4.2456970722874227E-009
  0.225806445      0.677419364       6.4718970037733492E-009
  0.258064508      0.677419364       1.4828311396060493E-008
  0.290322572      0.677419364       3.7243658701645217E-008
  0.322580636      0.677419364       5.9817183341753072E-008
  0.354838699      0.677419364       7.8637965220139609E-009
  0.387096763      0.677419364       1.8200821914413423E-008
  0.419354826      0.677419364       8.3434465124190719E-007
  0.451612890      0.677419364       1.1049540627074491E-005
  0.483870953      0.677419364       8.4519248866987817E-005
  0.516129017      0.677419364       5.0722246089689291E-004
  0.548387110      0.677419364       2.3161511315543124E-003
  0.580645144      0.677419364       7.6795085695793349E-003
  0.612903237      0.677419364       1.7910947584253954E-002
  0.645161271      0.677419364       2.8601615827484449E-002
  0.677419364      0.677419364       3.1523806542529592E-002
  0.709677398      0.677419364       2.4257877612024106E-002
  0.741935492      0.677419364       1.2636134863252513E-002
  0.774193525      0.677419364       4.4772208910664251E-003
  0.806451619      0.677419364       1.1563602026449522E-003
  0.838709652      0.677419364       2.2506834075071631E-004
  0.870967746      0.677419364       3.4983961388996577E-005
  0.903225780      0.677419364       4.9415066527456931E-006
  0.935483873      0.677419364      -5.5115871926595583E-007
  0.967741907      0.677419364       3.4217389676768999E-007
   1.00000000      0.677419364       1.2798969751225324E-006
   0.00000000      0.709677398      -4.7506024211328642E-007
   3.22580636E-02  0.709677398      -1.7550918462750130E-007
   6.45161271E-02  0.709677398       5.7134177176301108E-008
   9.67741907E-02  0.709677398       9.9486207868719206E-008
  0.129032254      0.709677398       7.4289170371011369E-008
  0.161290318      0.709677398      -1.5579362685887371E-008
  0.193548381      0.709677398       2.4596553995695778E-008
  0.225806445      0.709677398       7.3619169939967649E-009
  0.258064508      0.709677398       2.2410333895231796E-008
  0.290322572      0.709677398      -2.2755093803389155E-008
  0.322580636      0.709677398      -2.5867528573625011E-008
  0.354838699      0.709677398       4.2252871839386446E-008
  0.387096763      0.709677398      -6.3691642583971075E-009
  0.419354826      0.709677398       2.1146213271960705E-007
  0.451612890      0.709677398       5.6023296842643719E-006
  0.483870953      0.709677398       5.1953076742146013E-005
  0.516129017      0.709677398       3.5630618768095419E-004
  0.548387110      0.709677398       1.7055986330314057E-003
  0.580645144      0.709677398       5.7810999825578229E-003
  0.612903237      0.709677398       1.3800727280145369E-002
  0.645161271      0.709677398       2.2675508084789554E-002
  0.677419364      0.709677398       2.5198217059594210E-002
  0.709677398      0.709677398       1.8690282361709380E-002
  0.741935492      0.709677398       9.2884109048762577E-003
  0.774193525      0.709677398       3.2334242709139449E-003
  0.806451619      0.709677398       8.3265013357539271E-004
  0.838709652      0.709677398       1.6809954237655337E-004
  0.870967746      0.709677398       2.8264185322820172E-005
  0.903225780      0.709677398       4.2775000921136507E-006
  0.935483873      0.709677398       1.6179361366275868E-007
  0.967741907      0.709677398       1.4784646735952653E-006
   1.00000000      0.709677398      -9.0509121263228565E-007
   0.00000000      0.741935492       4.4983495751460611E-007
   3.22580636E-02  0.741935492       1.8398653286407524E-007
   6.45161271E-02  0.741935492      -7.6225964201621991E-008
   9.67741907E-02  0.741935492      -6.3173180925442943E-008
  0.129032254      0.741935492      -1.0711871971273416E-007
  0.161290318      0.741935492       6.7830940538715576E-008
  0.193548381      0.741935492      -5.2633411348879505E-008
  0.225806445      0.741935492       4.6415753491411572E-008
  0.258064508      0.741935492      -5.1819749791486558E-008
  0.290322572      0.741935492       8.4831231015816002E-008
  0.322580636      0.741935492      -1.4000838211347453E-008
  0.354838699      0.741935492       4.4523731298566983E-008
  0.387096763      0.741935492      -3.1321208479766548E-008
  0.419354826      0.741935492       1.1134498306995284E-007
  0.451612890      0.741935492       2.0881722785252068E-006
  0.483870953      0.741935492       2.5189851275529752E-005
  0.516129017      0.741935492       1.7828266946273767E-004
  0.548387110      0.741935492       8.6270378957195289E-004
  0.580645144      0.741935492       2.9516271949877374E-003
  0.612903237      0.741935492       7.1310133709351162E-003
  0.645161271      0.741935492       1.1881234732266788E-002
  0.677419364      0.741935492       1.3101323974391291E-002
  0.709677398      0.741935492       9.3091546211198951E-003
  0.741935492      0.741935492       4.3630595344577245E-003
  0.774193525      0.741935492       1.4226110189372360E-003
  0.806451619      0.741935492       3.3865003277974806E-004
  0.838709652      0.741935492       6.2573993333042501E-005
  0.870967746      0.741935492       1.0578881668621643E-005
  0.903225780      0.741935492       1.7812581990142065E-006
  0.935483873      0.741935492      -5.5380989834197987E-008
  0.967741907      0.741935492      -7.5426512824846817E-007
   1.00000000      0.741935492       1.3613084270654176E-006
   0.00000000      0.774193525      -4.1516326408020402E-007
   3.22580636E-02  0.774193525      -1.6887955229687589E-007
   6.45161271E-02  0.774193525       9.2301698724671485E-008
   9.67741907E-02  0.774193525       7.2103207833168649E-008
  0.129032254      0.774193525       1.1812609463953084E-007
  0.161290318      0.774193525      -5.8609404483879941E-008
  0.193548381      0.774193525       7.2024513855089241E-008
  0.225806445      0.774193525      -5.3322676996072613E-008
  0.258064508      0.774193525       6.8435446034592991E-008
  0.290322572      0.774193525      -5.0145898337335667E-008
  0.322580636      0.774193525       2.4972891265238487E-008
  0.354838699      0.774193525      -1.8632555291065954E-008
  0.387096763      0.774193525       6.2086603347612205E-008
  0.419354826      0.774193525      -5.7194228518310150E-008
  0.451612890      0.774193525       1.2034028202408177E-006
  0.483870953      0.774193525       1.0760958090709496E-005
  0.516129017      0.774193525       6.9984582785347771E-005
  0.548387110      0.774193525       3.2835791042585242E-004
  0.580645144      0.774193525       1.0806512239589297E-003
  0.612903237      0.774193525       2.5012994330013047E-003
  0.645161271      0.774193525       4.0529418308176230E-003
  0.677419364      0.774193525       4.4315631279316795E-003
  0.709677398      0.774193525       3.1213029508999979E-003
  0.741935492      0.774193525       1.3914293612877836E-003
  0.774193525      0.774193525       4.0381787766880395E-004
  0.806451619      0.774193525       8.1708499997484141E-005
  0.838709652      0.774193525       1.3634565765693794E-005
  0.870967746      0.774193525       1.7329738824184886E-006
  0.903225780      0.774193525       2.1508024276682528E-007
  0.935483873      0.774193525      -4.5881538476423110E-008
  0.967741907      0.774193525       7.8322889231281431E-007
   1.00000000      0.774193525      -6.3756980041805743E-007
   0.00000000      0.806451619       3.9522609339845683E-007
   3.22580636E-02  0.806451619       1.6335820149055412E-007
   6.45161271E-02  0.806451619      -6.5886899413047203E-008
   9.67741907E-02  0.806451619      -7.9022306807709565E-008
  0.129032254      0.806451619      -8.8950176277675018E-008
  0.161290318      0.806451619       5.5218824021878235E-008
  0.193548381      0.806451619      -3.5516358520019698E-008
  0.225806445      0.806451619       4.0667446421854753E-008
  0.258064508      0.806451619      -1.7203418208072558E-008
  0.290322572      0.806451619       1.6507355905865547E-008
  0.322580636      0.806451619       1.9028479460183836E-008
  0.354838699      0.806451619      -9.8166013428830677E-009
  0.387096763      0.806451619       2.4906864644103178E-008
  0.419354826      0.806451619      -8.3947877093281352E-008
  0.451612890      0.806451619       3.9008209053564730E-007
  0.483870953      0.806451619       4.1573037549392442E-006
  0.516129017      0.806451619       2.4829944309867642E-005
  0.548387110      0.806451619       1.0373965433063194E-004
  0.580645144      0.806451619       2.8584108414343701E-004
  0.612903237      0.806451619       5.9698344445326189E-004
  0.645161271      0.806451619       9.5337977763226410E-004
  0.677419364      0.806451619       1.0708056311706587E-003
  0.709677398      0.806451619       7.6422885312262532E-004
  0.741935492      0.806451619       3.2368301895912692E-004
  0.774193525      0.806451619       8.2601336658924890E-005
  0.806451619      0.806451619       1.5066970033110179E-005
  0.838709652      0.806451619       1.1613359788309034E-006
  0.870967746      0.806451619       3.2775006158586761E-007
  0.903225780      0.806451619      -3.4229116220974660E-007
  0.935483873      0.806451619       1.2851688472224809E-007
  0.967741907      0.806451619      -6.8413705400034833E-007
   1.00000000      0.806451619       9.4602794277916058E-007
   0.00000000      0.838709652      -3.4888318456544785E-007
   3.22580636E-02  0.838709652      -1.4642116100395134E-007
   6.45161271E-02  0.838709652       6.9065175126509072E-008
   9.67741907E-02  0.838709652       7.0514434250441204E-008
  0.129032254      0.838709652       1.2073294990712835E-007
  0.161290318      0.838709652      -8.2920012301584421E-008
  0.193548381      0.838709652       8.3829393249967534E-008
  0.225806445      0.838709652      -9.8776759891212264E-008
  0.258064508      0.838709652       9.3050334052076231E-008
  0.290322572      0.838709652      -8.1256174292334329E-008
  0.322580636      0.838709652       7.2388690470310677E-008
  0.354838699      0.838709652      -7.4146578900852799E-008
  0.387096763      0.838709652       9.9754825570915317E-008
  0.419354826      0.838709652      -7.3400034835169284E-008
  0.451612890      0.838709652       2.4666539921895400E-007
  0.483870953      0.838709652       1.1087580478870708E-006
  0.516129017      0.838709652       9.2331085580703593E-006
  0.548387110      0.838709652       2.5616239738644548E-005
  0.580645144      0.838709652       5.2406737596028898E-005
  0.612903237      0.838709652       1.0180747585289937E-004
  0.645161271      0.838709652       1.6581922145986129E-004
  0.677419364      0.838709652       2.0069061651527661E-004
  0.709677398      0.838709652       1.4911095320034042E-004
  0.741935492      0.838709652       6.1321732573409437E-005
  0.774193525      0.838709652       1.5291063884124129E-005
  0.806451619      0.838709652       1.1577159547626604E-006
  0.838709652      0.838709652       6.2148414322202245E-007
  0.870967746      0.838709652       7.2243526159328392E-009
  0.903225780      0.838709652       3.4586384560688939E-008
  0.935483873      0.838709652       3.3220512977686955E-007
  0.967741907      0.838709652       5.9573041398744789E-007
   1.00000000      0.838709652      -7.5764875354366427E-007
   0.00000000      0.870967746       3.1659388546314927E-007
   3.22580636E-02  0.870967746       1.3104490399434202E-007
   6.45161271E-02  0.870967746      -4.8859907833941857E-008
   9.67741907E-02  0.870967746      -5.1311688311435006E-008
  0.129032254      0.870967746      -1.2983725521737674E-007
  0.161290318      0.870967746       9.9614309041317490E-008
  0.193548381      0.870967746      -8.8502163620618820E-008
  0.225806445      0.870967746       1.1640706523012054E-007
  0.258064508      0.870967746      -1.0209267349774874E-007
  0.290322572      0.870967746       1.0494471430601136E-007
  0.322580636      0.870967746      -9.7357446387910166E-008
  0.354838699      0.870967746       1.0051948643782666E-007
  0.387096763      0.870967746      -1.2362637077723562E-007
  0.419354826      0.870967746       8.6510024145834211E-008
  0.451612890      0.870967746      -2.2244899617104631E-007
  0.483870953      0.870967746       1.7589130076507142E-007
  0.516129017      0.870967746       1.5212536242018256E-006
  0.548387110      0.870967746       4.5592273512755874E-006
  0.580645144      0.870967746       7.8402398863755456E-006
  0.612903237      0.870967746       1.2325688763715759E-005
  0.645161271      0.870967746       2.2893987417436575E-005
  0.677419364      0.870967746       3.1117977224592493E-005
  0.709677398      0.870967746       2.4675404326201778E-005
  0.741935492      0.870967746       1.1525104503339581E-005
  0.774193525      0.870967746       1.3023158447326029E-006
  0.806451619      0.870967746       1.0366506232414409E-007
  0.838709652      0.870967746       2.5314208869983181E-007
  0.870967746      0.870967746       2.6242560537278036E-007
  0.903225780      0.870967746      -1.1889772550279639E-007
  0.935483873      0.870967746       4.1125967728991803E-007
  0.967741907      0.870967746      -4.3977712970087328E-007
   1.00000000      0.870967746       7.5496153570354195E-007
   0.00000000      0.903225780      -2.4641743608448886E-007
   3.22580636E-02  0.903225780      -1.4128164367227680E-007
   6.45161271E-02  0.903225780       9.5231866394905374E-008
   9.67741907E-02  0.903225780      -1.1334901689868351E-008
  0.129032254      0.903225780       2.0301588869640131E-007
  0.161290318      0.903225780      -1.6143869709473222E-007
  0.193548381      0.903225780       1.6773955540097260E-007
  0.225806445      0.903225780      -1.8036330067556438E-007
  0.258064508      0.903225780       1.6991429269286442E-007
  0.290322572      0.903225780      -1.6248767689171365E-007
  0.322580636      0.903225780       1.3842587270663955E-007
  0.354838699      0.903225780      -1.2246894892955914E-007
  0.387096763      0.903225780       1.1351001320256798E-007
  0.419354826      0.903225780      -9.5966666230447709E-008
  0.451612890      0.903225780       1.4286160920986513E-007
  0.483870953      0.903225780      -1.4118070365586884E-007
  0.516129017      0.903225780      -9.7448628835566730E-008
  0.548387110      0.903225780      -1.0843414710344413E-007
  0.580645144      0.903225780       4.2779320502639071E-007
  0.612903237      0.903225780       6.6573302633578513E-007
  0.645161271      0.903225780       2.8110248300892560E-006
  0.677419364      0.903225780       3.4333327158019496E-006
  0.709677398      0.903225780       4.5115348823146702E-006
  0.741935492      0.903225780       1.0095977812488997E-006
  0.774193525      0.903225780       3.1800690579410135E-007
  0.806451619      0.903225780      -3.6302238268724155E-007
  0.838709652      0.903225780       2.2555546180681504E-007
  0.870967746      0.903225780      -1.9700825510814576E-007
  0.903225780      0.903225780       9.0145122849979367E-007
  0.935483873      0.903225780       3.0121354030596441E-008
  0.967741907      0.903225780       5.1093654256342180E-007
   1.00000000      0.903225780      -5.7754393193211867E-007
   0.00000000      0.935483873       1.9837227131102306E-007
   3.22580636E-02  0.935483873       1.1801792775643095E-007
   6.45161271E-02  0.935483873      -6.5561219657373629E-008
   9.67741907E-02  0.935483873      -1.2500029175084602E-009
  0.129032254      0.935483873      -1.5817214212215952E-007
  0.161290318      0.935483873       1.3375028762955628E-007
  0.193548381      0.935483873      -1.3763043042730133E-007
  0.225806445      0.935483873       1.6637229441876394E-007
  0.258064508      0.935483873      -1.6611208053446283E-007
  0.290322572      0.935483873       1.7122862321573210E-007
  0.322580636      0.935483873      -1.6750642871100838E-007
  0.354838699      0.935483873       1.6259152040069900E-007
  0.387096763      0.935483873      -1.7683899050489662E-007
  0.419354826      0.935483873       1.4972441653875189E-007
  0.451612890      0.935483873      -2.2978302137627650E-007
  0.483870953      0.935483873       1.9593566296731618E-007
  0.516129017      0.935483873       2.0715782537681537E-007
  0.548387110      0.935483873       1.1582204521373520E-006
  0.580645144      0.935483873      -9.4095170777494300E-009
  0.612903237      0.935483873       5.2295926723659807E-007
  0.645161271      0.935483873      -3.4199074826885341E-007
  0.677419364      0.935483873      -1.1983735560397971E-008
  0.709677398      0.935483873      -3.1649961388823764E-008
  0.741935492      0.935483873       1.5387847010518882E-007
  0.774193525      0.935483873      -1.7880620408212645E-007
  0.806451619      0.935483873       1.8577352711428834E-007
  0.838709652      0.935483873      -1.4313314578980048E-007
  0.870967746      0.935483873       6.0191805046014805E-007
  0.903225780      0.935483873      -2.2359243940618677E-009
  0.935483873      0.935483873       3.3845204472319801E-008
  0.967741907      0.935483873      -3.3055642130354014E-007
   1.00000000      0.935483873       4.7735032995948260E-007
   0.00000000      0.967741907      -1.8944820030756381E-007
   3.22580636E-02  0.967741907       9.4393768725113497E-008
   6.45161271E-02  0.967741907      -2.2005816651691783E-007
   9.67741907E-02  0.967741907       3.4901671546297665E-007
  0.129032254      0.967741907      -2.9856279507058688E-007
  0.161290318      0.967741907       4.0400694285420128E-007
  0.193548381      0.967741907      -4.6515122640256856E-007
  0.225806445      0.967741907       4.9856732952882643E-007
  0.258064508      0.967741907      -5.3765633507913591E-007
  0.290322572      0.967741907       5.5781568261925097E-007
  0.322580636      0.967741907      -5.8242633287272064E-007
  0.354838699      0.967741907       5.8917647374632613E-007
  0.387096763      0.967741907      -6.0755718737078881E-007
  0.419354826      0.967741907       5.9343803766591742E-007
  0.451612890      0.967741907      -5.7061483956873458E-007
  0.483870953      0.967741907       4.8162817941127146E-007
  0.516129017      0.967741907      -4.7101082791473122E-007
  0.548387110      0.967741907       9.9115297571804880E-007
  0.580645144      0.967741907      -4.5713024032836115E-007
  0.612903237      0.967741907       1.9491624389781310E-006
  0.645161271      0.967741907      -7.6616674085189536E-007
  0.677419364      0.967741907       2.3639076183131369E-006
  0.709677398      0.967741907      -1.3944718505852501E-006
  0.741935492      0.967741907       1.4813620378934456E-006
  0.774193525      0.967741907      -1.3798445259313533E-006
  0.806451619      0.967741907       1.2258662459656333E-006
  0.838709652      0.967741907      -1.0091951123393306E-006
  0.870967746      0.967741907       9.2135680712535971E-007
  0.903225780      0.967741907      -7.0685540114805232E-007
  0.935483873      0.967741907       6.1268016600616875E-007
  0.967741907      0.967741907      -9.1683148695669346E-008
   1.00000000      0.967741907      -1.1973473164950437E-007
   0.00000000       1.00000000       1.1317365008969107E-007
   3.22580636E-02   1.00000000      -1.2487359757168305E-007
   6.45161271E-02   1.00000000       2.1010751938326369E-007
   9.67741907E-02   1.00000000      -2.8780170992641150E-007
  0.129032254       1.00000000       3.1293784557874692E-007
  0.161290318       1.00000000      -3.8700451597426760E-007
  0.193548381       1.00000000       4.5483625402625631E-007
  0.225806445       1.00000000      -4.9462768380972511E-007
  0.258064508       1.00000000       5.3285103826602654E-007
  0.290322572       1.00000000      -5.6569313783436465E-007
  0.322580636       1.00000000       5.8888667490887549E-007
  0.354838699       1.00000000      -6.1852742963185594E-007
  0.387096763       1.00000000       6.2243281362438323E-007
  0.419354826       1.00000000      -6.4258516254749781E-007
  0.451612890       1.00000000       5.9320119246165622E-007
  0.483870953       1.00000000      -6.1356999304118542E-007
  0.516129017       1.00000000       9.6331390222171382E-007
  0.548387110       1.00000000       1.1510563569796517E-007
  0.580645144       1.00000000       2.3628951785579660E-006
  0.612903237       1.00000000      -6.8051267238288790E-007
  0.645161271       1.00000000       2.5764735775320235E-006
  0.677419364       1.00000000      -4.6748599674090940E-007
  0.709677398       1.00000000       1.7278718325119110E-006
  0.741935492       1.00000000      -9.7222792312928513E-007
  0.774193525       1.00000000       1.3329631555011759E-006
  0.806451619       1.00000000      -5.1187434062297612E-007
  0.838709652       1.00000000       6.4575190548582818E-007
  0.870967746       1.00000000      -4.2513663883963357E-007
  0.903225780       1.00000000       4.0415913486165768E-007
  0.935483873       1.00000000      -2.6027336573227869E-007
  0.967741907       1.00000000       1.2870354461683226E-007
   1.00000000       1.00000000       6.5738402800333075E-008
