 # X Y F 
   0.00000000       0.00000000       2.3325872297353051E-009
   3.22580636E-02   0.00000000       2.5452399080501657E-007
   6.45161271E-02   0.00000000      -3.0866047707100349E-007
   9.67741907E-02   0.00000000       3.6605990672113030E-007
  0.129032254       0.00000000      -4.4489836137447364E-007
  0.161290318       0.00000000       5.3237240368781270E-007
  0.193548381       0.00000000      -5.7488230573982946E-007
  0.225806445       0.00000000       6.2752602958544980E-007
  0.258064508       0.00000000      -6.4848719032656956E-007
  0.290322572       0.00000000       7.0210825278403327E-007
  0.322580636       0.00000000      -7.0104898909765737E-007
  0.354838699       0.00000000       7.5816244062291969E-007
  0.387096763       0.00000000      -7.4925357768141611E-007
  0.419354826       0.00000000       8.1882332743701418E-007
  0.451612890       0.00000000      -7.9957979961649464E-007
  0.483870953       0.00000000       8.5224212126682107E-007
  0.516129017       0.00000000      -8.2735770838055328E-007
  0.548387110       0.00000000       8.6754862604755375E-007
  0.580645144       0.00000000      -8.2822178401914062E-007
  0.612903237       0.00000000       8.3860154174414564E-007
  0.645161271       0.00000000      -7.8735561242443486E-007
  0.677419364       0.00000000       7.7414799573486637E-007
  0.709677398       0.00000000      -6.9485219737430421E-007
  0.741935492       0.00000000       6.5819957299055160E-007
  0.774193525       0.00000000      -5.9840283151833224E-007
  0.806451619       0.00000000       5.5162212256602567E-007
  0.838709652       0.00000000      -4.7082962479389979E-007
  0.870967746       0.00000000       4.1519105220996110E-007
  0.903225780       0.00000000      -3.2944411669043754E-007
  0.935483873       0.00000000       2.7191568710406391E-007
  0.967741907       0.00000000      -1.8258268408481839E-007
   1.00000000       0.00000000       5.0982770514382754E-008
   0.00000000       3.22580636E-02  -3.0002744369328012E-007
   3.22580636E-02   3.22580636E-02   2.5163097438611475E-007
   6.45161271E-02   3.22580636E-02  -4.7342982292251556E-007
   9.67741907E-02   3.22580636E-02   7.9034289264634398E-007
  0.129032254       3.22580636E-02  -8.3282336813355100E-007
  0.161290318       3.22580636E-02   9.6775186265159867E-007
  0.193548381       3.22580636E-02  -9.9562056870889512E-007
  0.225806445       3.22580636E-02   1.0747925919320763E-006
  0.258064508       3.22580636E-02  -9.9862209042624491E-007
  0.290322572       3.22580636E-02   1.0079789443703058E-006
  0.322580636       3.22580636E-02  -9.3947779906252649E-007
  0.354838699       3.22580636E-02   9.3056523677411191E-007
  0.387096763       3.22580636E-02  -8.5816993931250762E-007
  0.419354826       3.22580636E-02   8.3472964411933846E-007
  0.451612890       3.22580636E-02  -7.7170150644905877E-007
  0.483870953       3.22580636E-02   8.1133048760304629E-007
  0.516129017       3.22580636E-02  -7.6332692031002485E-007
  0.548387110       3.22580636E-02   8.2300785242373363E-007
  0.580645144       3.22580636E-02  -7.9007710385929313E-007
  0.612903237       3.22580636E-02   8.6785871319155526E-007
  0.645161271       3.22580636E-02  -8.5624140678390868E-007
  0.677419364       3.22580636E-02   9.3559068885993631E-007
  0.709677398       3.22580636E-02  -9.5529385276747381E-007
  0.741935492       3.22580636E-02   1.0030698565264609E-006
  0.774193525       3.22580636E-02  -9.3629391255623889E-007
  0.806451619       3.22580636E-02   9.5499444137287832E-007
  0.838709652       3.22580636E-02  -8.8618366666479669E-007
  0.870967746       3.22580636E-02   8.0657878423651452E-007
  0.903225780       3.22580636E-02  -6.3744247264225865E-007
  0.935483873       3.22580636E-02   4.6222420797997639E-007
  0.967741907       3.22580636E-02  -2.2152912840698029E-007
   1.00000000       3.22580636E-02   1.5845784348248343E-007
   0.00000000       6.45161271E-02   2.4454374871038100E-007
   3.22580636E-02   6.45161271E-02   2.9715062749009886E-007
   6.45161271E-02   6.45161271E-02  -2.3716785311714735E-007
   9.67741907E-02   6.45161271E-02   1.0050803256127836E-007
  0.129032254       6.45161271E-02  -2.1458079116421660E-007
  0.161290318       6.45161271E-02   2.6136329301578937E-007
  0.193548381       6.45161271E-02  -2.6875842843370945E-007
  0.225806445       6.45161271E-02   2.5491126527313391E-007
  0.258064508       6.45161271E-02  -2.5653303859561212E-007
  0.290322572       6.45161271E-02   2.2742037908726949E-007
  0.322580636       6.45161271E-02  -1.6558285285089931E-007
  0.354838699       6.45161271E-02   1.6476636764242294E-007
  0.387096763       6.45161271E-02  -8.4199058156346027E-008
  0.419354826       6.45161271E-02   1.2155327802787996E-007
  0.451612890       6.45161271E-02  -4.4084197322718824E-008
  0.483870953       6.45161271E-02   3.9026423447850857E-008
  0.516129017       6.45161271E-02   9.1532606131400019E-009
  0.548387110       6.45161271E-02   3.9830176148719760E-009
  0.580645144       6.45161271E-02   1.0401833327797498E-008
  0.612903237       6.45161271E-02   3.3510519852051191E-008
  0.645161271       6.45161271E-02  -4.9091771703758400E-008
  0.677419364       6.45161271E-02   9.6027187010242184E-008
  0.709677398       6.45161271E-02  -6.4101488314915967E-008
  0.741935492       6.45161271E-02   8.2651976974661103E-008
  0.774193525       6.45161271E-02  -1.5321776426549404E-007
  0.806451619       6.45161271E-02   1.4123996586343997E-007
  0.838709652       6.45161271E-02  -1.3580803816611200E-007
  0.870967746       6.45161271E-02   1.4490174777903276E-007
  0.903225780       6.45161271E-02  -1.4461426147610488E-007
  0.935483873       6.45161271E-02   1.6201926010039700E-007
  0.967741907       6.45161271E-02  -2.1556440327279224E-007
   1.00000000       6.45161271E-02  -1.7073141569755930E-008
   0.00000000       9.67741907E-02  -3.4744469027372660E-007
   3.22580636E-02   9.67741907E-02  -2.1116426017695467E-007
   6.45161271E-02   9.67741907E-02   1.1564534990683287E-007
   9.67741907E-02   9.67741907E-02   1.6616864706037246E-007
  0.129032254       9.67741907E-02  -1.7138721087547002E-008
  0.161290318       9.67741907E-02   4.3068982044859190E-008
  0.193548381       9.67741907E-02  -6.3250067714465707E-009
  0.225806445       9.67741907E-02   5.4746148723778589E-008
  0.258064508       9.67741907E-02   2.9525438019572167E-008
  0.290322572       9.67741907E-02   2.6286767960670349E-008
  0.322580636       9.67741907E-02   7.0872432206230766E-009
  0.354838699       9.67741907E-02   2.7927806831802204E-008
  0.387096763       9.67741907E-02  -5.6432890298131749E-009
  0.419354826       9.67741907E-02   3.9218161067011337E-009
  0.451612890       9.67741907E-02   4.6099172860559934E-008
  0.483870953       9.67741907E-02   4.2729728816763833E-008
  0.516129017       9.67741907E-02   4.1077301058942036E-008
  0.548387110       9.67741907E-02   3.2445780118186534E-008
  0.580645144       9.67741907E-02   7.0380190615919081E-008
  0.612903237       9.67741907E-02  -1.3783149153406188E-008
  0.645161271       9.67741907E-02   9.2951555554615281E-008
  0.677419364       9.67741907E-02  -3.7428420962984747E-008
  0.709677398       9.67741907E-02   2.3124391798556247E-008
  0.741935492       9.67741907E-02   2.9810805164082189E-008
  0.774193525       9.67741907E-02   8.7398341194182587E-008
  0.806451619       9.67741907E-02   9.4819127566809000E-010
  0.838709652       9.67741907E-02   1.0366419163174480E-008
  0.870967746       9.67741907E-02   3.5008919744200468E-009
  0.903225780       9.67741907E-02   5.8967573657499600E-008
  0.935483873       9.67741907E-02  -7.6241943248030550E-008
  0.967741907       9.67741907E-02   2.3941413817089226E-007
   1.00000000       9.67741907E-02   5.6379145190808923E-008
   0.00000000      0.129032254       4.3159462986157171E-007
   3.22580636E-02  0.129032254       2.9043015272070249E-007
   6.45161271E-02  0.129032254      -1.5151132339191261E-007
   9.67741907E-02  0.129032254      -1.2214177571243535E-007
  0.129032254      0.129032254      -9.1664674153404856E-009
  0.161290318      0.129032254       1.9010282954155679E-008
  0.193548381      0.129032254      -3.8483018227004642E-009
  0.225806445      0.129032254       1.0678654479007003E-009
  0.258064508      0.129032254      -3.3215766796606564E-008
  0.290322572      0.129032254       1.1126091301226544E-008
  0.322580636      0.129032254      -3.6758059538827319E-009
  0.354838699      0.129032254       2.9997646054283822E-008
  0.387096763      0.129032254       5.2812170680998116E-008
  0.419354826      0.129032254       4.9182565899898201E-008
  0.451612890      0.129032254       8.7781488665087445E-009
  0.483870953      0.129032254      -2.4948025250740038E-009
  0.516129017      0.129032254       2.3540386251087470E-008
  0.548387110      0.129032254      -1.3171504617680941E-008
  0.580645144      0.129032254      -1.0017757097341209E-008
  0.612903237      0.129032254       3.7846998535906186E-008
  0.645161271      0.129032254      -4.1983588253921970E-008
  0.677419364      0.129032254       4.2907377509853985E-008
  0.709677398      0.129032254       2.8674532106190158E-008
  0.741935492      0.129032254      -4.0440218867591694E-008
  0.774193525      0.129032254      -5.4393919874982627E-008
  0.806451619      0.129032254      -2.1903141791905657E-008
  0.838709652      0.129032254       3.4568270756244061E-008
  0.870967746      0.129032254      -1.6312558659094187E-008
  0.903225780      0.129032254      -3.4908711156546229E-008
  0.935483873      0.129032254       8.4922218823149895E-008
  0.967741907      0.129032254      -2.7372494515752265E-007
   1.00000000      0.129032254      -3.7931063581262669E-008
   0.00000000      0.161290318      -4.6730575159902722E-007
   3.22580636E-02  0.161290318      -2.7875397830922214E-007
   6.45161271E-02  0.161290318       1.7676902838577322E-007
   9.67741907E-02  0.161290318       1.8045705796421856E-007
  0.129032254      0.161290318       3.2882148570039968E-010
  0.161290318      0.161290318       4.6921560359394511E-008
  0.193548381      0.161290318      -1.3599639488262516E-008
  0.225806445      0.161290318       3.6473724633615847E-008
  0.258064508      0.161290318       4.0867849189399440E-008
  0.290322572      0.161290318       4.0785690676728581E-008
  0.322580636      0.161290318       2.0350872288505583E-008
  0.354838699      0.161290318       1.9815878205777193E-008
  0.387096763      0.161290318      -4.4418637839480863E-008
  0.419354826      0.161290318       2.4970362048068525E-008
  0.451612890      0.161290318       2.9651620776947814E-008
  0.483870953      0.161290318       1.3433452471482062E-007
  0.516129017      0.161290318       2.0251825168178146E-008
  0.548387110      0.161290318       1.8271111021815924E-007
  0.580645144      0.161290318       3.2731127180350481E-007
  0.612903237      0.161290318      -1.2033623246766679E-007
  0.645161271      0.161290318       1.2195065255410477E-007
  0.677419364      0.161290318      -2.8003233528357660E-008
  0.709677398      0.161290318      -1.4247501005442863E-008
  0.741935492      0.161290318       4.7441362470004677E-008
  0.774193525      0.161290318       6.9964215744495734E-008
  0.806451619      0.161290318       4.5219931926801876E-008
  0.838709652      0.161290318      -4.1546640966611976E-008
  0.870967746      0.161290318       4.6759611350145820E-008
  0.903225780      0.161290318       4.3540731611441350E-008
  0.935483873      0.161290318      -7.1714218757326625E-008
  0.967741907      0.161290318       3.6003285652044660E-007
   1.00000000      0.161290318       4.4042764322845347E-008
   0.00000000      0.193548381       5.3092270294721783E-007
   3.22580636E-02  0.193548381       2.9617828797143739E-007
   6.45161271E-02  0.193548381      -1.4102006168682885E-007
   9.67741907E-02  0.193548381      -1.9713347281767893E-007
  0.129032254      0.193548381       7.0856922400484541E-008
  0.161290318      0.193548381      -8.5931574286026001E-008
  0.193548381      0.193548381       1.0169512504088987E-007
  0.225806445      0.193548381      -1.0218920083251736E-007
  0.258064508      0.193548381       4.7056218507194995E-008
  0.290322572      0.193548381      -1.4757219847971401E-007
  0.322580636      0.193548381       5.0748832935000448E-008
  0.354838699      0.193548381       9.7174312076142889E-008
  0.387096763      0.193548381       3.0344491260552003E-007
  0.419354826      0.193548381       3.0490396822194924E-007
  0.451612890      0.193548381       3.7480365313980862E-007
  0.483870953      0.193548381       2.0486661935373962E-007
  0.516129017      0.193548381       2.6636060055051230E-007
  0.548387110      0.193548381       1.1019182707223851E-007
  0.580645144      0.193548381      -2.7252849170576548E-007
  0.612903237      0.193548381       1.3168622521737450E-006
  0.645161271      0.193548381       1.8009264593215466E-006
  0.677419364      0.193548381       1.5969365721687758E-006
  0.709677398      0.193548381       6.6126885559032862E-007
  0.741935492      0.193548381       2.2997822645416614E-007
  0.774193525      0.193548381       5.1445563230585714E-008
  0.806451619      0.193548381      -6.7333866839192803E-009
  0.838709652      0.193548381      -1.1149407807757472E-008
  0.870967746      0.193548381      -4.6318994624311258E-009
  0.903225780      0.193548381      -5.1458694431821188E-008
  0.935483873      0.193548381       1.0271429528058382E-007
  0.967741907      0.193548381      -4.0566000022811195E-007
   1.00000000      0.193548381       1.3731222365036409E-009
   0.00000000      0.225806445      -5.3148572122631057E-007
   3.22580636E-02  0.225806445      -2.9640559670929401E-007
   6.45161271E-02  0.225806445       1.9174693782633121E-007
   9.67741907E-02  0.225806445       1.6985829002813367E-007
  0.129032254      0.225806445      -1.7364720924280016E-008
  0.161290318      0.225806445       6.3940525445488363E-008
  0.193548381      0.225806445      -3.7630804556640451E-008
  0.225806445      0.225806445       7.2051134237254760E-008
  0.258064508      0.225806445      -3.6041414102701777E-008
  0.290322572      0.225806445       1.0346216088853875E-007
  0.322580636      0.225806445       7.0690194909440948E-007
  0.354838699      0.225806445       7.6130536456913488E-007
  0.387096763      0.225806445       7.0953207083221984E-007
  0.419354826      0.225806445       4.0521741880773430E-007
  0.451612890      0.225806445       3.1971416911048616E-007
  0.483870953      0.225806445       5.0739167325133540E-007
  0.516129017      0.225806445       5.2622599614340903E-007
  0.548387110      0.225806445       1.2514404230741471E-006
  0.580645144      0.225806445       8.1399467703178447E-006
  0.612903237      0.225806445       1.8436246855266769E-005
  0.645161271      0.225806445       2.6063034944150154E-005
  0.677419364      0.225806445       2.1558948453482886E-005
  0.709677398      0.225806445       1.0859025712515779E-005
  0.741935492      0.225806445       4.7206051692305850E-006
  0.774193525      0.225806445       2.5456979902231946E-006
  0.806451619      0.225806445       9.8839465257463563E-007
  0.838709652      0.225806445      -8.3221035188781260E-008
  0.870967746      0.225806445       6.5851363668415674E-008
  0.903225780      0.225806445       3.8659140870993101E-008
  0.935483873      0.225806445      -6.4128811828358750E-008
  0.967741907      0.225806445       5.0824441702828628E-007
   1.00000000      0.225806445      -9.2422745276544734E-009
   0.00000000      0.258064508       5.8364852064402175E-007
   3.22580636E-02  0.258064508       3.3182115334976025E-007
   6.45161271E-02  0.258064508      -1.7312179032772214E-007
   9.67741907E-02  0.258064508      -1.0811017864993770E-007
  0.129032254      0.258064508       2.3270030921982756E-008
  0.161290318      0.258064508       5.0901167768002941E-009
  0.193548381      0.258064508      -1.2806326800955490E-008
  0.225806445      0.258064508       4.9406959342376783E-008
  0.258064508      0.258064508      -1.3769747523082447E-007
  0.290322572      0.258064508       1.8741731239636312E-007
  0.322580636      0.258064508       1.0385231806800390E-006
  0.354838699      0.258064508       7.2213891887450368E-007
  0.387096763      0.258064508       3.7368398056978703E-007
  0.419354826      0.258064508       1.6784780380479317E-007
  0.451612890      0.258064508       4.0427873676497365E-007
  0.483870953      0.258064508       1.3460091744341022E-006
  0.516129017      0.258064508       4.5493159233765020E-006
  0.548387110      0.258064508       2.1664303273373941E-005
  0.580645144      0.258064508       6.9220103323635839E-005
  0.612903237      0.258064508       1.5492350353986527E-004
  0.645161271      0.258064508       2.1266355597233060E-004
  0.677419364      0.258064508       1.7765863722885537E-004
  0.709677398      0.258064508       1.0308759647199103E-004
  0.741935492      0.258064508       4.5983142218340691E-005
  0.774193525      0.258064508       1.4208763154440706E-005
  0.806451619      0.258064508       2.9516783107380612E-006
  0.838709652      0.258064508       1.9084900000595757E-007
  0.870967746      0.258064508       1.0762866325225393E-008
  0.903225780      0.258064508      -7.1467868609858891E-008
  0.935483873      0.258064508       1.3198094651643105E-007
  0.967741907      0.258064508      -5.7404700252678404E-007
   1.00000000      0.258064508       1.2573402744871409E-007
   0.00000000      0.290322572      -5.9680696017099742E-007
   3.22580636E-02  0.290322572      -3.1347617596636821E-007
   6.45161271E-02  0.290322572       1.6921213870930416E-007
   9.67741907E-02  0.290322572       1.3309172537150031E-007
  0.129032254      0.290322572      -4.7002724428545148E-008
  0.161290318      0.290322572       6.2470233689594365E-008
  0.193548381      0.290322572      -3.1196616709577984E-008
  0.225806445      0.290322572       6.8102034869548672E-008
  0.258064508      0.290322572      -1.3569015283482443E-008
  0.290322572      0.290322572       6.2435141454608219E-007
  0.322580636      0.290322572       2.6053720478810073E-007
  0.354838699      0.290322572       4.6093121771016349E-007
  0.387096763      0.290322572      -9.4794520044445687E-008
  0.419354826      0.290322572       5.5117024156074794E-007
  0.451612890      0.290322572       1.2161416685595070E-006
  0.483870953      0.290322572       5.5352643253969843E-006
  0.516129017      0.290322572       3.0542920381476362E-005
  0.548387110      0.290322572       1.3032044309538527E-004
  0.580645144      0.290322572       4.2611898545572480E-004
  0.612903237      0.290322572       9.1847952665972379E-004
  0.645161271      0.290322572       1.2465479912221998E-003
  0.677419364      0.290322572       1.0876029936372164E-003
  0.709677398      0.290322572       6.3295522319689677E-004
  0.741935492      0.290322572       2.4805572088075180E-004
  0.774193525      0.290322572       6.8643863548310170E-005
  0.806451619      0.290322572       1.7678449882542710E-005
  0.838709652      0.290322572       4.7361582846244415E-006
  0.870967746      0.290322572       4.6415700183382276E-008
  0.903225780      0.290322572       3.2956612116968565E-007
  0.935483873      0.290322572       1.5799369528538661E-007
  0.967741907      0.290322572       7.2616814461217982E-007
   1.00000000      0.290322572      -1.3484865407387759E-007
   0.00000000      0.322580636       6.5085287372052140E-007
   3.22580636E-02  0.322580636       3.7138797410431656E-007
   6.45161271E-02  0.322580636      -1.6925879892111334E-007
   9.67741907E-02  0.322580636      -4.9512462576479489E-008
  0.129032254      0.322580636       4.4695624266904407E-008
  0.161290318      0.322580636       3.7938918801438332E-009
  0.193548381      0.322580636      -2.4253796130124188E-009
  0.225806445      0.322580636       5.0855469944074165E-008
  0.258064508      0.322580636      -1.2244787102685594E-007
  0.290322572      0.322580636       1.8387331250284769E-007
  0.322580636      0.322580636       5.4649094975364499E-007
  0.354838699      0.322580636      -1.0097275045226162E-007
  0.387096763      0.322580636       6.8762194425376384E-007
  0.419354826      0.322580636      -2.7391412386138076E-007
  0.451612890      0.322580636       1.6948489283440632E-006
  0.483870953      0.322580636       2.3610313540400287E-005
  0.516129017      0.322580636       1.3325446599510675E-004
  0.548387110      0.322580636       5.9544334086208701E-004
  0.580645144      0.322580636       1.8476980500938029E-003
  0.612903237      0.322580636       3.8768088145846790E-003
  0.645161271      0.322580636       5.3368427434938278E-003
  0.677419364      0.322580636       4.6400025373322037E-003
  0.709677398      0.322580636       2.5862194560250622E-003
  0.741935492      0.322580636       1.0054668862828256E-003
  0.774193525      0.322580636       3.0343765570393021E-004
  0.806451619      0.322580636       7.2932690168688177E-005
  0.838709652      0.322580636       1.2288814962622084E-005
  0.870967746      0.322580636       1.6563529489466257E-006
  0.903225780      0.322580636      -1.3663073222744527E-007
  0.935483873      0.322580636       1.5860672802570714E-007
  0.967741907      0.322580636      -7.5341711783846775E-007
   1.00000000      0.322580636       4.8305349063567814E-007
   0.00000000      0.354838699      -6.7248545558537069E-007
   3.22580636E-02  0.354838699      -3.7678510130700354E-007
   6.45161271E-02  0.354838699       2.0316455868039514E-007
   9.67741907E-02  0.354838699       1.1432726153607408E-008
  0.129032254      0.354838699       1.4123418780443673E-008
  0.161290318      0.354838699      -1.3150225229783178E-008
  0.193548381      0.354838699       6.9495073983043822E-008
  0.225806445      0.354838699      -4.5178999977769856E-008
  0.258064508      0.354838699       1.1157857266678238E-007
  0.290322572      0.354838699       8.7298895555964021E-008
  0.322580636      0.354838699       7.9000210308859982E-007
  0.354838699      0.354838699       3.5139345645732274E-008
  0.387096763      0.354838699       1.1194593008418622E-006
  0.419354826      0.354838699      -4.9943636909263146E-007
  0.451612890      0.354838699       1.0224321886532423E-005
  0.483870953      0.354838699       7.5073298559041914E-005
  0.516129017      0.354838699       4.4704512473007487E-004
  0.548387110      0.354838699       1.8701895915568905E-003
  0.580645144      0.354838699       5.5602701049342141E-003
  0.612903237      0.354838699       1.1534058383753225E-002
  0.645161271      0.354838699       1.5471099730675389E-002
  0.677419364      0.354838699       1.3014828646467852E-002
  0.709677398      0.354838699       7.3041721042141601E-003
  0.741935492      0.354838699       2.9578144527434101E-003
  0.774193525      0.354838699       8.8878848424520421E-004
  0.806451619      0.354838699       1.8951277846323509E-004
  0.838709652      0.354838699       2.8480365025381522E-005
  0.870967746      0.354838699       3.8303379485232525E-006
  0.903225780      0.354838699       2.1389892175607697E-007
  0.935483873      0.354838699       2.7035334175141513E-008
  0.967741907      0.354838699       1.0699402166647863E-006
   1.00000000      0.354838699      -3.6466887224037814E-007
   0.00000000      0.387096763       7.4476241934960363E-007
   3.22580636E-02  0.387096763       4.1925027472175438E-007
   6.45161271E-02  0.387096763      -1.6709949624381217E-007
   9.67741907E-02  0.387096763       4.7101193351954695E-008
  0.129032254      0.387096763      -6.3473507330308003E-010
  0.161290318      0.387096763       7.1621577804196392E-008
  0.193548381      0.387096763      -8.4998033546184915E-008
  0.225806445      0.387096763       1.2429612611863940E-007
  0.258064508      0.387096763      -1.2140387886287649E-007
  0.290322572      0.387096763       1.3376161052580864E-007
  0.322580636      0.387096763       2.8974416746011415E-007
  0.354838699      0.387096763       1.2923686098325358E-006
  0.387096763      0.387096763      -1.7790868888958080E-006
  0.419354826      0.387096763       3.9769239340352169E-006
  0.451612890      0.387096763       2.8190226730257625E-005
  0.483870953      0.387096763       1.8750700231664525E-004
  0.516129017      0.387096763       9.6351177540139144E-004
  0.548387110      0.387096763       3.8181970109222381E-003
  0.580645144      0.387096763       1.1145942532091347E-002
  0.612903237      0.387096763       2.2149760448987716E-002
  0.645161271      0.387096763       2.8322603724631128E-002
  0.677419364      0.387096763       2.4162823803267279E-002
  0.709677398      0.387096763       1.4395219653212134E-002
  0.741935492      0.387096763       5.9931170496411246E-003
  0.774193525      0.387096763       1.7126800670150444E-003
  0.806451619      0.387096763       3.4256924469832170E-004
  0.838709652      0.387096763       5.3753182598121158E-005
  0.870967746      0.387096763       6.5248905017331377E-006
  0.903225780      0.387096763       2.6576442702678782E-007
  0.935483873      0.387096763      -7.5218512202066813E-008
  0.967741907      0.387096763      -8.7567522545516835E-007
   1.00000000      0.387096763       5.1363095268370328E-007
   0.00000000      0.419354826      -7.8063841117914100E-007
   3.22580636E-02  0.419354826      -3.7839314340362847E-007
   6.45161271E-02  0.419354826       1.1342595230091502E-007
   9.67741907E-02  0.419354826       2.5573044982783292E-008
  0.129032254      0.419354826      -8.4440348588002674E-008
  0.161290318      0.419354826       8.5856279971081747E-008
  0.193548381      0.419354826      -3.0059665584567985E-008
  0.225806445      0.419354826       7.9228483826172556E-008
  0.258064508      0.419354826      -5.1201672758050719E-008
  0.290322572      0.419354826       1.4319617447717628E-007
  0.322580636      0.419354826      -1.5127770809024084E-007
  0.354838699      0.419354826       5.2144716671875795E-007
  0.387096763      0.419354826      -3.6265900202807620E-007
  0.419354826      0.419354826       3.3109504355387575E-006
  0.451612890      0.419354826       3.5088408170372637E-005
  0.483870953      0.419354826       2.3685120992169274E-004
  0.516129017      0.419354826       1.2174580495470642E-003
  0.548387110      0.419354826       4.7646607294607735E-003
  0.580645144      0.419354826       1.3578093856570991E-002
  0.612903237      0.419354826       2.5882621853142621E-002
  0.645161271      0.419354826       3.2916057372356623E-002
  0.677419364      0.419354826       2.9018943985075565E-002
  0.709677398      0.419354826       1.7567527325474661E-002
  0.741935492      0.419354826       6.9853674044468026E-003
  0.774193525      0.419354826       1.8513768595593842E-003
  0.806451619      0.419354826       3.6821078341178098E-004
  0.838709652      0.419354826       5.7916963555186580E-005
  0.870967746      0.419354826       7.3393561616799016E-006
  0.903225780      0.419354826       2.3584366075902547E-007
  0.935483873      0.419354826       1.5403480678093944E-007
  0.967741907      0.419354826       1.0056715110578403E-006
   1.00000000      0.419354826      -5.2606290624987720E-007
   0.00000000      0.451612890       8.3769428873663255E-007
   3.22580636E-02  0.451612890       4.0307893751359513E-007
   6.45161271E-02  0.451612890      -6.3869891016003791E-008
   9.67741907E-02  0.451612890       2.3684365896473843E-008
  0.129032254      0.451612890       1.0411234892331641E-007
  0.161290318      0.451612890      -4.9403114556836719E-008
  0.193548381      0.451612890       4.5851427272657496E-008
  0.225806445      0.451612890      -2.7079511129878918E-008
  0.258064508      0.451612890       8.6790343073514610E-008
  0.290322572      0.451612890      -1.0093188766571416E-007
  0.322580636      0.451612890       1.7369063095529246E-007
  0.354838699      0.451612890      -7.0439024405940031E-008
  0.387096763      0.451612890       1.0751455067652196E-007
  0.419354826      0.451612890      -1.3576387597527963E-007
  0.451612890      0.451612890       7.5200116180347432E-006
  0.483870953      0.451612890       9.9482933048074696E-005
  0.516129017      0.451612890       7.2431831398888345E-004
  0.548387110      0.451612890       3.3987185992907371E-003
  0.580645144      0.451612890       9.9598547293673987E-003
  0.612903237      0.451612890       1.9531543143652349E-002
  0.645161271      0.451612890       2.5913115282927886E-002
  0.677419364      0.451612890       2.2736899903149303E-002
  0.709677398      0.451612890       1.2985445923941828E-002
  0.741935492      0.451612890       4.8682940765716843E-003
  0.774193525      0.451612890       1.3115243878315910E-003
  0.806451619      0.451612890       2.6593849580691534E-004
  0.838709652      0.451612890       3.9389799485730065E-005
  0.870967746      0.451612890       4.6618812104670459E-006
  0.903225780      0.451612890       4.4813177950559987E-008
  0.935483873      0.451612890       4.5435167166058533E-008
  0.967741907      0.451612890      -1.1655618071274392E-006
   1.00000000      0.451612890       6.8464517876323848E-007
   0.00000000      0.483870953      -8.1728090365039019E-007
   3.22580636E-02  0.483870953      -4.0734952783913657E-007
   6.45161271E-02  0.483870953       1.0549806999306721E-007
   9.67741907E-02  0.483870953      -5.1845532245031692E-008
  0.129032254      0.483870953      -2.1393640722010488E-008
  0.161290318      0.483870953      -5.6607129770443193E-010
  0.193548381      0.483870953       8.8061206341923130E-008
  0.225806445      0.483870953      -7.9999385148851212E-008
  0.258064508      0.483870953       1.1734097100712133E-007
  0.290322572      0.483870953      -6.1655054930700945E-008
  0.322580636      0.483870953       1.2353191815153059E-007
  0.354838699      0.483870953      -1.7400300394953408E-007
  0.387096763      0.483870953       2.6411695100502149E-007
  0.419354826      0.483870953      -1.5441415288460515E-007
  0.451612890      0.483870953       5.3127103890400287E-007
  0.483870953      0.483870953       1.0939191272880814E-005
  0.516129017      0.483870953       2.1229958667664679E-004
  0.548387110      0.483870953       1.2005446995343356E-003
  0.580645144      0.483870953       4.2622909544377348E-003
  0.612903237      0.483870953       9.8191116953440100E-003
  0.645161271      0.483870953       1.4211314265049981E-002
  0.677419364      0.483870953       1.2374881201215177E-002
  0.709677398      0.483870953       6.2896744150770295E-003
  0.741935492      0.483870953       2.0074428003779214E-003
  0.774193525      0.483870953       4.3845720796424034E-004
  0.806451619      0.483870953       5.7974747777576877E-005
  0.838709652      0.483870953       4.2364348618121453E-006
  0.870967746      0.483870953       9.8045544679109860E-008
  0.903225780      0.483870953      -1.4936309134945694E-007
  0.935483873      0.483870953       1.1691370484900437E-007
  0.967741907      0.483870953       1.1227340582243671E-006
   1.00000000      0.483870953      -6.9237693966747257E-007
   0.00000000      0.516129017       8.3755840191529408E-007
   3.22580636E-02  0.516129017       3.8802986318660262E-007
   6.45161271E-02  0.516129017      -3.4817826515847358E-008
   9.67741907E-02  0.516129017       1.5199135370540111E-008
  0.129032254      0.516129017       1.0736885264142723E-007
  0.161290318      0.516129017      -6.5331598847376091E-008
  0.193548381      0.516129017       6.4117209490075748E-008
  0.225806445      0.516129017      -4.9484214555329693E-008
  0.258064508      0.516129017       1.2728131244202211E-007
  0.290322572      0.516129017      -1.3319034086669518E-007
  0.322580636      0.516129017       1.9474588474567650E-007
  0.354838699      0.516129017      -9.7067202390045910E-008
  0.387096763      0.516129017       1.3774976321739983E-007
  0.419354826      0.516129017      -1.9284896926400299E-007
  0.451612890      0.516129017      -1.2712083956903913E-007
  0.483870953      0.516129017       1.4148285793754397E-005
  0.516129017      0.516129017       1.0086925574465478E-004
  0.548387110      0.516129017       2.9044363088770361E-004
  0.580645144      0.516129017       7.5515525084570421E-004
  0.612903237      0.516129017       1.7952142231665372E-003
  0.645161271      0.516129017       2.2431045312774891E-003
  0.677419364      0.516129017       1.1161158895320231E-003
  0.709677398      0.516129017       1.9716833962243682E-004
  0.741935492      0.516129017      -9.3196118468636201E-006
  0.774193525      0.516129017      -2.0746585338022895E-005
  0.806451619      0.516129017      -4.8887471801695725E-006
  0.838709652      0.516129017       1.3491672563943283E-006
  0.870967746      0.516129017       1.5970453147792752E-007
  0.903225780      0.516129017      -1.2852034188530065E-008
  0.935483873      0.516129017      -9.6247852790293368E-008
  0.967741907      0.516129017      -1.0811428232800934E-006
   1.00000000      0.516129017       7.9266392333806053E-007
   0.00000000      0.548387110      -7.8395696350246024E-007
   3.22580636E-02  0.548387110      -3.6104547962756510E-007
   6.45161271E-02  0.548387110       7.0328983786849031E-008
   9.67741907E-02  0.548387110      -1.5778895014897293E-008
  0.129032254      0.548387110      -2.7442883214648110E-008
  0.161290318      0.548387110       2.2110292515484066E-008
  0.193548381      0.548387110       2.8933910706326220E-008
  0.225806445      0.548387110       7.8541523863617333E-009
  0.258064508      0.548387110      -9.0759915716506281E-009
  0.290322572      0.548387110       4.1090725562381757E-008
  0.322580636      0.548387110      -2.4599593734616771E-008
  0.354838699      0.548387110      -8.3126369250219420E-009
  0.387096763      0.548387110       3.6597986816847820E-008
  0.419354826      0.548387110       1.2893852958818296E-008
  0.451612890      0.548387110       1.8147176842777349E-006
  0.483870953      0.548387110       3.6673550083209438E-005
  0.516129017      0.548387110       1.6395441627649871E-004
  0.548387110      0.548387110       5.3000452676713083E-004
  0.580645144      0.548387110       1.0446971144517324E-003
  0.612903237      0.548387110       9.4511802547950512E-004
  0.645161271      0.548387110       6.6722287421058942E-004
  0.677419364      0.548387110       7.7761596274766615E-004
  0.709677398      0.548387110       6.3558842418801661E-004
  0.741935492      0.548387110       3.3340398169614838E-004
  0.774193525      0.548387110       1.3752467416139287E-004
  0.806451619      0.548387110       3.8569374050007158E-005
  0.838709652      0.548387110       8.0715435664639830E-006
  0.870967746      0.548387110       8.1934240266366070E-007
  0.903225780      0.548387110       1.1617012734871317E-007
  0.935483873      0.548387110      -8.7478870205791605E-009
  0.967741907      0.548387110       1.1064135500776695E-006
   1.00000000      0.548387110      -8.3881934141214345E-007
   0.00000000      0.580645144       7.5711875970096761E-007
   3.22580636E-02  0.580645144       3.5087706052517446E-007
   6.45161271E-02  0.580645144      -4.7983694049546494E-008
   9.67741907E-02  0.580645144       2.1046438197197505E-008
  0.129032254      0.580645144       3.3566599457563208E-008
  0.161290318      0.580645144       1.1073779677409289E-008
  0.193548381      0.580645144      -6.1465716981139500E-009
  0.225806445      0.580645144       2.9361538530562797E-008
  0.258064508      0.580645144       1.8911131939488640E-008
  0.290322572      0.580645144       3.9563526766159291E-008
  0.322580636      0.580645144       2.4031574706729543E-008
  0.354838699      0.580645144       7.3029868017192648E-008
  0.387096763      0.580645144       7.0851523502293003E-009
  0.419354826      0.580645144       9.3002751445756620E-008
  0.451612890      0.580645144       1.3585775536636966E-005
  0.483870953      0.580645144       8.9248911973134810E-005
  0.516129017      0.580645144       4.4763685511117594E-004
  0.548387110      0.580645144       1.6665808409443382E-003
  0.580645144      0.580645144       4.6031135371860585E-003
  0.612903237      0.580645144       9.0117521627473812E-003
  0.645161271      0.580645144       1.1307123661215071E-002
  0.677419364      0.580645144       9.0303331193485412E-003
  0.709677398      0.580645144       4.9111107452356586E-003
  0.741935492      0.580645144       1.9034855998197740E-003
  0.774193525      0.580645144       5.4049748228787091E-004
  0.806451619      0.580645144       1.2288064099913093E-004
  0.838709652      0.580645144       1.9762110669447671E-005
  0.870967746      0.580645144       2.6126132659975290E-006
  0.903225780      0.580645144      -5.3002547038590437E-007
  0.935483873      0.580645144       5.5219731028618021E-007
  0.967741907      0.580645144      -1.1518937361187274E-006
   1.00000000      0.580645144       9.0638460359148466E-007
   0.00000000      0.612903237      -6.9071403798559303E-007
   3.22580636E-02  0.612903237      -2.9455691990302390E-007
   6.45161271E-02  0.612903237       5.9506005591840623E-008
   9.67741907E-02  0.612903237       2.8551871789218232E-008
  0.129032254      0.612903237       1.5341079853277277E-009
  0.161290318      0.612903237       7.5519654618782839E-009
  0.193548381      0.612903237       1.5765840899125949E-008
  0.225806445      0.612903237       1.6325681325503096E-008
  0.258064508      0.612903237      -6.4241689543098230E-009
  0.290322572      0.612903237       1.4320612306492845E-008
  0.322580636      0.612903237      -2.6314833407165724E-008
  0.354838699      0.612903237      -7.5404532731436878E-009
  0.387096763      0.612903237       7.4080172325038876E-008
  0.419354826      0.612903237       5.3817602379438043E-006
  0.451612890      0.612903237       3.5911018500236264E-005
  0.483870953      0.612903237       2.0295551301060491E-004
  0.516129017      0.612903237       9.6637059291930527E-004
  0.548387110      0.612903237       3.5828196883332455E-003
  0.580645144      0.612903237       9.8294394188290449E-003
  0.612903237      0.612903237       1.8552280477936736E-002
  0.645161271      0.612903237       2.3270590384882113E-002
  0.677419364      0.612903237       1.9747292963350337E-002
  0.709677398      0.612903237       1.1705319110932186E-002
  0.741935492      0.612903237       4.8402923601424536E-003
  0.774193525      0.612903237       1.3882024563576633E-003
  0.806451619      0.612903237       2.7996294727318039E-004
  0.838709652      0.612903237       4.5605257340577709E-005
  0.870967746      0.612903237       5.2276193163409832E-006
  0.903225780      0.612903237      -2.8019752361066318E-008
  0.935483873      0.612903237       7.3872253866276711E-007
  0.967741907      0.612903237       1.3907314920796223E-006
   1.00000000      0.612903237      -9.0550994772999643E-007
   0.00000000      0.645161271       6.4190659120413211E-007
   3.22580636E-02  0.645161271       3.0323477670307420E-007
   6.45161271E-02  0.645161271      -8.1994500347835417E-008
   9.67741907E-02  0.645161271       4.6399989696714073E-009
  0.129032254      0.645161271      -5.9195322016660931E-008
  0.161290318      0.645161271       7.9413582553828222E-008
  0.193548381      0.645161271      -7.2327658801912099E-008
  0.225806445      0.645161271       1.0530761783385912E-007
  0.258064508      0.645161271      -9.3222042157568939E-008
  0.290322572      0.645161271       1.8158349232357122E-007
  0.322580636      0.645161271      -1.1942129732050103E-007
  0.354838699      0.645161271       2.5723261766188298E-007
  0.387096763      0.645161271       8.0820110262575933E-008
  0.419354826      0.645161271       6.6601196493617513E-006
  0.451612890      0.645161271       4.4906184764265092E-005
  0.483870953      0.645161271       2.7189443030873814E-004
  0.516129017      0.645161271       1.3236555136797122E-003
  0.548387110      0.645161271       4.9257732729156593E-003
  0.580645144      0.645161271       1.3196733774632669E-002
  0.612903237      0.645161271       2.4374909689734645E-002
  0.645161271      0.645161271       3.0886648998274539E-002
  0.677419364      0.645161271       2.7697088575323180E-002
  0.709677398      0.645161271       1.7274251198346403E-002
  0.741935492      0.645161271       7.2542149667054788E-003
  0.774193525      0.645161271       2.1306361896437512E-003
  0.806451619      0.645161271       4.6485354431474133E-004
  0.838709652      0.645161271       7.6013979428452355E-005
  0.870967746      0.645161271       1.1129325944015027E-005
  0.903225780      0.645161271       7.1119356867070592E-007
  0.935483873      0.645161271       2.1016975344554840E-007
  0.967741907      0.645161271      -1.4243999319751921E-007
   1.00000000      0.645161271       9.9977139931913264E-007
   0.00000000      0.677419364      -5.8144624651287538E-007
   3.22580636E-02  0.677419364      -2.4913726987943340E-007
   6.45161271E-02  0.677419364       8.8290072976414002E-008
   9.67741907E-02  0.677419364       6.4914219627696222E-008
  0.129032254      0.677419364       6.2821783083747324E-008
  0.161290318      0.677419364      -1.4760963291118169E-008
  0.193548381      0.677419364       2.1843188449138647E-008
  0.225806445      0.677419364       1.1474854118386872E-008
  0.258064508      0.677419364       1.0034680544632159E-008
  0.290322572      0.677419364      -1.5355469290604988E-008
  0.322580636      0.677419364      -3.1712279117115996E-008
  0.354838699      0.677419364       5.8634810767217093E-008
  0.387096763      0.677419364       5.1010776984440697E-008
  0.419354826      0.677419364       3.2227905808136920E-006
  0.451612890      0.677419364       3.0680787334612536E-005
  0.483870953      0.677419364       2.1664273188654780E-004
  0.516129017      0.677419364       1.1477049192577572E-003
  0.548387110      0.677419364       4.3883405887083773E-003
  0.580645144      0.677419364       1.1958614489407266E-002
  0.612903237      0.677419364       2.2617476073394659E-002
  0.645161271      0.677419364       2.9284856936832727E-002
  0.677419364      0.677419364       2.6122846880060471E-002
  0.709677398      0.677419364       1.5834286335268122E-002
  0.741935492      0.677419364       6.5162424191204729E-003
  0.774193525      0.677419364       1.9310366068076140E-003
  0.806451619      0.677419364       4.4019414812156767E-004
  0.838709652      0.677419364       8.1093060274253041E-005
  0.870967746      0.677419364       1.2843337706254261E-005
  0.903225780      0.677419364       1.1076281553356761E-006
  0.935483873      0.677419364       4.7553276870883895E-007
  0.967741907      0.677419364       1.8949664800883813E-006
   1.00000000      0.677419364      -1.1140950391449250E-006
   0.00000000      0.709677398       5.6109539985355643E-007
   3.22580636E-02  0.709677398       2.1632306724054764E-007
   6.45161271E-02  0.709677398      -6.3793562840708968E-008
   9.67741907E-02  0.709677398      -9.5002457988334596E-008
  0.129032254      0.709677398      -4.7791089532405106E-008
  0.161290318      0.709677398       2.6956052319117810E-008
  0.193548381      0.709677398      -9.3044493828277912E-009
  0.225806445      0.709677398       1.1662610399109707E-008
  0.258064508      0.709677398      -9.3057107255195752E-009
  0.290322572      0.709677398       5.2054802292529560E-008
  0.322580636      0.709677398       3.8281812608342561E-008
  0.354838699      0.709677398      -7.3212599150651038E-009
  0.387096763      0.709677398      -4.9011429274702588E-008
  0.419354826      0.709677398       1.1812220376848067E-006
  0.451612890      0.709677398       1.4196454363816143E-005
  0.483870953      0.709677398       1.2012214948939505E-004
  0.516129017      0.709677398       6.6905736464417263E-004
  0.548387110      0.709677398       2.6111677612889895E-003
  0.580645144      0.709677398       7.2546378707326348E-003
  0.612903237      0.709677398       1.4133884629351251E-002
  0.645161271      0.709677398       1.8688094236331412E-002
  0.677419364      0.709677398       1.6182272092272836E-002
  0.709677398      0.709677398       9.1518814191789161E-003
  0.741935492      0.709677398       3.5666570876156634E-003
  0.774193525      0.709677398       1.0139207509896487E-003
  0.806451619      0.709677398       2.2033276029467694E-004
  0.838709652      0.709677398       3.9983319399624011E-005
  0.870967746      0.709677398       7.0259783565525535E-006
  0.903225780      0.709677398       1.0055295078617408E-006
  0.935483873      0.709677398      -1.3449100580521181E-007
  0.967741907      0.709677398      -7.6718867818490427E-007
   1.00000000      0.709677398       1.2756995477765811E-006
   0.00000000      0.741935492      -5.0910567169702241E-007
   3.22580636E-02  0.741935492      -1.9941150346755947E-007
   6.45161271E-02  0.741935492       1.0307276665419331E-007
   9.67741907E-02  0.741935492       8.8652840525827329E-008
  0.129032254      0.741935492       1.0736894510788303E-007
  0.161290318      0.741935492      -4.6382218555081821E-008
  0.193548381      0.741935492       5.8923328033904508E-008
  0.225806445      0.741935492      -3.8170663896811399E-008
  0.258064508      0.741935492       7.2944260875941981E-008
  0.290322572      0.741935492      -6.7023312070175116E-008
  0.322580636      0.741935492       3.2855342444744140E-008
  0.354838699      0.741935492       5.1944993154480870E-010
  0.387096763      0.741935492       2.2506869450450443E-008
  0.419354826      0.741935492       4.2701362821587046E-007
  0.451612890      0.741935492       6.8167785715102840E-006
  0.483870953      0.741935492       5.2912469775325652E-005
  0.516129017      0.741935492       2.8673918171798267E-004
  0.548387110      0.741935492       1.1047521951332909E-003
  0.580645144      0.741935492       3.0325258581141087E-003
  0.612903237      0.741935492       5.8428032786440138E-003
  0.645161271      0.741935492       7.6194077504349467E-003
  0.677419364      0.741935492       6.4488030285759119E-003
  0.709677398      0.741935492       3.5041191094379487E-003
  0.741935492      0.741935492       1.2571333177597008E-003
  0.774193525      0.741935492       3.1459467088030657E-004
  0.806451619      0.741935492       5.8781420433630834E-005
  0.838709652      0.741935492       9.9852991910115197E-006
  0.870967746      0.741935492       1.6233965422914678E-006
  0.903225780      0.741935492       1.6307367507132468E-007
  0.935483873      0.741935492       4.0093546434747551E-008
  0.967741907      0.741935492       8.2044760430546751E-007
   1.00000000      0.741935492      -8.3973364868142992E-007
   0.00000000      0.774193525       4.9117415895816919E-007
   3.22580636E-02  0.774193525       1.9633084562177566E-007
   6.45161271E-02  0.774193525      -9.8272290076801921E-008
   9.67741907E-02  0.774193525      -6.9328183598782108E-008
  0.129032254      0.774193525      -1.0853091309117236E-007
  0.161290318      0.774193525       6.9198317525645255E-008
  0.193548381      0.774193525      -5.9782598985457319E-008
  0.225806445      0.774193525       7.3263970569181243E-008
  0.258064508      0.774193525      -6.2380529489883259E-008
  0.290322572      0.774193525       6.3793568619419210E-008
  0.322580636      0.774193525      -1.8848369403760737E-008
  0.354838699      0.774193525       2.6943000705788938E-008
  0.387096763      0.774193525      -3.4504369037272405E-008
  0.419354826      0.774193525       1.3141112031701738E-007
  0.451612890      0.774193525       3.0652562958714403E-006
  0.483870953      0.774193525       2.0395068383550342E-005
  0.516129017      0.774193525       1.0238297833601147E-004
  0.548387110      0.774193525       3.5760398739870686E-004
  0.580645144      0.774193525       8.8525895679608137E-004
  0.612903237      0.774193525       1.6110248182451168E-003
  0.645161271      0.774193525       2.0940508866792548E-003
  0.677419364      0.774193525       1.7954370362470694E-003
  0.709677398      0.774193525       9.5185971146830950E-004
  0.741935492      0.774193525       3.0849651867661350E-004
  0.774193525      0.774193525       6.4535333445226039E-005
  0.806451619      0.774193525       1.1027966593264384E-005
  0.838709652      0.774193525       1.2281074787038835E-006
  0.870967746      0.774193525       2.4043514718354884E-007
  0.903225780      0.774193525      -2.4013795051413371E-007
  0.935483873      0.774193525       3.0606345226434906E-008
  0.967741907      0.774193525      -7.5989222217051935E-007
   1.00000000      0.774193525       1.0128947224027483E-006
   0.00000000      0.806451619      -4.4606329470289245E-007
   3.22580636E-02  0.806451619      -1.7395626226109573E-007
   6.45161271E-02  0.806451619       8.5604293555658266E-008
   9.67741907E-02  0.806451619       9.2534756126153424E-008
  0.129032254      0.806451619       9.7695047606754278E-008
  0.161290318      0.806451619      -4.7426911547280607E-008
  0.193548381      0.806451619       4.6901431900003396E-008
  0.225806445      0.806451619      -4.4904636719979475E-008
  0.258064508      0.806451619       3.9031792163467474E-008
  0.290322572      0.806451619      -1.3517585250685284E-008
  0.322580636      0.806451619      -2.3038909820696235E-009
  0.354838699      0.806451619       2.0524150682759249E-008
  0.387096763      0.806451619       3.2474934070637972E-010
  0.419354826      0.806451619       1.3487119984016327E-007
  0.451612890      0.806451619       1.1720723802636493E-006
  0.483870953      0.806451619       7.8843053280602078E-006
  0.516129017      0.806451619       3.3852883346271754E-005
  0.548387110      0.806451619       8.6019798798983425E-005
  0.580645144      0.806451619       1.7780703688542748E-004
  0.612903237      0.806451619       3.1564796785590367E-004
  0.645161271      0.806451619       4.2927121539551214E-004
  0.677419364      0.806451619       3.8669123053509317E-004
  0.709677398      0.806451619       2.0224766668618650E-004
  0.741935492      0.806451619       5.9545786483683003E-005
  0.774193525      0.806451619       1.2071648385528753E-005
  0.806451619      0.806451619       1.0894792765879407E-006
  0.838709652      0.806451619       2.9442919557430847E-007
  0.870967746      0.806451619      -3.4937872988462873E-007
  0.903225780      0.806451619       2.8920249392242090E-007
  0.935483873      0.806451619      -7.4092758299145537E-008
  0.967741907      0.806451619       7.6216132812589079E-007
   1.00000000      0.806451619      -8.6105020794565649E-007
   0.00000000      0.838709652       4.1267376924282800E-007
   3.22580636E-02  0.838709652       1.7560625824952315E-007
   6.45161271E-02  0.838709652      -6.9320006111617724E-008
   9.67741907E-02  0.838709652      -5.9350758796859449E-008
  0.129032254      0.838709652      -1.2124952995131092E-007
  0.161290318      0.838709652       9.3213080977159881E-008
  0.193548381      0.838709652      -8.5927516325283619E-008
  0.225806445      0.838709652       1.2124847612876492E-007
  0.258064508      0.838709652      -9.9938472582136081E-008
  0.290322572      0.838709652       9.5240805961226389E-008
  0.322580636      0.838709652      -7.9267471327812238E-008
  0.354838699      0.838709652       9.2533185799521250E-008
  0.387096763      0.838709652      -1.2341105257846145E-007
  0.419354826      0.838709652       8.4393221314360728E-008
  0.451612890      0.838709652      -3.5437883879528145E-007
  0.483870953      0.838709652       2.6791542484521273E-006
  0.516129017      0.838709652       8.3882266322319206E-006
  0.548387110      0.838709652       1.4431517222383071E-005
  0.580645144      0.838709652       2.6257836428190486E-005
  0.612903237      0.838709652       4.6014627583940176E-005
  0.645161271      0.838709652       7.0455982342870001E-005
  0.677419364      0.838709652       6.9248169995858588E-005
  0.709677398      0.838709652       3.7336972748771835E-005
  0.741935492      0.838709652       1.1531336974433600E-005
  0.774193525      0.838709652       8.3604907308051763E-007
  0.806451619      0.838709652       1.4562683235410883E-007
  0.838709652      0.838709652       1.2352397617193242E-007
  0.870967746      0.838709652       6.4758400506318747E-008
  0.903225780      0.838709652      -5.1196967906731635E-008
  0.935483873      0.838709652      -1.5283291170132145E-008
  0.967741907      0.838709652      -5.3669246823257278E-007
   1.00000000      0.838709652       8.0771588305175607E-007
   0.00000000      0.870967746      -3.6656806808978847E-007
   3.22580636E-02  0.870967746      -1.4681570906901565E-007
   6.45161271E-02  0.870967746       6.8537237753133032E-008
   9.67741907E-02  0.870967746       4.9916648695472690E-008
  0.129032254      0.870967746       1.4633442591886023E-007
  0.161290318      0.870967746      -9.9775156058670149E-008
  0.193548381      0.870967746       1.1043098334854352E-007
  0.225806445      0.870967746      -1.3475423470325084E-007
  0.258064508      0.870967746       1.2502906489671913E-007
  0.290322572      0.870967746      -1.2031815783066101E-007
  0.322580636      0.870967746       1.0715010734548942E-007
  0.354838699      0.870967746      -1.1522875583498854E-007
  0.387096763      0.870967746       1.2154117025822294E-007
  0.419354826      0.870967746      -9.3234593623120310E-008
  0.451612890      0.870967746       1.9263150495435891E-007
  0.483870953      0.870967746      -2.1972221468581909E-007
  0.516129017      0.870967746       1.0147640613367477E-006
  0.548387110      0.870967746       2.0911721587128934E-006
  0.580645144      0.870967746       2.5465380170471173E-006
  0.612903237      0.870967746       5.5010904315671973E-006
  0.645161271      0.870967746       9.8502585111768041E-006
  0.677419364      0.870967746       1.0531558761956612E-005
  0.709677398      0.870967746       7.2053041742255492E-006
  0.741935492      0.870967746       1.0947807310035433E-006
  0.774193525      0.870967746       1.1137127203257525E-007
  0.806451619      0.870967746      -1.3769296961887674E-007
  0.838709652      0.870967746       9.4264974683497556E-008
  0.870967746      0.870967746      -1.6681488057223226E-007
  0.903225780      0.870967746       4.8080907459329004E-007
  0.935483873      0.870967746       1.3822771964462976E-007
  0.967741907      0.870967746       5.4083545263654741E-007
   1.00000000      0.870967746      -6.6358924159937187E-007
   0.00000000      0.903225780       3.1171408950015436E-007
   3.22580636E-02  0.903225780       1.6424672478568678E-007
   6.45161271E-02  0.903225780      -9.8377755753962576E-008
   9.67741907E-02  0.903225780       1.9264102202752601E-008
  0.129032254      0.903225780      -2.0740459935598026E-007
  0.161290318      0.903225780       1.7259669678448925E-007
  0.193548381      0.903225780      -1.7882013943364610E-007
  0.225806445      0.903225780       2.0604002320436151E-007
  0.258064508      0.903225780      -1.8330993580779536E-007
  0.290322572      0.903225780       1.8063459423827149E-007
  0.322580636      0.903225780      -1.4708850185634019E-007
  0.354838699      0.903225780       1.2780876323168883E-007
  0.387096763      0.903225780      -1.3300895999914408E-007
  0.419354826      0.903225780       8.3073893916640463E-008
  0.451612890      0.903225780      -1.8520318120252427E-007
  0.483870953      0.903225780       2.1251634000289311E-007
  0.516129017      0.903225780       5.2226710834990113E-008
  0.548387110      0.903225780       6.1660419080881967E-008
  0.580645144      0.903225780      -3.5419882467236745E-007
  0.612903237      0.903225780       4.6704252074258771E-007
  0.645161271      0.903225780       5.6682457718285363E-008
  0.677419364      0.903225780       1.7400666542123296E-006
  0.709677398      0.903225780       5.6411532256826214E-007
  0.741935492      0.903225780       2.3689921307170895E-007
  0.774193525      0.903225780      -3.2592965275604040E-007
  0.806451619      0.903225780       2.9714675898660463E-007
  0.838709652      0.903225780      -2.3441987067842869E-007
  0.870967746      0.903225780       6.5521106354391299E-007
  0.903225780      0.903225780       2.1472861388822844E-007
  0.935483873      0.903225780       3.5975171898924013E-008
  0.967741907      0.903225780      -4.5672337125480459E-007
   1.00000000      0.903225780       6.2140878959952050E-007
   0.00000000      0.935483873      -2.3852211959156670E-007
   3.22580636E-02  0.935483873      -1.2869311619116700E-007
   6.45161271E-02  0.935483873       7.7345583266467942E-008
   9.67741907E-02  0.935483873       9.4413471862733627E-009
  0.129032254      0.935483873       1.6968774829363820E-007
  0.161290318      0.935483873      -1.2929799251383117E-007
  0.193548381      0.935483873       1.4296132000394421E-007
  0.225806445      0.935483873      -1.7151572545293008E-007
  0.258064508      0.935483873       1.7244681612421442E-007
  0.290322572      0.935483873      -1.9240148252914924E-007
  0.322580636      0.935483873       1.7382302048100113E-007
  0.354838699      0.935483873      -1.9036601880293206E-007
  0.387096763      0.935483873       1.7976675061338345E-007
  0.419354826      0.935483873      -1.8550959823646264E-007
  0.451612890      0.935483873       2.3189503909013932E-007
  0.483870953      0.935483873      -2.8701931185568949E-007
  0.516129017      0.935483873       8.4689260055550394E-007
  0.548387110      0.935483873       3.5768101272559397E-007
  0.580645144      0.935483873       8.8529808001186729E-007
  0.612903237      0.935483873       1.5612957763314388E-007
  0.645161271      0.935483873       3.2093091769027308E-007
  0.677419364      0.935483873      -1.3126946167180318E-007
  0.709677398      0.935483873       5.9525417489545566E-008
  0.741935492      0.935483873      -1.5462076650785294E-007
  0.774193525      0.935483873       1.8107470281784557E-007
  0.806451619      0.935483873      -1.8453711581124543E-007
  0.838709652      0.935483873       1.5709614333637119E-007
  0.870967746      0.935483873      -6.4975173093831018E-008
  0.903225780      0.935483873       7.5746448757778842E-008
  0.935483873      0.935483873       3.5131486467826707E-008
  0.967741907      0.935483873       3.8747641653130771E-007
   1.00000000      0.935483873      -4.0207017322867125E-007
   0.00000000      0.967741907       2.3345648448521171E-007
   3.22580636E-02  0.967741907      -9.6511946096730660E-008
   6.45161271E-02  0.967741907       2.3998007150046698E-007
   9.67741907E-02  0.967741907      -3.8005713561907776E-007
  0.129032254      0.967741907       3.4076454583126327E-007
  0.161290318      0.967741907      -4.5371758716764804E-007
  0.193548381      0.967741907       5.2125070553081130E-007
  0.225806445      0.967741907      -5.5430204802055066E-007
  0.258064508      0.967741907       6.1103276448538334E-007
  0.290322572      0.967741907      -6.2621991029675571E-007
  0.322580636      0.967741907       6.6348716744947540E-007
  0.354838699      0.967741907      -6.8858698806276142E-007
  0.387096763      0.967741907       6.9037931775587031E-007
  0.419354826      0.967741907      -7.1759348184185311E-007
  0.451612890      0.967741907       6.5044792684267745E-007
  0.483870953      0.967741907      -6.1751201970967861E-007
  0.516129017      0.967741907       7.8503467464565404E-007
  0.548387110      0.967741907      -7.9058973165303923E-007
  0.580645144      0.967741907       1.7289114369642533E-006
  0.612903237      0.967741907      -1.3755362125782059E-006
  0.645161271      0.967741907       2.4534963279916882E-006
  0.677419364      0.967741907      -1.5340470499601842E-006
  0.709677398      0.967741907       1.6757466474812151E-006
  0.741935492      0.967741907      -1.4902246788640432E-006
  0.774193525      0.967741907       1.4061357629751404E-006
  0.806451619      0.967741907      -1.1985296634671825E-006
  0.838709652      0.967741907       1.1107689648899319E-006
  0.870967746      0.967741907      -8.5651001421976861E-007
  0.903225780      0.967741907       7.7660183754496586E-007
  0.935483873      0.967741907      -5.5771753439758673E-007
  0.967741907      0.967741907       1.6566081871706489E-007
   1.00000000      0.967741907       1.7349077637927881E-007
   0.00000000       1.00000000      -1.1862495167832896E-007
   3.22580636E-02   1.00000000       1.3466650550773479E-007
   6.45161271E-02   1.00000000      -2.1875660547850723E-007
   9.67741907E-02   1.00000000       3.1687879762894313E-007
  0.129032254       1.00000000      -3.3516589903091459E-007
  0.161290318       1.00000000       4.3286405320135901E-007
  0.193548381       1.00000000      -5.0765442714109567E-007
  0.225806445       1.00000000       5.6261724077285614E-007
  0.258064508       1.00000000      -6.0834864826072313E-007
  0.290322572       1.00000000       6.3477260196144293E-007
  0.322580636       1.00000000      -6.8155954255945124E-007
  0.354838699       1.00000000       7.0471337173788271E-007
  0.387096763       1.00000000      -7.4166808185640735E-007
  0.419354826       1.00000000       7.3413112471858085E-007
  0.451612890       1.00000000      -7.2434029009233033E-007
  0.483870953       1.00000000       6.6516437035121229E-007
  0.516129017       1.00000000      -2.3328190071692579E-007
  0.548387110       1.00000000       2.3800839612012669E-006
  0.580645144       1.00000000      -7.8607778153994238E-007
  0.612903237       1.00000000       2.5736302075892129E-006
  0.645161271       1.00000000      -5.4911488916460018E-007
  0.677419364       1.00000000       1.9423009081540274E-006
  0.709677398       1.00000000      -9.5765257366263426E-007
  0.741935492       1.00000000       9.9245534352952193E-007
  0.774193525       1.00000000      -6.1952049936844174E-007
  0.806451619       1.00000000       6.7052397422597337E-007
  0.838709652       1.00000000      -5.4516319173150525E-007
  0.870967746       1.00000000       5.0672396299125063E-007
  0.903225780       1.00000000      -3.5367112271867284E-007
  0.935483873       1.00000000       3.2825925507835012E-007
  0.967741907       1.00000000      -7.0681054797776148E-008
   1.00000000       1.00000000      -4.4064313464591807E-009
