 # X Y F 
   0.00000000       0.00000000      -6.5306062006003678E-009
   3.22580636E-02   0.00000000      -2.3142734485383677E-007
   6.45161271E-02   0.00000000       3.3268727118900402E-007
   9.67741907E-02   0.00000000      -3.3405182095415333E-007
  0.129032254       0.00000000       4.7362156668059737E-007
  0.161290318       0.00000000      -4.9443683547260455E-007
  0.193548381       0.00000000       5.8835798084770156E-007
  0.225806445       0.00000000      -5.8999836100884117E-007
  0.258064508       0.00000000       6.6834940607376406E-007
  0.290322572       0.00000000      -6.5923010924715144E-007
  0.322580636       0.00000000       7.3572234016655160E-007
  0.354838699       0.00000000      -7.4157263619734986E-007
  0.387096763       0.00000000       8.1856009205848377E-007
  0.419354826       0.00000000      -8.2723883524414957E-007
  0.451612890       0.00000000       9.0002040009342483E-007
  0.483870953       0.00000000      -8.9092503891445836E-007
  0.516129017       0.00000000       9.6656458785519470E-007
  0.548387110       0.00000000      -9.5095546348288850E-007
  0.580645144       0.00000000       9.9033561438141903E-007
  0.612903237       0.00000000      -9.5639637523164037E-007
  0.645161271       0.00000000       9.6174265467029611E-007
  0.677419364       0.00000000      -9.0538979830880978E-007
  0.709677398       0.00000000       8.7675655235874064E-007
  0.741935492       0.00000000      -8.0727208939272032E-007
  0.774193525       0.00000000       7.9402114892551129E-007
  0.806451619       0.00000000      -7.2428282927799289E-007
  0.838709652       0.00000000       6.6714090735000226E-007
  0.870967746       0.00000000      -5.5858943163539597E-007
  0.903225780       0.00000000       4.8153667281594208E-007
  0.935483873       0.00000000      -3.6476837535454050E-007
  0.967741907       0.00000000       2.7857802763057245E-007
   1.00000000       0.00000000      -7.2390398358192925E-008
   0.00000000       3.22580636E-02   4.0161081580807234E-007
   3.22580636E-02   3.22580636E-02  -2.1312132868475233E-007
   6.45161271E-02   3.22580636E-02   5.3012178282500516E-007
   9.67741907E-02   3.22580636E-02  -8.2760944602600591E-007
  0.129032254       3.22580636E-02   8.9606145635549965E-007
  0.161290318       3.22580636E-02  -9.8239153840873121E-007
  0.193548381       3.22580636E-02   1.0367046337987808E-006
  0.225806445       3.22580636E-02  -1.0381685308710599E-006
  0.258064508       3.22580636E-02   1.0277541765007580E-006
  0.290322572       3.22580636E-02  -9.6853948863603980E-007
  0.322580636       3.22580636E-02   9.5512762007619061E-007
  0.354838699       3.22580636E-02  -8.5727275956540445E-007
  0.387096763       3.22580636E-02   8.5439155408806717E-007
  0.419354826       3.22580636E-02  -7.3018728223377108E-007
  0.451612890       3.22580636E-02   7.4782023840543910E-007
  0.483870953       3.22580636E-02  -7.1607959750857236E-007
  0.516129017       3.22580636E-02   7.5848388993374141E-007
  0.548387110       3.22580636E-02  -7.6497860535090699E-007
  0.580645144       3.22580636E-02   8.6072134515728470E-007
  0.612903237       3.22580636E-02  -8.9210446828277296E-007
  0.645161271       3.22580636E-02   9.9034172097163573E-007
  0.677419364       3.22580636E-02  -1.0389221591650936E-006
  0.709677398       3.22580636E-02   1.1289518273215800E-006
  0.741935492       3.22580636E-02  -1.1693637435490900E-006
  0.774193525       3.22580636E-02   1.1591441794329237E-006
  0.806451619       3.22580636E-02  -1.1556238239719895E-006
  0.838709652       3.22580636E-02   1.1218152596760907E-006
  0.870967746       3.22580636E-02  -1.0045111445214174E-006
  0.903225780       3.22580636E-02   8.2302243851202758E-007
  0.935483873       3.22580636E-02  -5.9757217552532504E-007
  0.967741907       3.22580636E-02   3.3223440177807005E-007
   1.00000000       3.22580636E-02  -1.6420821194213339E-007
   0.00000000       6.45161271E-02  -3.1993825193662579E-007
   3.22580636E-02   6.45161271E-02  -3.4808229393485071E-007
   6.45161271E-02   6.45161271E-02   2.9008017029401768E-007
   9.67741907E-02   6.45161271E-02  -7.7083883767840889E-008
  0.129032254       6.45161271E-02   2.7520509510038122E-007
  0.161290318       6.45161271E-02  -2.3025958958513069E-007
  0.193548381       6.45161271E-02   3.0466019323614875E-007
  0.225806445       6.45161271E-02  -2.1779961026366917E-007
  0.258064508       6.45161271E-02   2.5679961576957576E-007
  0.290322572       6.45161271E-02  -1.3094513555776066E-007
  0.322580636       6.45161271E-02   1.0725772740082071E-007
  0.354838699       6.45161271E-02  -8.1963197183941712E-009
  0.387096763       6.45161271E-02  -1.0230209581993757E-008
  0.419354826       6.45161271E-02   7.2978644314508125E-008
  0.451612890       6.45161271E-02  -7.7754833397079781E-008
  0.483870953       6.45161271E-02   1.8600349283000257E-007
  0.516129017       6.45161271E-02  -1.3615879766354645E-007
  0.548387110       6.45161271E-02   2.0231238709473390E-007
  0.580645144       6.45161271E-02  -1.7102639242807428E-007
  0.612903237       6.45161271E-02   1.6396960375106930E-007
  0.645161271       6.45161271E-02  -9.4396672237543809E-008
  0.677419364       6.45161271E-02   6.6197550455333245E-008
  0.709677398       6.45161271E-02  -3.7517719666395341E-008
  0.741935492       6.45161271E-02   3.1754639740054330E-008
  0.774193525       6.45161271E-02   9.9946343002100047E-008
  0.806451619       6.45161271E-02  -9.1440885381873394E-008
  0.838709652       6.45161271E-02   1.1595179423686609E-007
  0.870967746       6.45161271E-02  -8.5676559857651824E-008
  0.903225780       6.45161271E-02   1.3099398790285562E-007
  0.935483873       6.45161271E-02  -1.1170651124912153E-007
  0.967741907       6.45161271E-02   2.1812166326418753E-007
   1.00000000       6.45161271E-02   2.0302900815265282E-008
   0.00000000       9.67741907E-02   5.0352157224936569E-007
   3.22580636E-02   9.67741907E-02   3.2150325935815325E-007
   6.45161271E-02   9.67741907E-02  -9.4750442849176602E-008
   9.67741907E-02   9.67741907E-02  -1.6377958737747429E-007
  0.129032254       9.67741907E-02   3.0097982353161325E-008
  0.161290318       9.67741907E-02  -4.2095789259650053E-008
  0.193548381       9.67741907E-02   4.1724604990238899E-008
  0.225806445       9.67741907E-02  -3.2598845522043796E-008
  0.258064508       9.67741907E-02   3.8706307673972495E-009
  0.290322572       9.67741907E-02   1.2733114013715807E-008
  0.322580636       9.67741907E-02   2.8660955387061062E-008
  0.354838699       9.67741907E-02   3.6808005771261330E-008
  0.387096763       9.67741907E-02   1.5997497521880710E-008
  0.419354826       9.67741907E-02   6.7529979597162423E-008
  0.451612890       9.67741907E-02  -1.5311111921630301E-008
  0.483870953       9.67741907E-02   1.9299670574020141E-008
  0.516129017       9.67741907E-02  -2.2976328099104184E-008
  0.548387110       9.67741907E-02   4.5963940983755832E-008
  0.580645144       9.67741907E-02   7.4449793833546146E-009
  0.612903237       9.67741907E-02   3.6308731907527102E-008
  0.645161271       9.67741907E-02  -2.6906025746643593E-008
  0.677419364       9.67741907E-02   6.9065047999030947E-008
  0.709677398       9.67741907E-02  -1.3404817154300661E-008
  0.741935492       9.67741907E-02   1.3497439805477692E-009
  0.774193525       9.67741907E-02  -8.9057815515631961E-008
  0.806451619       9.67741907E-02   4.7119612942938554E-008
  0.838709652       9.67741907E-02  -1.6075326187493481E-008
  0.870967746       9.67741907E-02   1.1046158379194124E-008
  0.903225780       9.67741907E-02  -5.3134406589301000E-008
  0.935483873       9.67741907E-02   8.2261195539354692E-008
  0.967741907       9.67741907E-02  -2.3598028983612977E-007
   1.00000000       9.67741907E-02  -2.9029857244279971E-008
   0.00000000      0.129032254      -5.4655339121352176E-007
   3.22580636E-02  0.129032254      -3.6056153094098371E-007
   6.45161271E-02  0.129032254       1.7251409728726557E-007
   9.67741907E-02  0.129032254       1.8309874015522699E-007
  0.129032254      0.129032254       5.1089379712559750E-008
  0.161290318      0.129032254       2.0073555683449635E-008
  0.193548381      0.129032254       4.5515860244285642E-008
  0.225806445      0.129032254       2.5982367625289554E-008
  0.258064508      0.129032254       8.3538201536805653E-008
  0.290322572      0.129032254       1.4010517133967693E-008
  0.322580636      0.129032254       3.7113615707429368E-008
  0.354838699      0.129032254       2.0346428507897439E-008
  0.387096763      0.129032254       3.6982126724236034E-008
  0.419354826      0.129032254       1.7087545482994979E-008
  0.451612890      0.129032254       6.6569815502653475E-008
  0.483870953      0.129032254       4.9729173248033184E-008
  0.516129017      0.129032254       1.0054616425656008E-007
  0.548387110      0.129032254      -4.2268367605904266E-008
  0.580645144      0.129032254      -1.1349400443209142E-008
  0.612903237      0.129032254       7.0691279225366238E-010
  0.645161271      0.129032254      -3.0217708355730200E-008
  0.677419364      0.129032254      -2.9807468789007306E-008
  0.709677398      0.129032254      -2.6104318789221392E-008
  0.741935492      0.129032254       6.9629706026768836E-008
  0.774193525      0.129032254       6.2680181453403843E-008
  0.806451619      0.129032254       1.0872961185738167E-008
  0.838709652      0.129032254      -2.5735967903198712E-008
  0.870967746      0.129032254       5.1075774821887101E-008
  0.903225780      0.129032254       2.4695980169939004E-008
  0.935483873      0.129032254      -3.9951453059472864E-008
  0.967741907      0.129032254       3.1786636349924505E-007
   1.00000000      0.129032254       4.9902752016990853E-008
   0.00000000      0.161290318       6.3012465931474314E-007
   3.22580636E-02  0.161290318       4.1781144246647332E-007
   6.45161271E-02  0.161290318      -1.5802721638054412E-007
   9.67741907E-02  0.161290318      -1.7784300480641216E-007
  0.129032254      0.161290318       1.6534860467998859E-008
  0.161290318      0.161290318      -1.9712777015950538E-008
  0.193548381      0.161290318       3.9223049244945331E-008
  0.225806445      0.161290318      -2.0701311027223435E-008
  0.258064508      0.161290318       1.8556476431861558E-008
  0.290322572      0.161290318       3.0449910831795178E-008
  0.322580636      0.161290318       6.9653755581680455E-008
  0.354838699      0.161290318       2.7346615501738116E-008
  0.387096763      0.161290318       4.4498943815289857E-008
  0.419354826      0.161290318       4.3423092487932847E-008
  0.451612890      0.161290318       7.0379734615123267E-008
  0.483870953      0.161290318      -9.5084570900590850E-008
  0.516129017      0.161290318       4.9242256713687807E-008
  0.548387110      0.161290318       1.0322025327489935E-006
  0.580645144      0.161290318       1.8043142391436283E-006
  0.612903237      0.161290318       1.4610681076976550E-006
  0.645161271      0.161290318       8.7908735315053337E-007
  0.677419364      0.161290318       3.4475628402964826E-007
  0.709677398      0.161290318       6.3821326169739822E-008
  0.741935492      0.161290318      -5.7575724082832083E-008
  0.774193525      0.161290318      -8.3392692821194821E-008
  0.806451619      0.161290318      -7.2037970067228899E-009
  0.838709652      0.161290318       5.8272690105427090E-008
  0.870967746      0.161290318      -5.0340429643529431E-008
  0.903225780      0.161290318       2.1442199733756272E-009
  0.935483873      0.161290318       4.9871168239938002E-008
  0.967741907      0.161290318      -3.6370789533626727E-007
   1.00000000      0.161290318      -1.6983086965780480E-008
   0.00000000      0.193548381      -6.4368958054037407E-007
   3.22580636E-02  0.193548381      -3.8178376358036544E-007
   6.45161271E-02  0.193548381       1.8207879613011953E-007
   9.67741907E-02  0.193548381       2.4152091794981679E-007
  0.129032254      0.193548381      -3.9047706238590387E-008
  0.161290318      0.193548381       1.1073055086951997E-007
  0.193548381      0.193548381      -5.2382609125933468E-008
  0.225806445      0.193548381       1.3079743254398511E-007
  0.258064508      0.193548381       1.1388206734231069E-008
  0.290322572      0.193548381       4.4045215013003382E-007
  0.322580636      0.193548381       1.3343258188521149E-007
  0.354838699      0.193548381       3.4117439171243504E-007
  0.387096763      0.193548381       1.2666693074342151E-007
  0.419354826      0.193548381       4.5346608229232899E-007
  0.451612890      0.193548381       6.2117555021027372E-007
  0.483870953      0.193548381       8.3970991827316438E-007
  0.516129017      0.193548381       5.4398516508578631E-006
  0.548387110      0.193548381       1.3939493673445603E-005
  0.580645144      0.193548381       2.2174275297552195E-005
  0.612903237      0.193548381       2.0827859448178430E-005
  0.645161271      0.193548381       1.1584008412045570E-005
  0.677419364      0.193548381       4.9401753822846433E-006
  0.709677398      0.193548381       3.0315953290692710E-006
  0.741935492      0.193548381       1.4101145826445290E-006
  0.774193525      0.193548381      -9.0368301981149840E-008
  0.806451619      0.193548381       9.1628772745925814E-008
  0.838709652      0.193548381      -1.2023006544323139E-007
  0.870967746      0.193548381       1.0215101548549471E-007
  0.903225780      0.193548381      -1.1823463453403593E-009
  0.935483873      0.193548381      -3.1221219926939983E-008
  0.967741907      0.193548381       4.6314418990358495E-007
   1.00000000      0.193548381       9.5073602668372086E-009
   0.00000000      0.225806445       7.0219077581695938E-007
   3.22580636E-02  0.225806445       4.3242549896646289E-007
   6.45161271E-02  0.225806445      -1.8787779567300294E-007
   9.67741907E-02  0.225806445      -1.5164499834826419E-007
  0.129032254      0.225806445       4.3452537332065344E-008
  0.161290318      0.225806445      -1.6702087542439371E-008
  0.193548381      0.225806445       4.1900491547908019E-008
  0.225806445      0.225806445       2.1093385845512814E-008
  0.258064508      0.225806445       1.3271238896828446E-008
  0.290322572      0.225806445       8.6599797025348374E-008
  0.322580636      0.225806445       2.4082580759721636E-007
  0.354838699      0.225806445       1.8133565457091486E-007
  0.387096763      0.225806445       6.0205904434780190E-007
  0.419354826      0.225806445       1.0037720518169194E-006
  0.451612890      0.225806445       2.3536042127099379E-006
  0.483870953      0.225806445       1.3221079018007402E-005
  0.516129017      0.225806445       4.4774200620513022E-005
  0.548387110      0.225806445       1.1511316261280165E-004
  0.580645144      0.225806445       1.8090979376271876E-004
  0.612903237      0.225806445       1.6852790180146566E-004
  0.645161271      0.225806445       1.0522833303199910E-004
  0.677419364      0.225806445       5.2037341456958164E-005
  0.709677398      0.225806445       1.9979851174282546E-005
  0.741935492      0.225806445       4.0861195705224959E-006
  0.774193525      0.225806445       6.1646166276811764E-007
  0.806451619      0.225806445       2.5384392441049665E-008
  0.838709652      0.225806445       6.6377827497339268E-008
  0.870967746      0.225806445      -3.5258288139363452E-008
  0.903225780      0.225806445      -6.5144423525858576E-009
  0.935483873      0.225806445       6.8866048124140346E-008
  0.967741907      0.225806445      -5.1738099029418289E-007
   1.00000000      0.225806445       6.2984044137387266E-008
   0.00000000      0.258064508      -7.1357475816280413E-007
   3.22580636E-02  0.258064508      -4.0537512487058088E-007
   6.45161271E-02  0.258064508       2.1385718765124485E-007
   9.67741907E-02  0.258064508       1.5919763544727211E-007
  0.129032254      0.258064508      -2.2252730578135291E-008
  0.161290318      0.258064508       5.4006407868153080E-008
  0.193548381      0.258064508       4.6700494656080609E-009
  0.225806445      0.258064508       8.7618290297352574E-008
  0.258064508      0.258064508       2.8298831596467534E-007
  0.290322572      0.258064508       2.4508113447222961E-007
  0.322580636      0.258064508      -7.8044441290188543E-008
  0.354838699      0.258064508       1.9284298134928625E-007
  0.387096763      0.258064508       9.3852613139273902E-007
  0.419354826      0.258064508       3.2248987541176962E-006
  0.451612890      0.258064508       1.7572131463890962E-005
  0.483870953      0.258064508       7.7033121272360256E-005
  0.516129017      0.258064508       2.8140788803620876E-004
  0.548387110      0.258064508       6.9495401859009888E-004
  0.580645144      0.258064508       1.0699252494270940E-003
  0.612903237      0.258064508       1.0440709176913632E-003
  0.645161271      0.258064508       6.8039857041826940E-004
  0.677419364      0.258064508       3.0011233069186528E-004
  0.709677398      0.258064508       8.9279034614803086E-005
  0.741935492      0.258064508       2.3107353828016390E-005
  0.774193525      0.258064508       7.2477478877062237E-006
  0.806451619      0.258064508       8.5536717537578133E-007
  0.838709652      0.258064508      -4.9212901670262753E-008
  0.870967746      0.258064508       3.8836213012056716E-008
  0.903225780      0.258064508       5.0409158779912775E-008
  0.935483873      0.258064508      -5.0980873096252656E-008
  0.967741907      0.258064508       6.5411050573304953E-007
   1.00000000      0.258064508      -8.5171901759716822E-008
   0.00000000      0.290322572       7.9221178577890735E-007
   3.22580636E-02  0.290322572       4.5141558356723289E-007
   6.45161271E-02  0.290322572      -1.7066490978208592E-007
   9.67741907E-02  0.290322572      -1.1012465105449594E-007
  0.129032254      0.290322572       9.9887357016931485E-008
  0.161290318      0.290322572      -2.3213297364940095E-008
  0.193548381      0.290322572       6.7354556173723282E-008
  0.225806445      0.290322572      -2.9187609690200890E-008
  0.258064508      0.290322572       1.4253385123830432E-007
  0.290322572      0.290322572      -6.0359564492617723E-009
  0.322580636      0.290322572       3.9746087494927004E-007
  0.354838699      0.290322572       1.4113429050387641E-007
  0.387096763      0.290322572       6.5625363188146347E-007
  0.419354826      0.290322572       1.3203555321985089E-005
  0.451612890      0.290322572       7.7527628893217361E-005
  0.483870953      0.290322572       3.7398442770973699E-004
  0.516129017      0.290322572       1.2892009114921078E-003
  0.548387110      0.290322572       3.0428599678053851E-003
  0.580645144      0.290322572       4.7446877318664815E-003
  0.612903237      0.290322572       4.6540255936998402E-003
  0.645161271      0.290322572       2.8727964376812900E-003
  0.677419364      0.290322572       1.2056416469665833E-003
  0.709677398      0.290322572       3.9006118031435837E-004
  0.741935492      0.290322572       1.0655743326956564E-004
  0.774193525      0.290322572       2.1273144455966548E-005
  0.806451619      0.290322572       2.4155558389263859E-006
  0.838709652      0.290322572       4.4267272779799326E-008
  0.870967746      0.290322572      -1.0266407379936038E-007
  0.903225780      0.290322572       8.3462033510192876E-008
  0.935483873      0.290322572      -8.7683019177909735E-010
  0.967741907      0.290322572      -6.5623023304442904E-007
   1.00000000      0.290322572       1.7224553919011979E-007
   0.00000000      0.322580636      -8.1343573068841134E-007
   3.22580636E-02  0.322580636      -4.5499592674949470E-007
   6.45161271E-02  0.322580636       2.0999434497596457E-007
   9.67741907E-02  0.322580636       8.8352507368337408E-008
  0.129032254      0.322580636      -5.4660928655115841E-008
  0.161290318      0.322580636       3.6639017847271788E-008
  0.193548381      0.322580636       2.0852846623340501E-008
  0.225806445      0.322580636       5.3430565758942871E-008
  0.258064508      0.322580636       1.1290694689502927E-007
  0.290322572      0.322580636       6.2750750046948000E-007
  0.322580636      0.322580636       3.6673865646915102E-007
  0.354838699      0.322580636       9.2917183525165827E-008
  0.387096763      0.322580636       6.5083654218980176E-006
  0.419354826      0.322580636       4.6262036955464254E-005
  0.451612890      0.322580636       2.8040880796821382E-004
  0.483870953      0.322580636       1.2654108470114358E-003
  0.516129017      0.322580636       4.1415971631619392E-003
  0.548387110      0.322580636       9.6276367710059086E-003
  0.580645144      0.322580636       1.4652745767954795E-002
  0.612903237      0.322580636       1.3827835447145066E-002
  0.645161271      0.322580636       8.5161444780193132E-003
  0.677419364      0.322580636       3.7680641136001369E-003
  0.709677398      0.322580636       1.2695028110308406E-003
  0.741935492      0.322580636       3.1057630446929268E-004
  0.774193525      0.322580636       5.2168650352080700E-005
  0.806451619      0.322580636       8.0477268012347198E-006
  0.838709652      0.322580636       3.1001243297269795E-007
  0.870967746      0.322580636       2.6954101007457090E-007
  0.903225780      0.322580636      -6.2184151118640505E-008
  0.935483873      0.322580636       2.9424592831369160E-008
  0.967741907      0.322580636       8.0577931003169575E-007
   1.00000000      0.322580636      -2.1250354874992471E-007
   0.00000000      0.354838699       9.0463500967082535E-007
   3.22580636E-02  0.354838699       5.0404150585640300E-007
   6.45161271E-02  0.354838699      -1.7545013638774388E-007
   9.67741907E-02  0.354838699      -1.7318744468286205E-009
  0.129032254      0.354838699       6.2644452036100690E-008
  0.161290318      0.354838699       6.3044263594522903E-008
  0.193548381      0.354838699      -6.3175752949917073E-008
  0.225806445      0.354838699       1.2979758893419473E-007
  0.258064508      0.354838699      -1.2594115294808469E-007
  0.290322572      0.354838699       3.3149795181508181E-007
  0.322580636      0.354838699      -4.9866566720171895E-007
  0.354838699      0.354838699       2.8655872984151355E-006
  0.387096763      0.354838699       2.2797556777135419E-005
  0.419354826      0.354838699       1.3863058820556446E-004
  0.451612890      0.354838699       6.9881536492973333E-004
  0.483870953      0.354838699       2.7998315445124573E-003
  0.516129017      0.354838699       8.7484790760370395E-003
  0.548387110      0.354838699       1.9404251345558638E-002
  0.580645144      0.354838699       2.7631360958582218E-002
  0.612903237      0.354838699       2.5963612733837762E-002
  0.645161271      0.354838699       1.7078516293678576E-002
  0.677419364      0.354838699       7.8976209401640518E-003
  0.709677398      0.354838699       2.5153088028481473E-003
  0.741935492      0.354838699       5.5604074748939357E-004
  0.774193525      0.354838699       9.5530076244642749E-005
  0.806451619      0.354838699       1.3355258027911485E-005
  0.838709652      0.354838699       1.1660289636299933E-006
  0.870967746      0.354838699      -1.4966152100631414E-007
  0.903225780      0.354838699       4.2114543402422508E-008
  0.935483873      0.354838699       4.5508201499882986E-008
  0.967741907      0.354838699      -8.6550586474527782E-007
   1.00000000      0.354838699       3.4420480779715149E-007
   0.00000000      0.387096763      -9.2057146214698229E-007
   3.22580636E-02  0.387096763      -5.2699223641773589E-007
   6.45161271E-02  0.387096763       2.3328955527378704E-007
   9.67741907E-02  0.387096763      -4.2387575971854398E-008
  0.129032254      0.387096763       2.3797207798469092E-008
  0.161290318      0.387096763      -8.7736880945759681E-008
  0.193548381      0.387096763       1.7612853806168715E-007
  0.225806445      0.387096763      -1.3533176892731496E-007
  0.258064508      0.387096763       2.2988922231525194E-007
  0.290322572      0.387096763      -1.8747296306196705E-007
  0.322580636      0.387096763       3.6653443540479798E-007
  0.354838699      0.387096763       8.7986227041159583E-007
  0.387096763      0.387096763       2.0280981350224358E-005
  0.419354826      0.387096763       1.5311101985393256E-004
  0.451612890      0.387096763       8.5296660290917065E-004
  0.483870953      0.387096763       3.6332579315564162E-003
  0.516129017      0.387096763       1.1300765251879622E-002
  0.548387110      0.387096763       2.3354860372151894E-002
  0.580645144      0.387096763       3.2122373675794930E-002
  0.612903237      0.387096763       3.0909003074884010E-002
  0.645161271      0.387096763       2.0943981423670120E-002
  0.677419364      0.387096763       9.5619600861263383E-003
  0.709677398      0.387096763       2.8986697813016657E-003
  0.741935492      0.387096763       6.4692412791064150E-004
  0.774193525      0.387096763       1.1678753825544981E-004
  0.806451619      0.387096763       1.6509235630983062E-005
  0.838709652      0.387096763       1.7503561189501944E-006
  0.870967746      0.387096763      -4.4937874271084254E-008
  0.903225780      0.387096763      -1.5304842431880265E-008
  0.935483873      0.387096763       3.2681904174350208E-008
  0.967741907      0.387096763       9.3469069692581828E-007
   1.00000000      0.387096763      -3.7598947579374374E-007
   0.00000000      0.419354826       1.0204765224134073E-006
   3.22580636E-02  0.419354826       5.4050675235880992E-007
   6.45161271E-02  0.419354826      -1.2161129240954794E-007
   9.67741907E-02  0.419354826       5.3408291874572782E-009
  0.129032254      0.419354826       1.4186341036709686E-007
  0.161290318      0.419354826      -3.4244394065612031E-008
  0.193548381      0.419354826       4.9254832184357117E-008
  0.225806445      0.419354826      -2.6804054669336701E-008
  0.258064508      0.419354826       1.2167571102817437E-007
  0.290322572      0.419354826      -9.0771959230482731E-008
  0.322580636      0.419354826       1.1746594065321740E-007
  0.354838699      0.419354826      -3.1962698791153822E-008
  0.387096763      0.419354826       1.7180676642924137E-006
  0.419354826      0.419354826       3.8330388653286936E-005
  0.451612890      0.419354826       3.8089826782085464E-004
  0.483870953      0.419354826       2.2427826491958208E-003
  0.516129017      0.419354826       7.9258336074370262E-003
  0.548387110      0.419354826       1.7965914173128872E-002
  0.580645144      0.419354826       2.6881464549226582E-002
  0.612903237      0.419354826       2.6884925167410378E-002
  0.645161271      0.419354826       1.7567019757001073E-002
  0.677419364      0.419354826       7.1574700798567115E-003
  0.709677398      0.419354826       1.9693634025254023E-003
  0.741935492      0.419354826       4.1541291701538478E-004
  0.774193525      0.419354826       6.0381111911951708E-005
  0.806451619      0.419354826       5.7049811029877970E-006
  0.838709652      0.419354826       8.5903319941126017E-008
  0.870967746      0.419354826      -1.0264303849997104E-007
  0.903225780      0.419354826       4.3759386894825668E-008
  0.935483873      0.419354826       1.9281415474999539E-008
  0.967741907      0.419354826      -9.7621668859693868E-007
   1.00000000      0.419354826       5.0954164887239739E-007
   0.00000000      0.451612890      -1.0383559526962407E-006
   3.22580636E-02  0.451612890      -5.2002003298469891E-007
   6.45161271E-02  0.451612890       1.3250575902155647E-007
   9.67741907E-02  0.451612890      -8.7397149481376181E-010
  0.129032254      0.451612890      -1.1092462605917518E-007
  0.161290318      0.451612890       6.5379903007108485E-008
  0.193548381      0.451612890      -2.5407947032232591E-009
  0.225806445      0.451612890       4.5666756876037893E-008
  0.258064508      0.451612890      -6.4979853818859533E-008
  0.290322572      0.451612890       1.3490629709537077E-007
  0.322580636      0.451612890      -1.2277930830379199E-007
  0.354838699      0.451612890       1.0076967922494560E-007
  0.387096763      0.451612890      -3.5852202594294192E-008
  0.419354826      0.451612890       2.2476468046450887E-006
  0.451612890      0.451612890       1.1051549532767529E-004
  0.483870953      0.451612890       6.8910219490752852E-004
  0.516129017      0.451612890       2.5455224879118881E-003
  0.548387110      0.451612890       7.0946794487439105E-003
  0.580645144      0.451612890       1.2650204656441422E-002
  0.612903237      0.451612890       1.2259687490190938E-002
  0.645161271      0.451612890       6.1549795385025764E-003
  0.677419364      0.451612890       1.8644396212199211E-003
  0.709677398      0.451612890       3.9143485569255823E-004
  0.741935492      0.451612890       3.0210214232070462E-005
  0.774193525      0.451612890      -4.6443904070348512E-007
  0.806451619      0.451612890      -1.6473102498503137E-007
  0.838709652      0.451612890       8.4473788102456604E-009
  0.870967746      0.451612890       1.2511949881041408E-007
  0.903225780      0.451612890      -7.0347585768469800E-008
  0.935483873      0.451612890       2.7993380715308584E-008
  0.967741907      0.451612890       1.0494546347295127E-006
   1.00000000      0.451612890      -5.6474320771983168E-007
   0.00000000      0.483870953       1.0691778068345494E-006
   3.22580636E-02  0.483870953       5.6098746073778607E-007
   6.45161271E-02  0.483870953      -1.1098575990710839E-007
   9.67741907E-02  0.483870953       7.4627205814173826E-008
  0.129032254      0.483870953       1.0171557977344139E-007
  0.161290318      0.483870953       2.6895201784627330E-008
  0.193548381      0.483870953      -3.8982188320795761E-008
  0.225806445      0.483870953       9.9177919520433534E-008
  0.258064508      0.483870953      -2.7028588044637837E-008
  0.290322572      0.483870953       5.3573219931997922E-008
  0.322580636      0.483870953      -5.4403330658694503E-008
  0.354838699      0.483870953       3.2631927430441908E-007
  0.387096763      0.483870953      -4.8135606811760867E-007
  0.419354826      0.483870953       1.3790548931713480E-005
  0.451612890      0.483870953       1.1730294681790992E-004
  0.483870953      0.483870953       3.6122104512716064E-004
  0.516129017      0.483870953       7.9645103350307065E-004
  0.548387110      0.483870953       1.0025409693910808E-003
  0.580645144      0.483870953       2.6636675256682058E-004
  0.612903237      0.483870953      -7.1362525228890967E-004
  0.645161271      0.483870953      -6.0805959486967532E-004
  0.677419364      0.483870953      -2.3488458891697680E-004
  0.709677398      0.483870953      -3.0242076434156746E-005
  0.741935492      0.483870953       1.8973548615165361E-005
  0.774193525      0.483870953       6.6685343180945373E-006
  0.806451619      0.483870953       1.4120047049741073E-006
  0.838709652      0.483870953      -1.8496583552581505E-007
  0.870967746      0.483870953      -5.3831135202677469E-008
  0.903225780      0.483870953       7.9775994513893450E-008
  0.935483873      0.483870953      -5.5344314692540070E-008
  0.967741907      0.483870953      -1.0186236385416594E-006
   1.00000000      0.483870953       6.6265942193273193E-007
   0.00000000      0.516129017      -1.0313233247096119E-006
   3.22580636E-02  0.516129017      -4.8284830620910073E-007
   6.45161271E-02  0.516129017       8.4243690147280987E-008
   9.67741907E-02  0.516129017       6.5672332322375182E-009
  0.129032254      0.516129017      -1.4228779885086891E-007
  0.161290318      0.516129017       9.8915368381608785E-008
  0.193548381      0.516129017      -4.6123411263211721E-008
  0.225806445      0.516129017       8.3774615406755161E-008
  0.258064508      0.516129017      -1.3197294349456363E-007
  0.290322572      0.516129017       2.2008539278447924E-007
  0.322580636      0.516129017      -2.0820646403078162E-007
  0.354838699      0.516129017       9.6799270837990902E-008
  0.387096763      0.516129017       2.5738769871304173E-006
  0.419354826      0.516129017       5.0106362843420224E-005
  0.451612890      0.516129017       2.5053427325435925E-004
  0.483870953      0.516129017       9.4056734509893750E-004
  0.516129017      0.516129017       2.5711895867538749E-003
  0.548387110      0.516129017       5.0620866811072803E-003
  0.580645144      0.516129017       6.7870166810336720E-003
  0.612903237      0.516129017       5.9710640190739498E-003
  0.645161271      0.516129017       3.5847736290733710E-003
  0.677419364      0.516129017       1.5438232500223411E-003
  0.709677398      0.516129017       4.6365446979589623E-004
  0.741935492      0.516129017       1.1813565133571761E-004
  0.774193525      0.516129017       2.7657726663619481E-005
  0.806451619      0.516129017       2.9456895227516955E-006
  0.838709652      0.516129017       3.3834821394318670E-008
  0.870967746      0.516129017      -8.7663634208203583E-009
  0.903225780      0.516129017       5.8423432756090857E-010
  0.935483873      0.516129017       2.1459047062019586E-008
  0.967741907      0.516129017       1.1016764442668817E-006
   1.00000000      0.516129017      -7.2503080151062372E-007
   0.00000000      0.548387110       1.0035161820228070E-006
   3.22580636E-02  0.548387110       4.8975077825068164E-007
   6.45161271E-02  0.548387110      -8.3218629909001563E-008
   9.67741907E-02  0.548387110       6.3766252491391200E-008
  0.129032254      0.548387110       9.0229594301558212E-008
  0.161290318      0.548387110       7.3814823765249657E-009
  0.193548381      0.548387110      -5.5975820346436424E-009
  0.225806445      0.548387110       4.9997030260441843E-008
  0.258064508      0.548387110       3.7891778809566663E-008
  0.290322572      0.548387110      -2.3296317864976514E-008
  0.322580636      0.548387110       1.1748744384794469E-007
  0.354838699      0.548387110       1.9577358406054125E-006
  0.387096763      0.548387110       2.2047244772685137E-005
  0.419354826      0.548387110       1.2847279675142341E-004
  0.451612890      0.548387110       6.0558406243650870E-004
  0.483870953      0.548387110       2.3043802616973890E-003
  0.516129017      0.548387110       6.7121555014181553E-003
  0.548387110      0.548387110       1.4011762628759972E-002
  0.580645144      0.548387110       1.9618918649211489E-002
  0.612903237      0.548387110       1.8199173785042790E-002
  0.645161271      0.548387110       1.1371577339590913E-002
  0.677419364      0.548387110       5.0219441239420532E-003
  0.709677398      0.548387110       1.6188478917161897E-003
  0.741935492      0.548387110       3.6603343651637495E-004
  0.774193525      0.548387110       6.0722336593853090E-005
  0.806451619      0.548387110       9.0097902729968290E-006
  0.838709652      0.548387110       9.2054439892455303E-008
  0.870967746      0.548387110       2.4681177567185272E-007
  0.903225780      0.548387110      -6.8657240993455352E-008
  0.935483873      0.548387110       3.5522373597239763E-008
  0.967741907      0.548387110      -1.0977256346974915E-006
   1.00000000      0.548387110       8.3153923098417585E-007
   0.00000000      0.580645144      -9.2122134141923354E-007
   3.22580636E-02  0.580645144      -4.3241792960803160E-007
   6.45161271E-02  0.580645144       1.0512694474061637E-007
   9.67741907E-02  0.580645144      -1.5363085377236305E-008
  0.129032254      0.580645144      -6.1859436074089990E-008
  0.161290318      0.580645144       2.9500009574994574E-008
  0.193548381      0.580645144       1.3544158221987914E-008
  0.225806445      0.580645144       2.0175424885002347E-008
  0.258064508      0.580645144      -2.7827666232699709E-008
  0.290322572      0.580645144       3.6316073760136822E-008
  0.322580636      0.580645144       1.9174996213223391E-007
  0.354838699      0.580645144       5.7580354689985850E-006
  0.387096763      0.580645144       3.7050217276240381E-005
  0.419354826      0.580645144       2.0074555738072543E-004
  0.451612890      0.580645144       9.5793744481340482E-004
  0.483870953      0.580645144       3.6627069351773934E-003
  0.516129017      0.580645144       1.0508656719389289E-002
  0.548387110      0.580645144       2.1045022884763828E-002
  0.580645144      0.580645144       2.8662363229090822E-002
  0.612903237      0.580645144       2.7652826997585197E-002
  0.645161271      0.580645144       1.9269299444474003E-002
  0.677419364      0.580645144       9.1772557139776743E-003
  0.709677398      0.580645144       2.9993280765107030E-003
  0.741935492      0.580645144       7.2302958487933239E-004
  0.774193525      0.580645144       1.2978972801350546E-004
  0.806451619      0.580645144       1.7669822730000778E-005
  0.838709652      0.580645144       2.2092935853193341E-006
  0.870967746      0.580645144      -1.7118480255333404E-007
  0.903225780      0.580645144       7.0931313594920146E-007
  0.935483873      0.580645144       9.3139341092316404E-008
  0.967741907      0.580645144       1.1117142503892763E-006
   1.00000000      0.580645144      -8.5190192606459817E-007
   0.00000000      0.612903237       8.8426000907172742E-007
   3.22580636E-02  0.612903237       4.0670594777089256E-007
   6.45161271E-02  0.612903237      -6.9563623252706982E-008
   9.67741907E-02  0.612903237      -5.2951067400540057E-009
  0.129032254      0.612903237       7.7152739111263729E-008
  0.161290318      0.612903237       2.2759561275342751E-009
  0.193548381      0.612903237       5.3085848995521402E-009
  0.225806445      0.612903237       2.9594202510031365E-008
  0.258064508      0.612903237      -3.5072963360398338E-009
  0.290322572      0.612903237       1.0659936795622777E-007
  0.322580636      0.612903237       1.1202274048793467E-007
  0.354838699      0.612903237       3.5531198539530572E-006
  0.387096763      0.612903237       2.6430074270133794E-005
  0.419354826      0.612903237       1.7557513166548079E-004
  0.451612890      0.612903237       9.2277305352075239E-004
  0.483870953      0.612903237       3.6840810876315072E-003
  0.516129017      0.612903237       1.0705829628344739E-002
  0.548387110      0.612903237       2.1694565498291629E-002
  0.580645144      0.612903237       3.0215104868074771E-002
  0.612903237      0.612903237       2.9761652344031986E-002
  0.645161271      0.612903237       2.0606408500681048E-002
  0.677419364      0.612903237       9.7025925837581437E-003
  0.709677398      0.612903237       3.1975103710696622E-003
  0.741935492      0.612903237       8.0061583030596067E-004
  0.774193525      0.612903237       1.6417188911538292E-004
  0.806451619      0.612903237       2.8174077286639753E-005
  0.838709652      0.612903237       4.0623973617916763E-006
  0.870967746      0.612903237      -6.5660961399110629E-007
  0.903225780      0.612903237       1.4661640936690088E-006
  0.935483873      0.612903237       7.4571796966369860E-008
  0.967741907      0.612903237      -9.2557777229389441E-007
   1.00000000      0.612903237       9.1647164315573969E-007
   0.00000000      0.645161271      -7.9842604220181330E-007
   3.22580636E-02  0.645161271      -3.7455214132134960E-007
   6.45161271E-02  0.645161271       1.2878983953440455E-007
   9.67741907E-02  0.645161271       1.8796305317092858E-008
  0.129032254      0.645161271       1.4305333886998688E-008
  0.161290318      0.645161271      -3.7934038811995780E-008
  0.193548381      0.645161271       7.8704341849629111E-008
  0.225806445      0.645161271      -6.6160448590542505E-008
  0.258064508      0.645161271       1.0854291856518103E-007
  0.290322572      0.645161271      -1.3996805878373184E-007
  0.322580636      0.645161271       6.3905035889888761E-008
  0.354838699      0.645161271       1.1114689943078446E-006
  0.387096763      0.645161271       1.2107085157817720E-005
  0.419354826      0.645161271       9.9679124160156568E-005
  0.451612890      0.645161271       5.8575272805374656E-004
  0.483870953      0.645161271       2.4279669830871110E-003
  0.516129017      0.645161271       7.2143897641372716E-003
  0.548387110      0.645161271       1.5181009029030097E-002
  0.580645144      0.645161271       2.2076507101260877E-002
  0.612903237      0.645161271       2.1665329116590241E-002
  0.645161271      0.645161271       1.3989684475793596E-002
  0.677419364      0.645161271       6.0972443782087169E-003
  0.709677398      0.645161271       1.9443143552408970E-003
  0.741935492      0.645161271       4.8000356716970232E-004
  0.774193525      0.645161271       9.6898346500042559E-005
  0.806451619      0.645161271       1.8754372433702216E-005
  0.838709652      0.645161271       2.5966743375410542E-006
  0.870967746      0.645161271      -3.2170852984537197E-007
  0.903225780      0.645161271       8.2122923388871239E-007
  0.935483873      0.645161271      -1.5979924998858128E-008
  0.967741907      0.645161271       1.0743301952197381E-006
   1.00000000      0.645161271      -9.3999812559969655E-007
   0.00000000      0.677419364       7.6167099383648704E-007
   3.22580636E-02  0.677419364       3.4036477352672983E-007
   6.45161271E-02  0.677419364      -9.0334410374386483E-008
   9.67741907E-02  0.677419364      -7.2848425548253270E-008
  0.129032254      0.677419364       1.4828987070295613E-008
  0.161290318      0.677419364      -2.1553124624974823E-009
  0.193548381      0.677419364       1.3314836321277705E-008
  0.225806445      0.677419364       2.6738580863365422E-010
  0.258064508      0.677419364       4.3298747946186404E-009
  0.290322572      0.677419364       4.5198228000617201E-008
  0.322580636      0.677419364       1.5464636448859570E-008
  0.354838699      0.677419364      -2.5960289477132049E-008
  0.387096763      0.677419364       5.1787565290097125E-006
  0.419354826      0.677419364       4.6590222633649627E-005
  0.451612890      0.677419364       2.7428651403143395E-004
  0.483870953      0.677419364       1.1225934769406381E-003
  0.516129017      0.677419364       3.3377770107339542E-003
  0.548387110      0.677419364       7.1154142575763323E-003
  0.580645144      0.677419364       1.0408322288837389E-002
  0.612903237      0.677419364       9.8990193237274253E-003
  0.645161271      0.677419364       6.0217255496818872E-003
  0.677419364      0.677419364       2.4391859326477680E-003
  0.709677398      0.677419364       6.9770292732711659E-004
  0.741935492      0.677419364       1.5002707707525295E-004
  0.774193525      0.677419364       2.6535576639782567E-005
  0.806451619      0.677419364       5.3709806956861863E-006
  0.838709652      0.677419364       1.0504923113332055E-006
  0.870967746      0.677419364      -1.8569809661040088E-007
  0.903225780      0.677419364       1.0264832915990088E-007
  0.935483873      0.677419364      -8.9593310880501879E-008
  0.967741907      0.677419364      -8.8035851984214817E-007
   1.00000000      0.677419364       9.7318046897344069E-007
   0.00000000      0.709677398      -6.8733521887403967E-007
   3.22580636E-02  0.709677398      -2.8853726620559512E-007
   6.45161271E-02  0.709677398       1.1659831141755179E-007
   9.67741907E-02  0.709677398       1.1454980175429844E-007
  0.129032254      0.709677398       4.9647485074188704E-008
  0.161290318      0.709677398       7.4860793767862867E-009
  0.193548381      0.709677398       1.7717674954752333E-008
  0.225806445      0.709677398      -6.3326844392458636E-009
  0.258064508      0.709677398       5.2878311795647715E-008
  0.290322572      0.709677398      -5.6237083794140484E-008
  0.322580636      0.709677398       5.2942977295142002E-008
  0.354838699      0.709677398       2.2184881747848329E-007
  0.387096763      0.709677398       2.9999523349736455E-006
  0.419354826      0.709677398       2.1209868152934927E-005
  0.451612890      0.709677398       1.0672840441085729E-004
  0.483870953      0.709677398       4.0387191889636913E-004
  0.516129017      0.709677398       1.1146558369231380E-003
  0.548387110      0.709677398       2.2426874566922779E-003
  0.580645144      0.709677398       3.1898236721951303E-003
  0.612903237      0.709677398       3.0100968778777604E-003
  0.645161271      0.709677398       1.7932247215946293E-003
  0.677419364      0.709677398       6.6918618484407397E-004
  0.709677398      0.709677398       1.6174041821959541E-004
  0.741935492      0.709677398       2.7724003329459579E-005
  0.774193525      0.709677398       5.4429798604126884E-006
  0.806451619      0.709677398       9.8709772427454820E-007
  0.838709652      0.709677398       9.2672615703739793E-008
  0.870967746      0.709677398      -1.1780228914639210E-007
  0.903225780      0.709677398       9.6463817296872628E-008
  0.935483873      0.709677398       2.6973670677460996E-008
  0.967741907      0.709677398       9.2037158899132233E-007
   1.00000000      0.709677398      -9.2759961118456307E-007
   0.00000000      0.741935492       6.4657085321256580E-007
   3.22580636E-02  0.741935492       2.6701222585096803E-007
   6.45161271E-02  0.741935492      -1.0441400914635124E-007
   9.67741907E-02  0.741935492      -1.1615692423475664E-007
  0.129032254      0.741935492      -8.6384844630921562E-008
  0.161290318      0.741935492       2.7693208313680320E-008
  0.193548381      0.741935492      -2.4112015639952069E-008
  0.225806445      0.741935492       5.0738396359381959E-008
  0.258064508      0.741935492      -6.2014137035632555E-008
  0.290322572      0.741935492       5.5647380012434726E-008
  0.322580636      0.741935492      -1.0205766618110194E-008
  0.354838699      0.741935492      -5.0197316372734848E-008
  0.387096763      0.741935492       1.2226092210026466E-006
  0.419354826      0.741935492       8.7581606675281877E-006
  0.451612890      0.741935492       3.9287697756336778E-005
  0.483870953      0.741935492       1.1807351696879905E-004
  0.516129017      0.741935492       2.6384087327317919E-004
  0.548387110      0.741935492       4.8539544806674084E-004
  0.580645144      0.741935492       7.0517637762287238E-004
  0.612903237      0.741935492       7.0222374700726049E-004
  0.645161271      0.741935492       4.1839492865432959E-004
  0.677419364      0.741935492       1.4163882508307337E-004
  0.709677398      0.741935492       2.9277958119453301E-005
  0.741935492      0.741935492       6.2069730296112151E-006
  0.774193525      0.741935492       6.8464950255867495E-007
  0.806451619      0.741935492       2.4015618700556960E-007
  0.838709652      0.741935492      -1.3391266849628232E-007
  0.870967746      0.741935492       1.5012564621631865E-007
  0.903225780      0.741935492      -1.0779404330311649E-007
  0.935483873      0.741935492       1.2886045578266417E-008
  0.967741907      0.741935492      -8.3647623224090266E-007
   1.00000000      0.741935492       9.4425765036593709E-007
   0.00000000      0.774193525      -5.8995728507266084E-007
   3.22580636E-02  0.774193525      -2.3140246209785481E-007
   6.45161271E-02  0.774193525       1.2270731936741122E-007
   9.67741907E-02  0.774193525       1.1655650470953741E-007
  0.129032254      0.774193525       1.3702272947987862E-007
  0.161290318      0.774193525      -3.6678368766344798E-008
  0.193548381      0.774193525       5.0920200674295182E-008
  0.225806445      0.774193525      -6.3882285491689541E-008
  0.258064508      0.774193525       8.5829478608882045E-008
  0.290322572      0.774193525      -4.8409397930754734E-008
  0.322580636      0.774193525       3.2665507905586265E-008
  0.354838699      0.774193525      -3.6283698281696476E-009
  0.387096763      0.774193525       1.2150660346254195E-007
  0.419354826      0.774193525       3.7946014034066056E-006
  0.451612890      0.774193525       1.3009398197536648E-005
  0.483870953      0.774193525       2.4602621369397880E-005
  0.516129017      0.774193525       4.2101975648184342E-005
  0.548387110      0.774193525       7.7180069393489683E-005
  0.580645144      0.774193525       1.2347544117717211E-004
  0.612903237      0.774193525       1.3649803123018595E-004
  0.645161271      0.774193525       8.4463650016483978E-005
  0.677419364      0.774193525       2.7357275165760151E-005
  0.709677398      0.774193525       6.3375685312840656E-006
  0.741935492      0.774193525       3.6510189505978385E-007
  0.774193525      0.774193525       9.6931310425572165E-008
  0.806451619      0.774193525      -1.6223169538152389E-007
  0.838709652      0.774193525       1.4428445804050116E-007
  0.870967746      0.774193525      -2.0162532331820774E-007
  0.903225780      0.774193525       1.5890378007535769E-007
  0.935483873      0.774193525      -2.0829146137640671E-008
  0.967741907      0.774193525       8.4140409339024102E-007
   1.00000000      0.774193525      -8.7383330739913941E-007
   0.00000000      0.806451619       5.6318095411186384E-007
   3.22580636E-02  0.806451619       2.2350238675624429E-007
   6.45161271E-02  0.806451619      -9.2226044284989670E-008
   9.67741907E-02  0.806451619      -1.1510657197227813E-007
  0.129032254      0.806451619      -1.1975630338205905E-007
  0.161290318      0.806451619       3.8035091691729114E-008
  0.193548381      0.806451619      -3.9516053008074846E-008
  0.225806445      0.806451619       7.6876677547333514E-008
  0.258064508      0.806451619      -7.9554259673138273E-008
  0.290322572      0.806451619       6.6920181492536041E-008
  0.322580636      0.806451619      -5.2742960213166130E-008
  0.354838699      0.806451619       7.3530439781699842E-008
  0.387096763      0.806451619      -1.1181463533118864E-007
  0.419354826      0.806451619       1.0977421716661481E-006
  0.451612890      0.806451619       2.4911358483836371E-006
  0.483870953      0.806451619       3.5224274461835582E-006
  0.516129017      0.806451619       5.4891103388452623E-006
  0.548387110      0.806451619       9.5734442172780228E-006
  0.580645144      0.806451619       1.7983221478973044E-005
  0.612903237      0.806451619       2.3055810985637324E-005
  0.645161271      0.806451619       1.6075200146905723E-005
  0.677419364      0.806451619       6.0652290506437282E-006
  0.709677398      0.806451619       2.4999287818169867E-007
  0.741935492      0.806451619       1.7596244530334666E-007
  0.774193525      0.806451619      -2.2515595707061008E-007
  0.806451619      0.806451619       2.2077395143680700E-007
  0.838709652      0.806451619      -2.1746528412939190E-007
  0.870967746      0.806451619       2.6910912148997314E-007
  0.903225780      0.806451619      -1.7742068165843751E-007
  0.935483873      0.806451619       6.3615546553805718E-008
  0.967741907      0.806451619      -7.4059184342554258E-007
   1.00000000      0.806451619       8.4813272924928149E-007
   0.00000000      0.838709652      -5.0442653062619662E-007
   3.22580636E-02  0.838709652      -2.0787500793131172E-007
   6.45161271E-02  0.838709652       9.6936884194030730E-008
   9.67741907E-02  0.838709652       1.0168956205758275E-007
  0.129032254      0.838709652       1.5285757712043636E-007
  0.161290318      0.838709652      -6.6420147397075810E-008
  0.193548381      0.838709652       8.9526324691846626E-008
  0.225806445      0.838709652      -1.1947242372730780E-007
  0.258064508      0.838709652       1.2946989309822111E-007
  0.290322572      0.838709652      -1.2450562578319359E-007
  0.322580636      0.838709652       8.6158665808406246E-008
  0.354838699      0.838709652      -1.0239489830211835E-007
  0.387096763      0.838709652       3.6421216160471697E-008
  0.419354826      0.838709652      -1.4144633684707004E-007
  0.451612890      0.838709652      -1.3887673205326444E-007
  0.483870953      0.838709652       5.7085097844876070E-008
  0.516129017      0.838709652       2.4222164910069010E-008
  0.548387110      0.838709652       9.5328352078418785E-007
  0.580645144      0.838709652       2.3336138757427552E-006
  0.612903237      0.838709652       3.1307714999077337E-006
  0.645161271      0.838709652       3.0713341327308970E-006
  0.677419364      0.838709652       3.2229508519711948E-007
  0.709677398      0.838709652      -2.5176351595953812E-009
  0.741935492      0.838709652      -5.1113594615407275E-008
  0.774193525      0.838709652       4.3591538801231939E-008
  0.806451619      0.838709652      -2.5318002038513115E-008
  0.838709652      0.838709652       3.0349212709367020E-009
  0.870967746      0.838709652      -4.8373978791636748E-008
  0.903225780      0.838709652       2.1496967502288030E-008
  0.935483873      0.838709652       9.6941893174574289E-008
  0.967741907      0.838709652       6.1214903190531836E-007
   1.00000000      0.838709652      -6.9441921067248856E-007
   0.00000000      0.870967746       4.6481535217244334E-007
   3.22580636E-02  0.870967746       1.9348725543492089E-007
   6.45161271E-02  0.870967746      -9.5016686705065430E-008
   9.67741907E-02  0.870967746      -5.3659003923804740E-008
  0.129032254      0.870967746      -1.8319039092071648E-007
  0.161290318      0.870967746       1.1445638218656658E-007
  0.193548381      0.870967746      -1.2531680068342221E-007
  0.225806445      0.870967746       1.6397407602509522E-007
  0.258064508      0.870967746      -1.5550657048035272E-007
  0.290322572      0.870967746       1.6300853437953694E-007
  0.322580636      0.870967746      -1.3228849096033070E-007
  0.354838699      0.870967746       1.3854947144187043E-007
  0.387096763      0.870967746      -1.5578632386783128E-007
  0.419354826      0.870967746       1.5486051326138649E-007
  0.451612890      0.870967746       1.7144002466004326E-007
  0.483870953      0.870967746       4.9544718375502633E-007
  0.516129017      0.870967746       1.0344267174134577E-007
  0.548387110      0.870967746       1.3400855045603735E-007
  0.580645144      0.870967746      -3.2656261209968040E-007
  0.612903237      0.870967746       3.4046788434505002E-007
  0.645161271      0.870967746      -2.2124496054008230E-008
  0.677419364      0.870967746      -6.5735762952678017E-008
  0.709677398      0.870967746      -5.0860115287059552E-008
  0.741935492      0.870967746       9.6584337631057166E-008
  0.774193525      0.870967746      -1.2555195948191759E-007
  0.806451619      0.870967746       1.0414503852183371E-007
  0.838709652      0.870967746      -6.7739062694643496E-008
  0.870967746      0.870967746       1.2405153356460776E-007
  0.903225780      0.870967746      -1.4955581331975324E-008
  0.935483873      0.870967746      -3.2715632966114942E-008
  0.967741907      0.870967746      -5.0635784929414132E-007
   1.00000000      0.870967746       6.4691550636436745E-007
   0.00000000      0.903225780      -3.7987466999485795E-007
   3.22580636E-02  0.903225780      -1.8227044597581409E-007
   6.45161271E-02  0.903225780       1.2529424841158290E-007
   9.67741907E-02  0.903225780       1.5432164822771056E-008
  0.129032254      0.903225780       2.2797926153169015E-007
  0.161290318      0.903225780      -1.5092520025993228E-007
  0.193548381      0.903225780       1.8592952858965371E-007
  0.225806445      0.903225780      -2.1271758789680158E-007
  0.258064508      0.903225780       1.9928113526381644E-007
  0.290322572      0.903225780      -2.0089730551191810E-007
  0.322580636      0.903225780       1.5104214304966175E-007
  0.354838699      0.903225780      -1.6023008790472889E-007
  0.387096763      0.903225780       1.4989204233892840E-007
  0.419354826      0.903225780      -1.8133727559935405E-007
  0.451612890      0.903225780       1.9270405651504613E-007
  0.483870953      0.903225780      -4.2841442610418040E-008
  0.516129017      0.903225780       1.0843302770371603E-007
  0.548387110      0.903225780      -5.0521165171295608E-008
  0.580645144      0.903225780       3.9071861817596417E-007
  0.612903237      0.903225780       8.1519070582218776E-009
  0.645161271      0.903225780       6.6748453673214718E-008
  0.677419364      0.903225780      -2.6968174280798320E-008
  0.709677398      0.903225780       9.4097087087866457E-008
  0.741935492      0.903225780      -1.4480771983469559E-007
  0.774193525      0.903225780       2.0012499852054197E-007
  0.806451619      0.903225780      -1.7020125845163835E-007
  0.838709652      0.903225780       1.8989099796997777E-007
  0.870967746      0.903225780      -1.6789538368262131E-007
  0.903225780      0.903225780       1.6330115789526300E-007
  0.935483873      0.903225780      -1.5690291905105503E-008
  0.967741907      0.903225780       5.1541617146458643E-007
   1.00000000      0.903225780      -5.1678569299945097E-007
   0.00000000      0.935483873       3.0791429951319427E-007
   3.22580636E-02  0.935483873       1.5626117169125542E-007
   6.45161271E-02  0.935483873      -9.5079299466831158E-008
   9.67741907E-02  0.935483873      -1.5983992098112366E-008
  0.129032254      0.935483873      -1.8823131227715776E-007
  0.161290318      0.935483873       1.2421081386972907E-007
  0.193548381      0.935483873      -1.5369539350125993E-007
  0.225806445      0.935483873       1.9621994054849850E-007
  0.258064508      0.935483873      -1.9638967661838677E-007
  0.290322572      0.935483873       2.2471518514141934E-007
  0.322580636      0.935483873      -2.1668623865071146E-007
  0.354838699      0.935483873       2.2686789812322764E-007
  0.387096763      0.935483873      -2.4621074588123114E-007
  0.419354826      0.935483873       2.1847575386706587E-007
  0.451612890      0.935483873      -2.6905165092555634E-007
  0.483870953      0.935483873       4.7531194988640777E-007
  0.516129017      0.935483873       1.6175159531838343E-009
  0.548387110      0.935483873       2.5510748407065630E-007
  0.580645144      0.935483873      -3.1760856003516713E-007
  0.612903237      0.935483873       2.3801625224968156E-007
  0.645161271      0.935483873      -1.6225397553381153E-007
  0.677419364      0.935483873       1.5488684495068722E-007
  0.709677398      0.935483873      -1.2441486240838478E-007
  0.741935492      0.935483873       1.8523762186570815E-007
  0.774193525      0.935483873      -1.8709965322411932E-007
  0.806451619      0.935483873       1.8764698774185056E-007
  0.838709652      0.935483873      -1.3619187333153306E-007
  0.870967746      0.935483873       1.6289870619877590E-007
  0.903225780      0.935483873      -8.0580079516654965E-008
  0.935483873      0.935483873       2.9188268700092764E-008
  0.967741907      0.935483873      -3.3839617948221302E-007
   1.00000000      0.935483873       4.2670274643804678E-007
   0.00000000      0.967741907      -2.7352571667563764E-007
   3.22580636E-02  0.967741907       9.2770526875778193E-008
   6.45161271E-02  0.967741907      -2.3547589549432200E-007
   9.67741907E-02  0.967741907       4.4855560272714477E-007
  0.129032254      0.967741907      -3.9972301452415241E-007
  0.161290318      0.967741907       5.6461480960819073E-007
  0.193548381      0.967741907      -6.2698770562932543E-007
  0.225806445      0.967741907       7.0200456537804018E-007
  0.258064508      0.967741907      -7.8138324404975751E-007
  0.290322572      0.967741907       8.4461078563899380E-007
  0.322580636      0.967741907      -9.3333196327976930E-007
  0.354838699      0.967741907       9.8104423391307129E-007
  0.387096763      0.967741907      -1.0424121534976303E-006
  0.419354826      0.967741907       1.0525570637949727E-006
  0.451612890      0.967741907      -8.6928080852351319E-007
  0.483870953      0.967741907       2.3182287673082187E-006
  0.516129017      0.967741907      -1.8556957869529051E-006
  0.548387110      0.967741907       2.8317112097455345E-006
  0.580645144      0.967741907      -1.2038773546057792E-006
  0.612903237      0.967741907       1.7912603706678098E-006
  0.645161271      0.967741907      -1.6705364351560504E-006
  0.677419364      0.967741907       1.7042136571811118E-006
  0.709677398      0.967741907      -1.6061088565547548E-006
  0.741935492      0.967741907       1.5203090554264775E-006
  0.774193525      0.967741907      -1.3529759911412856E-006
  0.806451619      0.967741907       1.2580110637269134E-006
  0.838709652      0.967741907      -1.0769387099741045E-006
  0.870967746      0.967741907       9.3908531740628076E-007
  0.903225780      0.967741907      -7.1937845064456911E-007
  0.935483873      0.967741907       6.2908002148159868E-007
  0.967741907      0.967741907      -1.3553629143262285E-007
   1.00000000      0.967741907      -9.8793855442560111E-008
   0.00000000       1.00000000       1.5632148975028573E-007
   3.22580636E-02   1.00000000      -1.6283138436076189E-007
   6.45161271E-02   1.00000000       2.8427814555062996E-007
   9.67741907E-02   1.00000000      -4.0738918390331659E-007
  0.129032254       1.00000000       4.4452334037838058E-007
  0.161290318       1.00000000      -5.6060125424904111E-007
  0.193548381       1.00000000       6.6063341225995001E-007
  0.225806445       1.00000000      -7.4659537793283637E-007
  0.258064508       1.00000000       8.2497528069635134E-007
  0.290322572       1.00000000      -8.8419713199163122E-007
  0.322580636       1.00000000       9.4851259526402700E-007
  0.354838699       1.00000000      -1.0109304409678813E-006
  0.387096763       1.00000000       1.0491755263466275E-006
  0.419354826       1.00000000      -1.1193334810789702E-006
  0.451612890       1.00000000       1.1294106815683801E-006
  0.483870953       1.00000000      -1.0770872884191039E-006
  0.516129017       1.00000000       2.1786652360572367E-006
  0.548387110       1.00000000      -1.0329677949495423E-006
  0.580645144       1.00000000       2.0559577142152857E-006
  0.612903237       1.00000000      -9.7217840940274353E-007
  0.645161271       1.00000000       1.0526560125892842E-006
  0.677419364       1.00000000      -9.5997513262813223E-007
  0.709677398       1.00000000       9.5139522075523653E-007
  0.741935492       1.00000000      -8.3306545219581342E-007
  0.774193525       1.00000000       7.7289988851508376E-007
  0.806451619       1.00000000      -6.3875529215520540E-007
  0.838709652       1.00000000       5.8497969280849267E-007
  0.870967746       1.00000000      -4.5316174357861645E-007
  0.903225780       1.00000000       4.0670787926856487E-007
  0.935483873       1.00000000      -2.8312973334345662E-007
  0.967741907       1.00000000       1.2832601855086888E-007
   1.00000000       1.00000000       5.1200192782662993E-008
