 # X Y F 
   0.00000000       0.00000000      -1.3273560165283738E-008
   3.22580636E-02   0.00000000      -2.4072600626119624E-007
   6.45161271E-02   0.00000000       3.4023097440020831E-007
   9.67741907E-02   0.00000000      -3.3381681959621591E-007
  0.129032254       0.00000000       4.7384978543193115E-007
  0.161290318       0.00000000      -4.8273391131051437E-007
  0.193548381       0.00000000       5.7791301605751830E-007
  0.225806445       0.00000000      -5.7999012157711394E-007
  0.258064508       0.00000000       6.6178533835401808E-007
  0.290322572       0.00000000      -6.5123041917305923E-007
  0.322580636       0.00000000       7.2589477847633958E-007
  0.354838699       0.00000000      -7.2934750918633784E-007
  0.387096763       0.00000000       8.1650378333374114E-007
  0.419354826       0.00000000      -8.3901280630730515E-007
  0.451612890       0.00000000       9.1793226142721437E-007
  0.483870953       0.00000000      -9.2305779873444831E-007
  0.516129017       0.00000000       1.0087984735756413E-006
  0.548387110       0.00000000      -1.0147540067839386E-006
  0.580645144       0.00000000       1.0472052971220248E-006
  0.612903237       0.00000000      -1.0285483272477635E-006
  0.645161271       0.00000000       1.0313913756778020E-006
  0.677419364       0.00000000      -9.8871828568693366E-007
  0.709677398       0.00000000       9.5846258420134103E-007
  0.741935492       0.00000000      -9.0043015254033014E-007
  0.774193525       0.00000000       8.9266910722878212E-007
  0.806451619       0.00000000      -8.2126367160877583E-007
  0.838709652       0.00000000       7.6468071295600488E-007
  0.870967746       0.00000000      -6.4905077799341127E-007
  0.903225780       0.00000000       5.6058250739408848E-007
  0.935483873       0.00000000      -4.1648979411256426E-007
  0.967741907       0.00000000       3.1763205796598143E-007
   1.00000000       0.00000000      -7.3535294122968892E-008
   0.00000000       3.22580636E-02   4.2514633278453790E-007
   3.22580636E-02   3.22580636E-02  -1.9058102486107592E-007
   6.45161271E-02   3.22580636E-02   5.2524108478047609E-007
   9.67741907E-02   3.22580636E-02  -8.1572807067147314E-007
  0.129032254       3.22580636E-02   8.6471912251868938E-007
  0.161290318       3.22580636E-02  -9.4245596761983247E-007
  0.193548381       3.22580636E-02   9.8671588598463148E-007
  0.225806445       3.22580636E-02  -9.8618746985346759E-007
  0.258064508       3.22580636E-02   9.7803867172956513E-007
  0.290322572       3.22580636E-02  -9.1624073749228748E-007
  0.322580636       3.22580636E-02   8.9041056453831249E-007
  0.354838699       3.22580636E-02  -7.8246790337051779E-007
  0.387096763       3.22580636E-02   7.6151151082959843E-007
  0.419354826       3.22580636E-02  -6.4400210436118417E-007
  0.451612890       3.22580636E-02   6.6445749499344844E-007
  0.483870953       3.22580636E-02  -6.5618282695375288E-007
  0.516129017       3.22580636E-02   7.1653000240059770E-007
  0.548387110       3.22580636E-02  -7.4453853270866836E-007
  0.580645144       3.22580636E-02   8.6869129825755257E-007
  0.612903237       3.22580636E-02  -9.1897240651004541E-007
  0.645161271       3.22580636E-02   1.0355317504053631E-006
  0.677419364       3.22580636E-02  -1.1031876284510257E-006
  0.709677398       3.22580636E-02   1.2165889511972299E-006
  0.741935492       3.22580636E-02  -1.2831180828692536E-006
  0.774193525       3.22580636E-02   1.2797003757936112E-006
  0.806451619       3.22580636E-02  -1.2855499525921719E-006
  0.838709652       3.22580636E-02   1.2310590419151782E-006
  0.870967746       3.22580636E-02  -1.1211754182400207E-006
  0.903225780       3.22580636E-02   9.2454445545492997E-007
  0.935483873       3.22580636E-02  -6.9011543724230887E-007
  0.967741907       3.22580636E-02   3.7609853480085124E-007
   1.00000000       3.22580636E-02  -2.1103662392823283E-007
   0.00000000       6.45161271E-02  -3.3823611059127390E-007
   3.22580636E-02   6.45161271E-02  -3.7584804848457329E-007
   6.45161271E-02   6.45161271E-02   2.9518970874405882E-007
   9.67741907E-02   6.45161271E-02  -7.0324002788284379E-008
  0.129032254       6.45161271E-02   2.9355151633199353E-007
  0.161290318       6.45161271E-02  -2.2458658801378611E-007
  0.193548381       6.45161271E-02   2.9982376204337897E-007
  0.225806445       6.45161271E-02  -1.9267453131980789E-007
  0.258064508       6.45161271E-02   2.2227900075725804E-007
  0.290322572       6.45161271E-02  -8.4005009994639856E-008
  0.322580636       6.45161271E-02   5.2283723436612187E-008
  0.354838699       6.45161271E-02   5.5034295543625275E-008
  0.387096763       6.45161271E-02  -9.5681579730405739E-008
  0.419354826       6.45161271E-02   1.7122178273493576E-007
  0.451612890       6.45161271E-02  -1.8226999254760400E-007
  0.483870953       6.45161271E-02   2.8465161697218295E-007
  0.516129017       6.45161271E-02  -2.5443674095946146E-007
  0.548387110       6.45161271E-02   2.8553552055112734E-007
  0.580645144       6.45161271E-02  -2.8520988011775620E-007
  0.612903237       6.45161271E-02   2.4284414358237858E-007
  0.645161271       6.45161271E-02  -1.8110926112685830E-007
  0.677419364       6.45161271E-02   1.3452958632259687E-007
  0.709677398       6.45161271E-02  -1.0455843539670983E-007
  0.741935492       6.45161271E-02   8.2900741685032929E-008
  0.774193525       6.45161271E-02   5.1583696192960620E-008
  0.806451619       6.45161271E-02  -5.2823066956188969E-008
  0.838709652       6.45161271E-02   9.1345406744469280E-008
  0.870967746       6.45161271E-02  -5.3587647630119714E-008
  0.903225780       6.45161271E-02   1.1130926540680477E-007
  0.935483873       6.45161271E-02  -8.8419414811369008E-008
  0.967741907       6.45161271E-02   2.2059189198236705E-007
   1.00000000       6.45161271E-02   5.2803352249731094E-008
   0.00000000       9.67741907E-02   5.2691531456670734E-007
   3.22580636E-02   9.67741907E-02   3.4768997517109380E-007
   6.45161271E-02   9.67741907E-02  -8.8314140021610720E-008
   9.67741907E-02   9.67741907E-02  -1.7523488683562426E-007
  0.129032254       9.67741907E-02   5.1486765794243097E-009
  0.161290318       9.67741907E-02  -2.6134883800950184E-008
  0.193548381       9.67741907E-02   1.5718058517453087E-008
  0.225806445       9.67741907E-02  -2.4143028585702252E-008
  0.258064508       9.67741907E-02  -6.6121260906156233E-010
  0.290322572       9.67741907E-02   1.2132241536699784E-008
  0.322580636       9.67741907E-02   3.2657327092521992E-008
  0.354838699       9.67741907E-02   4.7559964735297396E-008
  0.387096763       9.67741907E-02   1.0051148829878422E-008
  0.419354826       9.67741907E-02   7.3379853608639689E-008
  0.451612890       9.67741907E-02  -3.2050397975118189E-008
  0.483870953       9.67741907E-02   3.6317704353946395E-008
  0.516129017       9.67741907E-02  -1.1143401182423201E-008
  0.548387110       9.67741907E-02   4.1320184645815798E-008
  0.580645144       9.67741907E-02   4.7073185373640140E-008
  0.612903237       9.67741907E-02   5.3344600361785140E-008
  0.645161271       9.67741907E-02  -2.1568676467484371E-008
  0.677419364       9.67741907E-02   6.3621343408291081E-008
  0.709677398       9.67741907E-02  -3.1315417008667275E-008
  0.741935492       9.67741907E-02   2.7406536569427441E-008
  0.774193525       9.67741907E-02  -1.0447284616044953E-007
  0.806451619       9.67741907E-02   6.9146970644280802E-008
  0.838709652       9.67741907E-02  -4.3303150746722768E-008
  0.870967746       9.67741907E-02   1.3923111543040127E-008
  0.903225780       9.67741907E-02  -5.1428710880906282E-008
  0.935483873       9.67741907E-02   6.4918780698302482E-008
  0.967741907       9.67741907E-02  -2.3391585064417602E-007
   1.00000000       9.67741907E-02  -5.9130950753641119E-008
   0.00000000      0.129032254      -5.6692583648879142E-007
   3.22580636E-02  0.129032254      -3.7880825303894473E-007
   6.45161271E-02  0.129032254       1.6177249862336107E-007
   9.67741907E-02  0.129032254       2.1922307555769807E-007
  0.129032254      0.129032254       5.0419420068676986E-008
  0.161290318      0.129032254       3.5849352355654707E-008
  0.193548381      0.129032254       5.3890348401079299E-008
  0.225806445      0.129032254       2.9681504553259605E-008
  0.258064508      0.129032254       9.0606018842660997E-008
  0.290322572      0.129032254       1.8907535008840606E-008
  0.322580636      0.129032254       1.3877220334061096E-008
  0.354838699      0.129032254      -2.1249033794129501E-008
  0.387096763      0.129032254       4.0109428348735438E-008
  0.419354826      0.129032254      -5.4039307917497810E-009
  0.451612890      0.129032254       3.4717351426853349E-008
  0.483870953      0.129032254       7.5329128727208811E-009
  0.516129017      0.129032254       1.7284756768940745E-007
  0.548387110      0.129032254       6.6955287438358274E-007
  0.580645144      0.129032254       7.5684534485451188E-008
  0.612903237      0.129032254      -4.8556394205843844E-009
  0.645161271      0.129032254      -2.1862732608977622E-008
  0.677419364      0.129032254       2.5938372666097465E-008
  0.709677398      0.129032254      -5.9625691840487856E-008
  0.741935492      0.129032254       4.5232404403066154E-008
  0.774193525      0.129032254       4.0560475139313696E-008
  0.806451619      0.129032254       1.3862882778716425E-009
  0.838709652      0.129032254       3.1929699753254556E-010
  0.870967746      0.129032254       5.1852521081555274E-008
  0.903225780      0.129032254       2.3635648089529607E-008
  0.935483873      0.129032254      -3.1237338425604898E-008
  0.967741907      0.129032254       3.1571333836399642E-007
   1.00000000      0.129032254       7.1657174672958836E-008
   0.00000000      0.161290318       6.5875374724125159E-007
   3.22580636E-02  0.161290318       4.4014369100913627E-007
   6.45161271E-02  0.161290318      -1.4817126560036517E-007
   9.67741907E-02  0.161290318      -1.9888318545263387E-007
  0.129032254      0.161290318       1.0932782015540280E-008
  0.161290318      0.161290318      -2.3089707812562203E-008
  0.193548381      0.161290318       3.0852556216820704E-008
  0.225806445      0.161290318      -2.2443946544209518E-008
  0.258064508      0.161290318       8.8963953166569320E-009
  0.290322572      0.161290318       4.8552985963168665E-008
  0.322580636      0.161290318       1.6786728397083933E-007
  0.354838699      0.161290318       2.4416012341045672E-008
  0.387096763      0.161290318       3.3445122048831440E-007
  0.419354826      0.161290318       1.9797049055318954E-007
  0.451612890      0.161290318       3.6185838863860362E-007
  0.483870953      0.161290318       2.7475085097576119E-006
  0.516129017      0.161290318       6.4811251457658081E-006
  0.548387110      0.161290318       9.5589985811834412E-006
  0.580645144      0.161290318       8.1483868852417580E-006
  0.612903237      0.161290318       4.1156869383909287E-006
  0.645161271      0.161290318       1.6146011363887687E-006
  0.677419364      0.161290318       1.0563488139430353E-006
  0.709677398      0.161290318       5.0024541923561958E-007
  0.741935492      0.161290318      -6.1006590594620272E-008
  0.774193525      0.161290318      -1.5041562025759098E-008
  0.806451619      0.161290318      -2.4248894617128826E-008
  0.838709652      0.161290318       3.6037065479711436E-008
  0.870967746      0.161290318      -6.4946725244844470E-008
  0.903225780      0.161290318       1.3890862586501255E-008
  0.935483873      0.161290318       3.6230987010319820E-008
  0.967741907      0.161290318      -3.5552159222703098E-007
   1.00000000      0.161290318      -4.1995933562510943E-008
   0.00000000      0.193548381      -6.7556086528707806E-007
   3.22580636E-02  0.193548381      -4.0914046412268458E-007
   6.45161271E-02  0.193548381       1.8075696002590486E-007
   9.67741907E-02  0.193548381       2.5181424876130044E-007
  0.129032254      0.193548381      -1.7415373482623558E-008
  0.161290318      0.193548381       9.7530716476014772E-008
  0.193548381      0.193548381      -2.2658420926219058E-008
  0.225806445      0.193548381       1.0744038707469994E-007
  0.258064508      0.193548381       2.7085753464721324E-008
  0.290322572      0.193548381       2.7347586779529170E-007
  0.322580636      0.193548381       9.6220236198126942E-008
  0.354838699      0.193548381       4.2774363016195215E-007
  0.387096763      0.193548381       5.9830214245858691E-007
  0.419354826      0.193548381       1.5040349151756565E-006
  0.451612890      0.193548381       7.3845383038912751E-006
  0.483870953      0.193548381       2.4792662502458274E-005
  0.516129017      0.193548381       5.9347971914624695E-005
  0.548387110      0.193548381       8.5911359336991828E-005
  0.580645144      0.193548381       7.2793270889464864E-005
  0.612903237      0.193548381       4.1471387973476652E-005
  0.645161271      0.193548381       2.1115299025096283E-005
  0.677419364      0.193548381       9.7256766167632696E-006
  0.709677398      0.193548381       1.7159798442401145E-006
  0.741935492      0.193548381      -5.8711427396765104E-008
  0.774193525      0.193548381      -4.6850545185272413E-009
  0.806451619      0.193548381       8.1577381195569209E-008
  0.838709652      0.193548381      -6.3880037455768724E-008
  0.870967746      0.193548381       9.8088570994381582E-008
  0.903225780      0.193548381       8.9845809910144283E-010
  0.935483873      0.193548381      -2.8272612416503375E-008
  0.967741907      0.193548381       4.5841395291727419E-007
   1.00000000      0.193548381       3.2581584557137357E-008
   0.00000000      0.225806445       7.4662753348571771E-007
   3.22580636E-02  0.225806445       4.7457387192426044E-007
   6.45161271E-02  0.225806445      -1.9196860126952797E-007
   9.67741907E-02  0.225806445      -1.5120647775442985E-007
  0.129032254      0.225806445       2.2944726948856088E-008
  0.161290318      0.225806445      -5.2354187823254812E-010
  0.193548381      0.225806445       1.7646130657741339E-008
  0.225806445      0.225806445       2.2797641099937273E-008
  0.258064508      0.225806445      -1.0646350606503363E-008
  0.290322572      0.225806445      -2.5741022826034212E-008
  0.322580636      0.225806445       5.0931151626029544E-007
  0.354838699      0.225806445       1.2203190591226076E-006
  0.387096763      0.225806445       2.1472844022101384E-006
  0.419354826      0.225806445       1.1809744882832695E-005
  0.451612890      0.225806445       4.7845750673489617E-005
  0.483870953      0.225806445       1.6897701845745351E-004
  0.516129017      0.225806445       3.9859216856986414E-004
  0.548387110      0.225806445       5.6742418644949155E-004
  0.580645144      0.225806445       5.0680627708952716E-004
  0.612903237      0.225806445       3.1477652534646794E-004
  0.645161271      0.225806445       1.3917845688046814E-004
  0.677419364      0.225806445       3.9496362938245547E-005
  0.709677398      0.225806445       9.2574350217345059E-006
  0.741935492      0.225806445       3.4111718137400270E-006
  0.774193525      0.225806445       5.2449081264836575E-008
  0.806451619      0.225806445       6.8351141797958799E-009
  0.838709652      0.225806445       1.1860561124233704E-008
  0.870967746      0.225806445      -5.1425711288806885E-008
  0.903225780      0.225806445       1.5739759869940622E-008
  0.935483873      0.225806445       5.0288248578872487E-008
  0.967741907      0.225806445      -5.1113555591615918E-007
   1.00000000      0.225806445       2.3846655443771736E-008
   0.00000000      0.258064508      -7.6635930830468089E-007
   3.22580636E-02  0.258064508      -4.4331924058834440E-007
   6.45161271E-02  0.258064508       2.1069262357660323E-007
   9.67741907E-02  0.258064508       1.7598958509240421E-007
  0.129032254      0.258064508      -2.2543076057189428E-008
  0.161290318      0.258064508       6.0511831230573633E-008
  0.193548381      0.258064508       1.4184025055255989E-008
  0.225806445      0.258064508       6.0171311144716300E-008
  0.258064508      0.258064508       5.7039045842210018E-008
  0.290322572      0.258064508       2.4812533297161253E-007
  0.322580636      0.258064508      -1.2073966477343498E-007
  0.354838699      0.258064508       8.4105693072850468E-007
  0.387096763      0.258064508       1.0561208711366319E-005
  0.419354826      0.258064508       5.6136053153007365E-005
  0.451612890      0.258064508       2.6163655147709152E-004
  0.483870953      0.258064508       8.8090388345166560E-004
  0.516129017      0.258064508       1.9756760007896544E-003
  0.548387110      0.258064508       2.8616911730833419E-003
  0.580645144      0.258064508       2.6253799539904268E-003
  0.612903237      0.258064508       1.5391784872842438E-003
  0.645161271      0.258064508       6.0837301221847975E-004
  0.677419364      0.258064508       1.8493916286304527E-004
  0.709677398      0.258064508       5.2652341721760037E-005
  0.741935492      0.258064508       1.1137074641981061E-005
  0.774193525      0.258064508       1.3307824808432577E-006
  0.806451619      0.258064508      -2.2790027612085949E-008
  0.838709652      0.258064508       1.2279911356418353E-008
  0.870967746      0.258064508       6.2642970367043130E-008
  0.903225780      0.258064508       9.6462298839750859E-009
  0.935483873      0.258064508      -3.9360719145693727E-008
  0.967741907      0.258064508       6.3074052189682777E-007
   1.00000000      0.258064508      -4.0343631816547284E-008
   0.00000000      0.290322572       8.5681043280015077E-007
   3.22580636E-02  0.290322572       4.9827551175440530E-007
   6.45161271E-02  0.290322572      -1.6389828161544719E-007
   9.67741907E-02  0.290322572      -1.1285785221010120E-007
  0.129032254      0.290322572       9.2354967959470134E-008
  0.161290318      0.290322572      -1.7519103069765656E-008
  0.193548381      0.290322572       5.7643582297804988E-008
  0.225806445      0.290322572      -3.0623136456306587E-008
  0.258064508      0.290322572       3.2942013115870850E-007
  0.290322572      0.290322572       4.7942757558950115E-007
  0.322580636      0.290322572       3.2962744682407864E-007
  0.354838699      0.290322572       5.6000301244321378E-006
  0.387096763      0.290322572       3.9124815558775516E-005
  0.419354826      0.290322572       2.3333831616779681E-004
  0.451612890      0.290322572       1.0327170848950108E-003
  0.483870953      0.290322572       3.2843882224144493E-003
  0.516129017      0.290322572       7.3187872768462284E-003
  0.548387110      0.290322572       1.0541838989094821E-002
  0.580645144      0.290322572       9.3100379979971625E-003
  0.612903237      0.290322572       5.3270925933174432E-003
  0.645161271      0.290322572       2.2088408593704564E-003
  0.677419364      0.290322572       7.2300526951611492E-004
  0.709677398      0.290322572       1.7704803090038052E-004
  0.741935492      0.290322572       2.8652315756515440E-005
  0.774193525      0.290322572       4.0499755350805224E-006
  0.806451619      0.290322572       1.6875350692054676E-007
  0.838709652      0.290322572       7.3649887096344268E-008
  0.870967746      0.290322572      -1.1935062888443093E-007
  0.903225780      0.290322572       9.2215386060748283E-008
  0.935483873      0.290322572       1.1212184319679797E-008
  0.967741907      0.290322572      -6.5652515639098879E-007
   1.00000000      0.290322572       1.0421349079112546E-007
   0.00000000      0.322580636      -8.8408957467259669E-007
   3.22580636E-02  0.322580636      -4.9815191451006715E-007
   6.45161271E-02  0.322580636       1.9569824730635454E-007
   9.67741907E-02  0.322580636       1.1224715270077867E-007
  0.129032254      0.322580636      -6.8412309484134876E-008
  0.161290318      0.322580636       3.9047886645762398E-008
  0.193548381      0.322580636       3.0640706585147686E-008
  0.225806445      0.322580636       4.2662387597737416E-008
  0.258064508      0.322580636       1.3785852455040141E-007
  0.290322572      0.322580636      -7.2290468035692934E-008
  0.322580636      0.322580636       3.6888624154081671E-006
  0.354838699      0.322580636       2.5393797243702054E-005
  0.387096763      0.322580636       1.4695624809559459E-004
  0.419354826      0.322580636       7.1604193461208320E-004
  0.451612890      0.322580636       2.7690396429295460E-003
  0.483870953      0.322580636       8.3123653387646053E-003
  0.516129017      0.322580636       1.7657916929462777E-002
  0.548387110      0.322580636       2.3903776041319800E-002
  0.580645144      0.322580636       2.0963480762912916E-002
  0.612903237      0.322580636       1.2715779725760896E-002
  0.645161271      0.322580636       5.5434451401135927E-003
  0.677419364      0.322580636       1.7246251447960628E-003
  0.709677398      0.322580636       3.7325372287963488E-004
  0.741935492      0.322580636       6.2963708708530948E-005
  0.774193525      0.322580636       8.8092314368132410E-006
  0.806451619      0.322580636       1.3300432430262960E-007
  0.838709652      0.322580636       7.9900863475134014E-008
  0.870967746      0.322580636       3.7340034537259280E-008
  0.903225780      0.322580636      -1.2493309337544670E-008
  0.935483873      0.322580636      -1.2481735118337091E-008
  0.967741907      0.322580636       7.7706754050349156E-007
   1.00000000      0.322580636      -1.3969741021784492E-007
   0.00000000      0.354838699       9.8699431081844213E-007
   3.22580636E-02  0.354838699       5.6725240540391072E-007
   6.45161271E-02  0.354838699      -1.7166680498228730E-007
   9.67741907E-02  0.354838699      -8.8474289145481242E-009
  0.129032254      0.354838699       7.6556755774295144E-008
  0.161290318      0.354838699       6.7628702553932608E-008
  0.193548381      0.354838699      -6.3688408579220219E-008
  0.225806445      0.354838699       1.1442185259875810E-007
  0.258064508      0.354838699       7.4803023212707875E-009
  0.290322572      0.354838699       1.8347108959214760E-007
  0.322580636      0.354838699       3.4518221466873552E-006
  0.354838699      0.354838699       3.5556124776587008E-005
  0.387096763      0.354838699       2.3155967134819966E-004
  0.419354826      0.354838699       1.1527526171122818E-003
  0.451612890      0.354838699       4.5165474463439298E-003
  0.483870953      0.354838699       1.3213864133815102E-002
  0.516129017      0.354838699       2.5528323403493602E-002
  0.548387110      0.354838699       3.2451677885847081E-002
  0.580645144      0.354838699       2.9201724365850008E-002
  0.612903237      0.354838699       1.8836612290371358E-002
  0.645161271      0.354838699       8.2914797563208732E-003
  0.677419364      0.354838699       2.4419582489490516E-003
  0.709677398      0.354838699       5.3306174814957239E-004
  0.741935492      0.354838699       9.5450860041883281E-005
  0.774193525      0.354838699       1.3138311687876296E-005
  0.806451619      0.354838699       1.4625575025500136E-006
  0.838709652      0.354838699      -1.1500099435522619E-007
  0.870967746      0.354838699      -3.3725911969504940E-008
  0.903225780      0.354838699       5.1881364393356301E-008
  0.935483873      0.354838699       4.3179050099104140E-008
  0.967741907      0.354838699      -8.2490359250107233E-007
   1.00000000      0.354838699       2.4988270565995193E-007
   0.00000000      0.387096763      -1.0129821289762360E-006
   3.22580636E-02  0.387096763      -5.9047238397042625E-007
   6.45161271E-02  0.387096763       2.3182248694344783E-007
   9.67741907E-02  0.387096763      -4.0637650032724870E-008
  0.129032254      0.387096763       1.1675339894856498E-008
  0.161290318      0.387096763      -9.9649721761281981E-008
  0.193548381      0.387096763       1.8564319000896253E-007
  0.225806445      0.387096763      -1.5713253340012855E-007
  0.258064508      0.387096763       1.8680106151588371E-007
  0.290322572      0.387096763      -2.9634248364915687E-007
  0.322580636      0.387096763       5.2281783374379911E-007
  0.354838699      0.387096763       6.5203795371418052E-006
  0.387096763      0.387096763       8.8514953931383348E-005
  0.419354826      0.387096763       6.8673790647347526E-004
  0.451612890      0.387096763       3.5306829332673486E-003
  0.483870953      0.387096763       1.1321456623569722E-002
  0.516129017      0.387096763       2.3363415872455395E-002
  0.548387110      0.387096763       3.2129082703960171E-002
  0.580645144      0.387096763       3.0216336006510996E-002
  0.612903237      0.387096763       1.9005545877654330E-002
  0.645161271      0.387096763       7.5242735204497620E-003
  0.677419364      0.387096763       2.0094272140161002E-003
  0.709677398      0.387096763       4.1350599259861831E-004
  0.741935492      0.387096763       6.0046241682826991E-005
  0.774193525      0.387096763       5.7169050925055496E-006
  0.806451619      0.387096763       7.6018522418975094E-008
  0.838709652      0.387096763      -4.2946019213705349E-008
  0.870967746      0.387096763       8.5326271894494423E-008
  0.903225780      0.387096763      -3.3730068427290714E-008
  0.935483873      0.387096763      -1.5156932995792384E-008
  0.967741907      0.387096763       9.1056914525844818E-007
   1.00000000      0.387096763      -3.0039037824853752E-007
   0.00000000      0.419354826       1.1277888212677082E-006
   3.22580636E-02  0.419354826       5.9569024220415711E-007
   6.45161271E-02  0.419354826      -1.0692527201592546E-007
   9.67741907E-02  0.419354826       1.0895599669026985E-009
  0.129032254      0.419354826       1.7261695435491584E-007
  0.161290318      0.419354826      -3.3938768461926581E-008
  0.193548381      0.419354826       3.4317146623037601E-008
  0.225806445      0.419354826      -2.2629650400606031E-008
  0.258064508      0.419354826       1.3269052030103068E-007
  0.290322572      0.419354826      -9.1726281932819369E-008
  0.322580636      0.419354826       2.6146733566634784E-007
  0.354838699      0.419354826      -2.5864400540975718E-007
  0.387096763      0.419354826       8.5380975784224983E-006
  0.419354826      0.419354826       2.1034473111179014E-004
  0.451612890      0.419354826       1.2463724480179066E-003
  0.483870953      0.419354826       4.3999999663233451E-003
  0.516129017      0.419354826       1.0938663879354710E-002
  0.548387110      0.419354826       1.7484574380986322E-002
  0.580645144      0.419354826       1.5912201852669332E-002
  0.612903237      0.419354826       7.7423293699924621E-003
  0.645161271      0.419354826       2.2321472598024281E-003
  0.677419364      0.419354826       4.5299519618627717E-004
  0.709677398      0.419354826       4.4254509486029517E-005
  0.741935492      0.419354826      -6.5606965418384574E-007
  0.774193525      0.419354826      -1.0607308967757958E-007
  0.806451619      0.419354826       2.7800912966952898E-008
  0.838709652      0.419354826       3.7427328668771833E-008
  0.870967746      0.419354826      -8.1647114895435778E-008
  0.903225780      0.419354826       6.4990264584256784E-008
  0.935483873      0.419354826       3.4465243466031326E-008
  0.967741907      0.419354826      -9.3095685495854932E-007
   1.00000000      0.419354826       4.1104919158904672E-007
   0.00000000      0.451612890      -1.1339054712700670E-006
   3.22580636E-02  0.451612890      -5.8512752785092043E-007
   6.45161271E-02  0.451612890       1.3985438914282334E-007
   9.67741907E-02  0.451612890      -1.5714358690074830E-008
  0.129032254      0.451612890      -1.2163828307575073E-007
  0.161290318      0.451612890       5.4706887273658950E-008
  0.193548381      0.451612890       1.6318520992378267E-008
  0.225806445      0.451612890       3.4878872435286205E-008
  0.258064508      0.451612890      -7.7950837050927405E-008
  0.290322572      0.451612890       9.6222304067706749E-008
  0.322580636      0.451612890      -1.4290535780590761E-008
  0.354838699      0.451612890      -1.2834898138783248E-007
  0.387096763      0.451612890       2.2969263252159759E-005
  0.419354826      0.451612890       1.8046942851090319E-004
  0.451612890      0.451612890       5.4661996933347680E-004
  0.483870953      0.451612890       1.2678375850315544E-003
  0.516129017      0.451612890       2.1032913119232114E-003
  0.548387110      0.451612890       1.5735288289649991E-003
  0.580645144      0.451612890      -1.6577398112672554E-004
  0.612903237      0.451612890      -5.6344198045293848E-004
  0.645161271      0.451612890      -2.4225247395863144E-004
  0.677419364      0.451612890      -4.7489848324424866E-005
  0.709677398      0.451612890       1.5287768607325319E-005
  0.741935492      0.451612890       6.9116383448670155E-006
  0.774193525      0.451612890       1.0275708317437289E-006
  0.806451619      0.451612890      -1.4486757414180418E-007
  0.838709652      0.451612890       7.0769338048214677E-009
  0.870967746      0.451612890       8.1964519410818241E-008
  0.903225780      0.451612890      -5.9863891183613186E-008
  0.935483873      0.451612890       2.2962816306823498E-009
  0.967741907      0.451612890       9.9931734998770378E-007
   1.00000000      0.451612890      -4.6481035551908504E-007
   0.00000000      0.483870953       1.1711698366393934E-006
   3.22580636E-02  0.483870953       6.1552350932636150E-007
   6.45161271E-02  0.483870953      -1.0809440166160758E-007
   9.67741907E-02  0.483870953       8.5852942698833174E-008
  0.129032254      0.483870953       1.2612415091150246E-007
  0.161290318      0.483870953       1.3631331387758961E-008
  0.193548381      0.483870953      -1.9288669590551780E-008
  0.225806445      0.483870953       5.7480785463484826E-008
  0.258064508      0.483870953       2.4613466795054506E-008
  0.290322572      0.483870953       2.2811577493310854E-008
  0.322580636      0.483870953       5.6749081415667585E-008
  0.354838699      0.483870953       6.2911422679544883E-006
  0.387096763      0.483870953       8.2383973717205526E-005
  0.419354826      0.483870953       3.8298004830057659E-004
  0.451612890      0.483870953       1.3313575666649914E-003
  0.483870953      0.483870953       3.4351687364267943E-003
  0.516129017      0.483870953       6.4933076109777764E-003
  0.548387110      0.483870953       8.1584853857510145E-003
  0.580645144      0.483870953       6.6673875896762734E-003
  0.612903237      0.483870953       3.7137948012137966E-003
  0.645161271      0.483870953       1.4995270948918291E-003
  0.677419364      0.483870953       4.3070257186476505E-004
  0.709677398      0.483870953       9.7855481709810689E-005
  0.741935492      0.483870953       2.1484182155903049E-005
  0.774193525      0.483870953       2.5796424431226776E-006
  0.806451619      0.483870953       6.1733427272264475E-008
  0.838709652      0.483870953       6.1882468530915619E-010
  0.870967746      0.483870953      -5.8113310517689747E-008
  0.903225780      0.483870953       7.9560862349915858E-008
  0.935483873      0.483870953      -4.9239827299374359E-009
  0.967741907      0.483870953      -9.8539192865180166E-007
   1.00000000      0.483870953       5.6680967316463892E-007
   0.00000000      0.516129017      -1.1303085712941952E-006
   3.22580636E-02  0.516129017      -5.3104015976785185E-007
   6.45161271E-02  0.516129017       9.0248708196830038E-008
   9.67741907E-02  0.516129017      -1.5717747189314673E-009
  0.129032254      0.516129017      -1.5726546698064342E-007
  0.161290318      0.516129017       1.0007203975705159E-007
  0.193548381      0.516129017      -3.3192436947896053E-008
  0.225806445      0.516129017       7.3783641554814510E-008
  0.258064508      0.516129017      -1.5374623357181098E-007
  0.290322572      0.516129017       3.3903531535042240E-007
  0.322580636      0.516129017       4.1950480221951153E-006
  0.354838699      0.516129017       3.7277779047337243E-005
  0.387096763      0.516129017       2.0000205320470804E-004
  0.419354826      0.516129017       8.8071654655469975E-004
  0.451612890      0.516129017       3.1370732483550733E-003
  0.483870953      0.516129017       8.5614211656477434E-003
  0.516129017      0.516129017       1.6483731461643572E-002
  0.548387110      0.516129017       2.1446959382886294E-002
  0.580645144      0.516129017       1.9017163758403698E-002
  0.612903237      0.516129017       1.1461323511046456E-002
  0.645161271      0.516129017       4.7933828144508406E-003
  0.677419364      0.516129017       1.4814162011401763E-003
  0.709677398      0.516129017       3.3143564697757502E-004
  0.741935492      0.516129017       5.0998464524472939E-005
  0.774193525      0.516129017       6.3015732724343767E-006
  0.806451619      0.516129017       7.0170463186417087E-008
  0.838709652      0.516129017       4.3193894747429372E-008
  0.870967746      0.516129017       3.3063064762713733E-008
  0.903225780      0.516129017       1.5608228666114786E-008
  0.935483873      0.516129017      -4.0334579928475645E-009
  0.967741907      0.516129017       1.0732046854580260E-006
   1.00000000      0.516129017      -6.2261369599241789E-007
   0.00000000      0.548387110       1.1160539973872299E-006
   3.22580636E-02  0.548387110       5.2064632711528781E-007
   6.45161271E-02  0.548387110      -7.5589639020297733E-008
   9.67741907E-02  0.548387110       5.7872596087392514E-008
  0.129032254      0.548387110       1.1792746579445785E-007
  0.161290318      0.548387110      -5.4811374405372659E-009
  0.193548381      0.548387110       1.4274032094450582E-008
  0.225806445      0.548387110       5.9328230188079537E-008
  0.258064508      0.548387110      -3.6621497259677535E-009
  0.290322572      0.548387110       9.1891473599988522E-007
  0.322580636      0.548387110       8.8624956638794924E-006
  0.354838699      0.548387110       5.5028029121405139E-005
  0.387096763      0.548387110       2.8671289709949690E-004
  0.419354826      0.548387110       1.3043799114163691E-003
  0.451612890      0.548387110       4.7286673256211878E-003
  0.483870953      0.548387110       1.2713518429280701E-002
  0.516129017      0.548387110       2.3663826228225122E-002
  0.548387110      0.548387110       3.0127771392167369E-002
  0.580645144      0.548387110       2.7587705115804259E-002
  0.612903237      0.548387110       1.8410094501303126E-002
  0.645161271      0.548387110       8.4175626641694746E-003
  0.677419364      0.548387110       2.6384012558302028E-003
  0.709677398      0.548387110       6.2072000180283626E-004
  0.741935492      0.548387110       1.1288124136242745E-004
  0.774193525      0.548387110       1.5587081502800170E-005
  0.806451619      0.548387110       1.7472712480018424E-006
  0.838709652      0.548387110      -5.1042984715975633E-008
  0.870967746      0.548387110       8.6384170129768951E-008
  0.903225780      0.548387110       9.2296670813270234E-009
  0.935483873      0.548387110       5.5941411763144769E-008
  0.967741907      0.548387110      -1.0530384699515517E-006
   1.00000000      0.548387110       7.3369197133700323E-007
   0.00000000      0.580645144      -1.0225753358155421E-006
   3.22580636E-02  0.580645144      -4.6487424724316691E-007
   6.45161271E-02  0.580645144       1.1000851565777176E-007
   9.67741907E-02  0.580645144      -1.4488447494483920E-008
  0.129032254      0.580645144      -6.6954539227721739E-008
  0.161290318      0.580645144       3.4476760203122817E-008
  0.193548381      0.580645144      -2.0895797433000480E-009
  0.225806445      0.580645144      -6.3797746373164327E-009
  0.258064508      0.580645144       9.7940253054601828E-008
  0.290322572      0.580645144       8.9578638711161988E-008
  0.322580636      0.580645144       5.5881713775507044E-006
  0.354838699      0.580645144       3.6986032160757044E-005
  0.387096763      0.580645144       2.3608399907639802E-004
  0.419354826      0.580645144       1.1843904664784789E-003
  0.451612890      0.580645144       4.4874836739760629E-003
  0.483870953      0.580645144       1.2293645682100555E-002
  0.516129017      0.580645144       2.3323684781714021E-002
  0.548387110      0.580645144       3.0631264886432936E-002
  0.580645144      0.580645144       2.8660660528414521E-002
  0.612903237      0.580645144       1.8641591783134046E-002
  0.645161271      0.580645144       8.2631060702965803E-003
  0.677419364      0.580645144       2.6333903194650501E-003
  0.709677398      0.580645144       6.4616195388024435E-004
  0.741935492      0.580645144       1.3212203129851836E-004
  0.774193525      0.580645144       2.3553120954960382E-005
  0.806451619      0.580645144       3.2145375775483235E-006
  0.838709652      0.580645144      -4.0539271423658668E-007
  0.870967746      0.580645144       8.6388670273869663E-007
  0.903225780      0.580645144       9.6173895442257343E-008
  0.935483873      0.580645144       7.9639999398953564E-008
  0.967741907      0.580645144       1.0364433823391308E-006
   1.00000000      0.580645144      -7.3497808948991876E-007
   0.00000000      0.612903237       9.7875186117107760E-007
   3.22580636E-02  0.612903237       4.3417688950420857E-007
   6.45161271E-02  0.612903237      -7.4267997088891253E-008
   9.67741907E-02  0.612903237      -9.8517303215081132E-009
  0.129032254      0.612903237       9.0558974930203240E-008
  0.161290318      0.612903237      -1.6445181187653698E-008
  0.193548381      0.612903237       3.6965710309834787E-008
  0.225806445      0.612903237       7.5345262236842494E-009
  0.258064508      0.612903237      -1.6308723554984376E-008
  0.290322572      0.612903237       1.4981275278871168E-007
  0.322580636      0.612903237       1.3370577713841679E-006
  0.354838699      0.612903237       1.6266229478371394E-005
  0.387096763      0.612903237       1.2984033592877207E-004
  0.419354826      0.612903237       7.1573279976302226E-004
  0.451612890      0.612903237       2.7946195179079001E-003
  0.483870953      0.612903237       7.8373261044910568E-003
  0.516129017      0.612903237       1.5559193222269395E-002
  0.548387110      0.612903237       2.1317129883007671E-002
  0.580645144      0.612903237       1.9590910119283690E-002
  0.612903237      0.612903237       1.1777654698851999E-002
  0.645161271      0.612903237       4.8005531499432747E-003
  0.677419364      0.612903237       1.4535602807124260E-003
  0.709677398      0.612903237       3.4937863775495135E-004
  0.741935492      0.612903237       7.0314219590996704E-005
  0.774193525      0.612903237       1.3982102773156204E-005
  0.806451619      0.612903237       1.8058580446093426E-006
  0.838709652      0.612903237      -5.5927801308553207E-008
  0.870967746      0.612903237       4.9499805071704785E-007
  0.903225780      0.612903237      -9.0237559316174118E-010
  0.935483873      0.612903237       3.8927032244672586E-008
  0.967741907      0.612903237      -9.7297159534755395E-007
   1.00000000      0.612903237       8.3134195304340919E-007
   0.00000000      0.645161271      -8.7179587054725212E-007
   3.22580636E-02  0.645161271      -3.9619924514522007E-007
   6.45161271E-02  0.645161271       1.3217418302067841E-007
   9.67741907E-02  0.645161271       3.1070146790419641E-008
  0.129032254      0.645161271      -4.5755725398541146E-009
  0.161290318      0.645161271      -6.2815277318813759E-009
  0.193548381      0.645161271       3.8153492856711194E-008
  0.225806445      0.645161271      -3.5275799421692543E-008
  0.258064508      0.645161271       1.0321482550985977E-007
  0.290322572      0.645161271      -2.2631490201422021E-007
  0.322580636      0.645161271       7.0132492417182048E-007
  0.354838699      0.645161271       7.5975783286096122E-006
  0.387096763      0.645161271       6.0620464492199531E-005
  0.419354826      0.645161271       3.2464961259569947E-004
  0.451612890      0.645161271       1.2317624081956853E-003
  0.483870953      0.645161271       3.4392900489492303E-003
  0.516129017      0.645161271       6.9024672696761215E-003
  0.548387110      0.645161271       9.4393610227281582E-003
  0.580645144      0.645161271       8.2994100465238474E-003
  0.612903237      0.645161271       4.6623669614152229E-003
  0.645161271      0.645161271       1.7611747893310013E-003
  0.677419364      0.645161271       4.7130099329297214E-004
  0.709677398      0.645161271       9.4496418327693311E-005
  0.741935492      0.645161271       1.6724461640323026E-005
  0.774193525      0.645161271       3.7746158534709660E-006
  0.806451619      0.645161271       2.0878094301573062E-007
  0.838709652      0.645161271      -5.9653033742659005E-008
  0.870967746      0.645161271       4.0158356835233628E-008
  0.903225780      0.645161271       4.9372403574592072E-008
  0.935483873      0.645161271       1.2463590760620330E-008
  0.967741907      0.645161271       1.0040240336854619E-006
   1.00000000      0.645161271      -8.3566907314559325E-007
   0.00000000      0.677419364       8.1712986262643824E-007
   3.22580636E-02  0.677419364       3.6477301839461051E-007
   6.45161271E-02  0.677419364      -9.8638711475592335E-008
   9.67741907E-02  0.677419364      -7.5755047690297062E-008
  0.129032254      0.677419364       1.6272604986856642E-008
  0.161290318      0.677419364      -1.7036823777448567E-008
  0.193548381      0.677419364       1.8998138044877166E-008
  0.225806445      0.677419364       6.3466075372867563E-009
  0.258064508      0.677419364      -2.8664170627985657E-008
  0.290322572      0.677419364       9.8004464852335715E-008
  0.322580636      0.677419364       8.5003144232331386E-008
  0.354838699      0.677419364       4.2680563097261474E-006
  0.387096763      0.677419364       2.7283937597257110E-005
  0.419354826      0.677419364       1.2344327650691894E-004
  0.451612890      0.677419364       4.2404270575953297E-004
  0.483870953      0.677419364       1.0850641505165692E-003
  0.516129017      0.677419364       2.0514148492682548E-003
  0.548387110      0.677419364       2.7367586244026161E-003
  0.580645144      0.677419364       2.3975690488905721E-003
  0.612903237      0.677419364       1.3118067028351482E-003
  0.645161271      0.677419364       4.4621968638711932E-004
  0.677419364      0.677419364       9.8858670802080001E-005
  0.709677398      0.677419364       1.6282082901095495E-005
  0.741935492      0.677419364       4.2167543441094286E-006
  0.774193525      0.677419364       1.0057038476619148E-006
  0.806451619      0.677419364      -2.0117401331357455E-008
  0.838709652      0.677419364       4.0156245416641016E-008
  0.870967746      0.677419364      -2.6869430278967100E-008
  0.903225780      0.677419364       2.4507213866096579E-008
  0.935483873      0.677419364      -3.8428903936148323E-008
  0.967741907      0.677419364      -8.8093972090368737E-007
   1.00000000      0.677419364       8.8115165603909364E-007
   0.00000000      0.709677398      -7.2871291797461926E-007
   3.22580636E-02  0.709677398      -3.2086698366584323E-007
   6.45161271E-02  0.709677398       1.3192295686500083E-007
   9.67741907E-02  0.709677398       1.0516819504172975E-007
  0.129032254      0.709677398       5.9217760685085996E-008
  0.161290318      0.709677398       1.9969046755362535E-008
  0.193548381      0.709677398       1.3258854005109655E-008
  0.225806445      0.709677398      -1.1039747475762484E-008
  0.258064508      0.709677398       5.4132342262260698E-008
  0.290322572      0.709677398      -4.5218473744532356E-008
  0.322580636      0.709677398       1.4766880393591457E-007
  0.354838699      0.709677398       2.0261868119669257E-006
  0.387096763      0.709677398       1.1587385430341620E-005
  0.419354826      0.709677398       4.3852028716695220E-005
  0.451612890      0.709677398       1.1548637842298999E-004
  0.483870953      0.709677398       2.3924716546623183E-004
  0.516129017      0.709677398       4.2328951370033642E-004
  0.548387110      0.709677398       5.9051612299872668E-004
  0.580645144      0.709677398       5.5037012026994050E-004
  0.612903237      0.709677398       2.9822295499663641E-004
  0.645161271      0.709677398       9.0550114692331863E-005
  0.677419364      0.709677398       1.7774815209523228E-005
  0.709677398      0.709677398       4.2695178505716343E-006
  0.741935492      0.709677398       4.6311104322189769E-007
  0.774193525      0.709677398       1.6355728732824149E-007
  0.806451619      0.709677398      -8.8407031624765849E-008
  0.838709652      0.709677398       7.2915978049008389E-008
  0.870967746      0.709677398      -8.7186291002844662E-008
  0.903225780      0.709677398       9.7490525516211425E-008
  0.935483873      0.709677398       1.7074540737465438E-008
  0.967741907      0.709677398       9.0998939558558155E-007
   1.00000000      0.709677398      -8.5273031991980883E-007
   0.00000000      0.741935492       6.8314963977993961E-007
   3.22580636E-02  0.741935492       2.9852197175039946E-007
   6.45161271E-02  0.741935492      -1.1204504176497487E-007
   9.67741907E-02  0.741935492      -1.2569984190092889E-007
  0.129032254      0.741935492      -8.4659822264197035E-008
  0.161290318      0.741935492       9.9967982346801977E-009
  0.193548381      0.741935492      -2.7390897663090241E-008
  0.225806445      0.741935492       5.4418142984039134E-008
  0.258064508      0.741935492      -7.2486899973711340E-008
  0.290322572      0.741935492       6.6672327059936433E-008
  0.322580636      0.741935492      -6.1394788796315076E-008
  0.354838699      0.741935492       8.6264734558535463E-007
  0.387096763      0.741935492       4.9835396749005480E-006
  0.419354826      0.741935492       1.3073226316731301E-005
  0.451612890      0.741935492       2.1273483100249181E-005
  0.483870953      0.741935492       3.5877032469096539E-005
  0.516129017      0.741935492       6.5448605753772298E-005
  0.548387110      0.741935492       1.0416680862506408E-004
  0.580645144      0.741935492       1.0815381228760964E-004
  0.612903237      0.741935492       6.0678219203549095E-005
  0.645161271      0.741935492       1.7990246306867011E-005
  0.677419364      0.741935492       4.6158708397718672E-006
  0.709677398      0.741935492       9.1637405967500119E-008
  0.741935492      0.741935492       1.6547620563039345E-008
  0.774193525      0.741935492      -6.1563994337745003E-008
  0.806451619      0.741935492       3.8157920068811558E-008
  0.838709652      0.741935492      -6.3599926735548717E-008
  0.870967746      0.741935492       1.0307274739039367E-007
  0.903225780      0.741935492      -8.5973639391654310E-008
  0.935483873      0.741935492       1.4149083338664480E-008
  0.967741907      0.741935492      -8.3885779428766226E-007
   1.00000000      0.741935492       8.5955541283129956E-007
   0.00000000      0.774193525      -6.1637829359999046E-007
   3.22580636E-02  0.774193525      -2.7076766544786182E-007
   6.45161271E-02  0.774193525       1.3286516678735033E-007
   9.67741907E-02  0.774193525       1.4941449887585771E-007
  0.129032254      0.774193525       1.2456662432275814E-007
  0.161290318      0.774193525      -6.1627216998280193E-009
  0.193548381      0.774193525       3.5625465472813112E-008
  0.225806445      0.774193525      -5.6854474729681356E-008
  0.258064508      0.774193525       7.9478912363119654E-008
  0.290322572      0.774193525      -6.7098456556494197E-008
  0.322580636      0.774193525       2.7018984059834355E-008
  0.354838699      0.774193525      -9.7984131491995777E-008
  0.387096763      0.774193525       1.1673728692831862E-006
  0.419354826      0.774193525       2.0302565367268561E-006
  0.451612890      0.774193525       2.4168332975910781E-006
  0.483870953      0.774193525       4.2376081219409494E-006
  0.516129017      0.774193525       8.1675413312414072E-006
  0.548387110      0.774193525       1.5416632976338163E-005
  0.580645144      0.774193525       1.8835715794911569E-005
  0.612903237      0.774193525       1.2010512814037295E-005
  0.645161271      0.774193525       3.9648866115504577E-006
  0.677419364      0.774193525       2.8206526377637722E-008
  0.709677398      0.774193525       4.7670257352293273E-008
  0.741935492      0.774193525      -8.1825176158282026E-008
  0.774193525      0.774193525       1.0838407899496429E-007
  0.806451619      0.774193525      -1.0621995553619777E-007
  0.838709652      0.774193525       1.2126990127239085E-007
  0.870967746      0.774193525      -1.4897979742231843E-007
  0.903225780      0.774193525       1.4093898875176199E-007
  0.935483873      0.774193525      -1.5165981797942619E-008
  0.967741907      0.774193525       8.1948772869447565E-007
   1.00000000      0.774193525      -7.8668282284729009E-007
   0.00000000      0.806451619       5.8897644779108049E-007
   3.22580636E-02  0.806451619       2.5962421839210224E-007
   6.45161271E-02  0.806451619      -1.1289305660543875E-007
   9.67741907E-02  0.806451619      -1.4773995613083938E-007
  0.129032254      0.806451619      -1.2405949630066238E-007
  0.161290318      0.806451619       2.2988417465734814E-008
  0.193548381      0.806451619      -3.9050668899580128E-008
  0.225806445      0.806451619       7.5191588286473812E-008
  0.258064508      0.806451619      -7.6274680364742132E-008
  0.290322572      0.806451619       6.4014903752540757E-008
  0.322580636      0.806451619      -5.1338349730646215E-008
  0.354838699      0.806451619       4.1458834064955854E-008
  0.387096763      0.806451619      -1.2422280426110602E-007
  0.419354826      0.806451619      -2.3826399333997131E-007
  0.451612890      0.806451619       6.3186295909676095E-008
  0.483870953      0.806451619       3.9296465885719274E-008
  0.516129017      0.806451619       9.5480434285755736E-007
  0.548387110      0.806451619       1.9293071946694016E-006
  0.580645144      0.806451619       2.7542010904819992E-006
  0.612903237      0.806451619       2.3483551805485210E-006
  0.645161271      0.806451619       5.2733825466684702E-008
  0.677419364      0.806451619      -3.9823923380428925E-008
  0.709677398      0.806451619      -9.4123813279477422E-008
  0.741935492      0.806451619       1.2765724167012905E-007
  0.774193525      0.806451619      -1.7812194375200135E-007
  0.806451619      0.806451619       1.6791316820163183E-007
  0.838709652      0.806451619      -1.7539349581189927E-007
  0.870967746      0.806451619       2.0777462989456716E-007
  0.903225780      0.806451619      -1.4715578200158144E-007
  0.935483873      0.806451619       4.4081762611223601E-008
  0.967741907      0.806451619      -7.1525769571221751E-007
   1.00000000      0.806451619       7.5752319064960450E-007
   0.00000000      0.838709652      -5.3749557757173103E-007
   3.22580636E-02  0.838709652      -2.2744433004219366E-007
   6.45161271E-02  0.838709652       1.1064166360725465E-007
   9.67741907E-02  0.838709652       1.4718395669764196E-007
  0.129032254      0.838709652       1.4965725143588886E-007
  0.161290318      0.838709652      -3.9459226935815502E-008
  0.193548381      0.838709652       7.9397703010528542E-008
  0.225806445      0.838709652      -1.1605668623511169E-007
  0.258064508      0.838709652       1.2370415409789698E-007
  0.290322572      0.838709652      -1.1906419071455838E-007
  0.322580636      0.838709652       8.3787608707921646E-008
  0.354838699      0.838709652      -1.0411720396020550E-007
  0.387096763      0.838709652       9.7905451299073461E-008
  0.419354826      0.838709652       2.5098764734486829E-007
  0.451612890      0.838709652       4.0183756255789942E-007
  0.483870953      0.838709652      -5.2279926033155184E-008
  0.516129017      0.838709652       6.6716351075685838E-008
  0.548387110      0.838709652      -3.2056415328272719E-007
  0.580645144      0.838709652       2.1637795995861968E-007
  0.612903237      0.838709652      -7.8900793455677577E-008
  0.645161271      0.838709652      -8.4957117442319002E-008
  0.677419364      0.838709652       4.9892369246303274E-008
  0.709677398      0.838709652       1.3290863000983469E-008
  0.741935492      0.838709652      -2.0895120905556705E-008
  0.774193525      0.838709652       4.9216531882490920E-008
  0.806451619      0.838709652      -2.4675601162541720E-009
  0.838709652      0.838709652       1.3301484234221928E-008
  0.870967746      0.838709652      -2.7772469037222793E-008
  0.903225780      0.838709652       3.1299049932816428E-008
  0.935483873      0.838709652       7.8365512251557197E-008
  0.967741907      0.838709652       5.9637178686177371E-007
   1.00000000      0.838709652      -6.3081849848613321E-007
   0.00000000      0.870967746       4.8757391245457899E-007
   3.22580636E-02  0.870967746       2.2622690948786175E-007
   6.45161271E-02  0.870967746      -1.1133145173161616E-007
   9.67741907E-02  0.870967746      -8.7467524889479032E-008
  0.129032254      0.870967746      -1.8985998771218177E-007
  0.161290318      0.870967746       9.8880458494477138E-008
  0.193548381      0.870967746      -1.2106338416583155E-007
  0.225806445      0.870967746       1.5294402010237994E-007
  0.258064508      0.870967746      -1.5221964380389483E-007
  0.290322572      0.870967746       1.5810688198469911E-007
  0.322580636      0.870967746      -1.4609025959416428E-007
  0.354838699      0.870967746       1.6403205181186382E-007
  0.387096763      0.870967746      -1.8528068174874061E-007
  0.419354826      0.870967746       1.5811656473822502E-007
  0.451612890      0.870967746      -1.5498676231006670E-007
  0.483870953      0.870967746       2.4456257588998650E-008
  0.516129017      0.870967746      -1.1727870157412968E-007
  0.548387110      0.870967746       2.8678007841532402E-007
  0.580645144      0.870967746      -1.4750608154367760E-007
  0.612903237      0.870967746       2.2100192734046686E-007
  0.645161271      0.870967746      -4.2131969744533626E-008
  0.677419364      0.870967746       3.8260462853865983E-008
  0.709677398      0.870967746      -7.6867149457651909E-008
  0.741935492      0.870967746       9.2835370314037984E-008
  0.774193525      0.870967746      -1.2228892438505409E-007
  0.806451619      0.870967746       8.9526391387037312E-008
  0.838709652      0.870967746      -7.0749342096033357E-008
  0.870967746      0.870967746       9.5536483187428163E-008
  0.903225780      0.870967746      -4.9952135491076546E-008
  0.935483873      0.870967746      -1.6146933168331613E-008
  0.967741907      0.870967746      -4.9551904606865976E-007
   1.00000000      0.870967746       5.7960984517367411E-007
   0.00000000      0.903225780      -3.9978347235157558E-007
   3.22580636E-02  0.903225780      -2.1610951375920540E-007
   6.45161271E-02  0.903225780       1.3664009151080322E-007
   9.67741907E-02  0.903225780       5.4691236092533088E-008
  0.129032254      0.903225780       2.1429668492502006E-007
  0.161290318      0.903225780      -1.1634642691277696E-007
  0.193548381      0.903225780       1.5695196777046151E-007
  0.225806445      0.903225780      -1.5938163263972926E-007
  0.258064508      0.903225780       1.6566080854320949E-007
  0.290322572      0.903225780      -1.5085926621301161E-007
  0.322580636      0.903225780       1.3692494683834030E-007
  0.354838699      0.903225780      -1.4275113645119714E-007
  0.387096763      0.903225780       1.4839726951892497E-007
  0.419354826      0.903225780      -1.2942372935332775E-007
  0.451612890      0.903225780       2.0074434263696474E-007
  0.483870953      0.903225780       2.7179105220575736E-007
  0.516129017      0.903225780       3.8329951764263866E-008
  0.548387110      0.903225780      -5.1349472152819478E-008
  0.580645144      0.903225780       5.7668094764390994E-008
  0.612903237      0.903225780      -5.7575925457225048E-008
  0.645161271      0.903225780       1.7884722741192708E-008
  0.677419364      0.903225780      -7.7651717136663924E-009
  0.709677398      0.903225780       8.4800993063833522E-008
  0.741935492      0.903225780      -9.7529877768196736E-008
  0.774193525      0.903225780       1.7676359281598118E-007
  0.806451619      0.903225780      -1.4063036981888170E-007
  0.838709652      0.903225780       1.7876463872405823E-007
  0.870967746      0.903225780      -1.5801414149486472E-007
  0.903225780      0.903225780       1.7648145475142035E-007
  0.935483873      0.903225780      -4.8094830599966301E-008
  0.967741907      0.903225780       4.9781209538130031E-007
   1.00000000      0.903225780      -4.7413053091626216E-007
   0.00000000      0.935483873       3.2586279835798288E-007
   3.22580636E-02  0.935483873       1.7510927862496001E-007
   6.45161271E-02  0.935483873      -1.0274908894050043E-007
   9.67741907E-02  0.935483873      -3.7921082387817839E-008
  0.129032254      0.935483873      -1.9399681137841516E-007
  0.161290318      0.935483873       1.4104695242890031E-007
  0.193548381      0.935483873      -1.9189697227696023E-007
  0.225806445      0.935483873       2.1573340449046302E-007
  0.258064508      0.935483873      -2.4281612789969117E-007
  0.290322572      0.935483873       2.5690896790263489E-007
  0.322580636      0.935483873      -2.6482881377189181E-007
  0.354838699      0.935483873       2.7467087533656548E-007
  0.387096763      0.935483873      -2.8523583601157096E-007
  0.419354826      0.935483873       3.2896979579429473E-007
  0.451612890      0.935483873      -8.8461606160062852E-008
  0.483870953      0.935483873       3.0316048435205959E-007
  0.516129017      0.935483873      -3.3044171244895976E-007
  0.548387110      0.935483873       3.5390040252375244E-007
  0.580645144      0.935483873      -2.9464247211631013E-007
  0.612903237      0.935483873       2.8772972064347488E-007
  0.645161271      0.935483873      -1.6924653228996066E-007
  0.677419364      0.935483873       1.6977099620289092E-007
  0.709677398      0.935483873      -1.5821284876422268E-007
  0.741935492      0.935483873       1.8374302793435474E-007
  0.774193525      0.935483873      -1.9253517269950965E-007
  0.806451619      0.935483873       1.8114629439484645E-007
  0.838709652      0.935483873      -1.4245354595226142E-007
  0.870967746      0.935483873       1.5053559298171796E-007
  0.903225780      0.935483873      -1.0891262089891663E-007
  0.935483873      0.935483873       4.5889102878825119E-008
  0.967741907      0.935483873      -3.2630475411063848E-007
   1.00000000      0.935483873       3.8036772166882691E-007
   0.00000000      0.967741907      -2.8051830506946747E-007
   3.22580636E-02  0.967741907       8.2444824049992922E-008
   6.45161271E-02  0.967741907      -2.4253263524824340E-007
   9.67741907E-02  0.967741907       4.9128278052330518E-007
  0.129032254      0.967741907      -4.3609340747943574E-007
  0.161290318      0.967741907       6.1604735615791188E-007
  0.193548381      0.967741907      -6.8672663126422649E-007
  0.225806445      0.967741907       7.9651319710013606E-007
  0.258064508      0.967741907      -8.7080932236075570E-007
  0.290322572      0.967741907       9.7639244815167926E-007
  0.322580636      0.967741907      -1.0555635070810263E-006
  0.354838699      0.967741907       1.1404528456506484E-006
  0.387096763      0.967741907      -1.2264855204714922E-006
  0.419354826      0.967741907       1.3575164069786828E-006
  0.451612890      0.967741907      -1.6343643881906535E-006
  0.483870953      0.967741907       2.2045003510364634E-006
  0.516129017      0.967741907      -8.2223951268143558E-007
  0.548387110      0.967741907       1.8122968120393632E-006
  0.580645144      0.967741907      -1.7146999110940159E-006
  0.612903237      0.967741907       1.7601418168401400E-006
  0.645161271      0.967741907      -1.7017862871403856E-006
  0.677419364      0.967741907       1.6898779454102600E-006
  0.709677398      0.967741907      -1.5686068748268988E-006
  0.741935492      0.967741907       1.4865866830179854E-006
  0.774193525      0.967741907      -1.3338913588665524E-006
  0.806451619      0.967741907       1.2469907779752350E-006
  0.838709652      0.967741907      -1.0700001884482570E-006
  0.870967746      0.967741907       9.3502982514693642E-007
  0.903225780      0.967741907      -7.1475584880994556E-007
  0.935483873      0.967741907       6.0766726916390710E-007
  0.967741907      0.967741907      -1.5025640658542072E-007
   1.00000000      0.967741907      -8.1140784018631730E-008
   0.00000000       1.00000000       1.6643855599996718E-007
   3.22580636E-02   1.00000000      -1.7596846790136575E-007
   6.45161271E-02   1.00000000       3.1029863008302953E-007
   9.67741907E-02   1.00000000      -4.5897833769150812E-007
  0.129032254       1.00000000       5.2075243663663420E-007
  0.161290318       1.00000000      -6.5806423580868053E-007
  0.193548381       1.00000000       7.6417708899776651E-007
  0.225806445       1.00000000      -8.5663364057581568E-007
  0.258064508       1.00000000       9.4272653921338667E-007
  0.290322572       1.00000000      -1.0133537466211126E-006
  0.322580636       1.00000000       1.0806855746941793E-006
  0.354838699       1.00000000      -1.1484647234553019E-006
  0.387096763       1.00000000       1.2189383458516977E-006
  0.419354826       1.00000000      -1.2767175172136616E-006
  0.451612890       1.00000000       1.7909188886369910E-006
  0.483870953       1.00000000      -1.1318428014671654E-006
  0.516129017       1.00000000       2.0004163967992968E-006
  0.548387110       1.00000000      -1.0381907098496123E-006
  0.580645144       1.00000000       1.1017307309552823E-006
  0.612903237       1.00000000      -1.0106338825126358E-006
  0.645161271       1.00000000       1.0332281760282109E-006
  0.677419364       1.00000000      -9.4841543079485822E-007
  0.709677398       1.00000000       9.1661054547889651E-007
  0.741935492       1.00000000      -8.0301372596309827E-007
  0.774193525       1.00000000       7.4005572008161439E-007
  0.806451619       1.00000000      -6.2762690508166278E-007
  0.838709652       1.00000000       5.6674403200342537E-007
  0.870967746       1.00000000      -4.4788917637790523E-007
  0.903225780       1.00000000       3.8623171849095207E-007
  0.935483873       1.00000000      -2.7676058528407759E-007
  0.967741907       1.00000000       1.2779425353324928E-007
   1.00000000       1.00000000       3.6764771973328030E-008
